        Grid            PU    Cell/Diam.      Distance
        Size        Spread                       Error
 1.60000E+01   5.00000E-01   8.00000E+00   1.21498E-03
 1.60000E+01   6.00000E-01   8.00000E+00   1.11453E-03
 1.60000E+01   7.00000E-01   8.00000E+00   1.11453E-03
 1.60000E+01   8.00000E-01   8.00000E+00   5.38455E-02
 1.60000E+01   9.00000E-01   8.00000E+00   4.91539E-02
 1.60000E+01   1.00000E+00   8.00000E+00   4.72256E-02
 1.60000E+01   1.10000E+00   8.00000E+00   4.39642E-02
 1.60000E+01   1.20000E+00   8.00000E+00   4.39627E-02
 1.60000E+01   1.30000E+00   8.00000E+00   4.12950E-02
 1.60000E+01   1.40000E+00   8.00000E+00   4.13189E-02
 1.60000E+01   1.50000E+00   8.00000E+00   3.90644E-02
 1.60000E+01   1.60000E+00   8.00000E+00   4.97886E-02
 1.60000E+01   1.70000E+00   8.00000E+00   4.97983E-02
 1.60000E+01   1.80000E+00   8.00000E+00   4.59624E-02
 1.60000E+01   1.90000E+00   8.00000E+00   4.52334E-02
 1.60000E+01   2.00000E+00   8.00000E+00   4.51718E-02
 1.60000E+01   2.10000E+00   8.00000E+00   4.36321E-02
 1.60000E+01   2.20000E+00   8.00000E+00   4.44508E-02
 1.60000E+01   2.30000E+00   8.00000E+00   4.58334E-02
 1.60000E+01   2.40000E+00   8.00000E+00   4.52748E-02
 1.60000E+01   2.50000E+00   8.00000E+00   4.50007E-02
 1.60000E+01   2.60000E+00   8.00000E+00   4.19325E-02
 1.60000E+01   2.70000E+00   8.00000E+00   4.13257E-02
 1.60000E+01   2.80000E+00   8.00000E+00   3.93858E-02
 1.60000E+01   2.90000E+00   8.00000E+00   3.86300E-02
 1.60000E+01   3.00000E+00   8.00000E+00   3.65457E-02
 1.60000E+01   3.10000E+00   8.00000E+00   3.54307E-02
 1.60000E+01   3.20000E+00   8.00000E+00   3.46977E-02
 1.60000E+01   3.30000E+00   8.00000E+00   3.27562E-02
 1.60000E+01   3.40000E+00   8.00000E+00   3.21366E-02
 1.60000E+01   3.50000E+00   8.00000E+00   3.53914E-02
 1.60000E+01   3.60000E+00   8.00000E+00   3.04764E-02
 1.60000E+01   3.70000E+00   8.00000E+00   2.98971E-02
 1.60000E+01   3.80000E+00   8.00000E+00   2.91187E-02
 1.60000E+01   3.90000E+00   8.00000E+00   2.87259E-02
 1.60000E+01   4.00000E+00   8.00000E+00   2.77466E-02
 1.60000E+01   4.10000E+00   8.00000E+00   2.74267E-02
 1.60000E+01   4.20000E+00   8.00000E+00   2.71573E-02
 1.60000E+01   4.30000E+00   8.00000E+00   2.69241E-02
 1.60000E+01   4.40000E+00   8.00000E+00   2.66776E-02
 1.60000E+01   4.50000E+00   8.00000E+00   2.63881E-02
 1.60000E+01   4.60000E+00   8.00000E+00   2.55558E-02
 1.60000E+01   4.70000E+00   8.00000E+00   2.53145E-02
 1.60000E+01   4.80000E+00   8.00000E+00   2.51186E-02
 1.60000E+01   4.90000E+00   8.00000E+00   2.49659E-02
 1.60000E+01   5.00000E+00   8.00000E+00   2.48545E-02
 3.20000E+01   5.00000E-01   1.60000E+01   3.44771E-04
 3.20000E+01   6.00000E-01   1.60000E+01   3.13644E-04
 3.20000E+01   7.00000E-01   1.60000E+01   3.47910E-04
 3.20000E+01   8.00000E-01   1.60000E+01   3.70197E-04
 3.20000E+01   9.00000E-01   1.60000E+01   3.55708E-04
 3.20000E+01   1.00000E+00   1.60000E+01   2.83871E-04
 3.20000E+01   1.10000E+00   1.60000E+01   2.83264E-04
 3.20000E+01   1.20000E+00   1.60000E+01   2.40653E-04
 3.20000E+01   1.30000E+00   1.60000E+01   3.40907E-04
 3.20000E+01   1.40000E+00   1.60000E+01   3.05034E-04
 3.20000E+01   1.50000E+00   1.60000E+01   3.82597E-04
 3.20000E+01   1.60000E+00   1.60000E+01   9.79966E-04
 3.20000E+01   1.70000E+00   1.60000E+01   4.84823E-04
 3.20000E+01   1.80000E+00   1.60000E+01   4.48516E-04
 3.20000E+01   1.90000E+00   1.60000E+01   5.71521E-04
 3.20000E+01   2.00000E+00   1.60000E+01   4.00673E+00
 3.20000E+01   2.10000E+00   1.60000E+01   4.01163E+00
 3.20000E+01   2.20000E+00   1.60000E+01   7.48396E-04
 3.20000E+01   2.30000E+00   1.60000E+01   1.89182E-03
 3.20000E+01   2.40000E+00   1.60000E+01   1.38362E-03
 3.20000E+01   2.50000E+00   1.60000E+01   1.06484E-03
 3.20000E+01   2.60000E+00   1.60000E+01   1.18430E-03
 3.20000E+01   2.70000E+00   1.60000E+01   1.44146E-03
 3.20000E+01   2.80000E+00   1.60000E+01   1.38428E-03
 3.20000E+01   2.90000E+00   1.60000E+01   1.52924E-03
 3.20000E+01   3.00000E+00   1.60000E+01   1.99443E-03
 3.20000E+01   3.10000E+00   1.60000E+01   1.76047E-03
 3.20000E+01   3.20000E+00   1.60000E+01   1.88954E-03
 3.20000E+01   3.30000E+00   1.60000E+01   1.88261E-03
 3.20000E+01   3.40000E+00   1.60000E+01   2.27568E-03
 3.20000E+01   3.50000E+00   1.60000E+01   2.25274E-03
 3.20000E+01   3.60000E+00   1.60000E+01   2.26678E-03
 3.20000E+01   3.70000E+00   1.60000E+01   3.57972E-03
 3.20000E+01   3.80000E+00   1.60000E+01   3.87963E-03
 3.20000E+01   3.90000E+00   1.60000E+01   3.09639E-03
 3.20000E+01   4.00000E+00   1.60000E+01   2.88233E-03
 3.20000E+01   4.10000E+00   1.60000E+01   2.78587E-03
 3.20000E+01   4.20000E+00   1.60000E+01   2.97682E-03
 3.20000E+01   4.30000E+00   1.60000E+01   2.84114E-03
 3.20000E+01   4.40000E+00   1.60000E+01   3.52421E-03
 3.20000E+01   4.50000E+00   1.60000E+01   3.15008E-03
 3.20000E+01   4.60000E+00   1.60000E+01   3.10045E-03
 3.20000E+01   4.70000E+00   1.60000E+01   3.07693E-03
 3.20000E+01   4.80000E+00   1.60000E+01   3.06304E-03
 3.20000E+01   4.90000E+00   1.60000E+01   3.10507E-03
 3.20000E+01   5.00000E+00   1.60000E+01   3.15835E-03
 6.40000E+01   5.00000E-01   3.20000E+01   8.17873E-05
 6.40000E+01   6.00000E-01   3.20000E+01   8.13356E-05
 6.40000E+01   7.00000E-01   3.20000E+01   8.22264E-05
 6.40000E+01   8.00000E-01   3.20000E+01   8.24591E-05
 6.40000E+01   9.00000E-01   3.20000E+01   8.53218E-05
 6.40000E+01   1.00000E+00   3.20000E+01   1.30985E-04
 6.40000E+01   1.10000E+00   3.20000E+01   9.44838E-05
 6.40000E+01   1.20000E+00   3.20000E+01   8.04810E-05
 6.40000E+01   1.30000E+00   3.20000E+01   7.65080E-05
 6.40000E+01   1.40000E+00   3.20000E+01   1.08082E-04
 6.40000E+01   1.50000E+00   3.20000E+01   3.13327E-04
 6.40000E+01   1.60000E+00   3.20000E+01   1.38064E-04
 6.40000E+01   1.70000E+00   3.20000E+01   9.92258E-05
 6.40000E+01   1.80000E+00   3.20000E+01   9.60409E-05
 6.40000E+01   1.90000E+00   3.20000E+01   1.25394E-04
 6.40000E+01   2.00000E+00   3.20000E+01   1.77596E-04
 6.40000E+01   2.10000E+00   3.20000E+01   1.38110E-02
 6.40000E+01   2.20000E+00   3.20000E+01   1.98676E-04
 6.40000E+01   2.30000E+00   3.20000E+01   2.49147E+00
 6.40000E+01   2.40000E+00   3.20000E+01   3.65257E-04
 6.40000E+01   2.50000E+00   3.20000E+01   3.82665E-04
 6.40000E+01   2.60000E+00   3.20000E+01   4.23282E-04
 6.40000E+01   2.70000E+00   3.20000E+01   3.90460E-04
 6.40000E+01   2.80000E+00   3.20000E+01   3.72994E-04
 6.40000E+01   2.90000E+00   3.20000E+01   4.97182E-04
 6.40000E+01   3.00000E+00   3.20000E+01   3.78645E-04
 6.40000E+01   3.10000E+00   3.20000E+01   3.74306E-04
 6.40000E+01   3.20000E+00   3.20000E+01   5.53322E-04
 6.40000E+01   3.30000E+00   3.20000E+01   8.06118E-04
 6.40000E+01   3.40000E+00   3.20000E+01   4.86290E-04
 6.40000E+01   3.50000E+00   3.20000E+01   6.70936E-04
 6.40000E+01   3.60000E+00   3.20000E+01   5.99003E-04
 6.40000E+01   3.70000E+00   3.20000E+01   7.00006E-04
 6.40000E+01   3.80000E+00   3.20000E+01   9.25219E-04
 6.40000E+01   3.90000E+00   3.20000E+01   7.60556E-04
 6.40000E+01   4.00000E+00   3.20000E+01   8.51849E-04
 6.40000E+01   4.10000E+00   3.20000E+01   4.74756E-03
 6.40000E+01   4.20000E+00   3.20000E+01   6.96072E-04
 6.40000E+01   4.30000E+00   3.20000E+01   7.14017E-04
 6.40000E+01   4.40000E+00   3.20000E+01   7.55912E-04
 6.40000E+01   4.50000E+00   3.20000E+01   7.84681E-04
 6.40000E+01   4.60000E+00   3.20000E+01   8.09226E-04
 6.40000E+01   4.70000E+00   3.20000E+01   8.19920E-04
 6.40000E+01   4.80000E+00   3.20000E+01   8.19405E-04
 6.40000E+01   4.90000E+00   3.20000E+01   8.13711E-04
 6.40000E+01   5.00000E+00   3.20000E+01   8.16758E-04
 1.28000E+02   5.00000E-01   6.40000E+01   2.05989E-05
 1.28000E+02   6.00000E-01   6.40000E+01   1.97341E-05
 1.28000E+02   7.00000E-01   6.40000E+01   2.04197E-05
 1.28000E+02   8.00000E-01   6.40000E+01   2.61083E-05
 1.28000E+02   9.00000E-01   6.40000E+01   2.39282E-05
 1.28000E+02   1.00000E+00   6.40000E+01   4.75363E-05
 1.28000E+02   1.10000E+00   6.40000E+01   2.19480E-05
 1.28000E+02   1.20000E+00   6.40000E+01   1.98339E-05
 1.28000E+02   1.30000E+00   6.40000E+01   2.10534E-05
 1.28000E+02   1.40000E+00   6.40000E+01   4.18775E-05
 1.28000E+02   1.50000E+00   6.40000E+01   3.06429E-05
 1.28000E+02   1.60000E+00   6.40000E+01   3.38071E-05
 1.28000E+02   1.70000E+00   6.40000E+01   2.90926E-05
 1.28000E+02   1.80000E+00   6.40000E+01   3.17835E-05
 1.28000E+02   1.90000E+00   6.40000E+01   3.58496E-05
 1.28000E+02   2.00000E+00   6.40000E+01   3.89925E-05
 1.28000E+02   2.10000E+00   6.40000E+01   3.68984E-05
 1.28000E+02   2.20000E+00   6.40000E+01   4.32237E-05
 1.28000E+02   2.30000E+00   6.40000E+01   6.13167E-05
 1.28000E+02   2.40000E+00   6.40000E+01   5.87796E-05
 1.28000E+02   2.50000E+00   6.40000E+01   1.00443E-04
 1.28000E+02   2.60000E+00   6.40000E+01   1.18078E-04
 1.28000E+02   2.70000E+00   6.40000E+01   9.07739E-05
 1.28000E+02   2.80000E+00   6.40000E+01   9.20329E-05
 1.28000E+02   2.90000E+00   6.40000E+01   1.03232E-04
 1.28000E+02   3.00000E+00   6.40000E+01   1.13146E-04
 1.28000E+02   3.10000E+00   6.40000E+01   1.27990E-04
 1.28000E+02   3.20000E+00   6.40000E+01   1.34892E-04
 1.28000E+02   3.30000E+00   6.40000E+01   1.23681E-02
 1.28000E+02   3.40000E+00   6.40000E+01      Infinity
 1.28000E+02   3.50000E+00   6.40000E+01   1.59204E-04
 1.28000E+02   3.60000E+00   6.40000E+01   1.99584E+00
 1.28000E+02   3.70000E+00   6.40000E+01   2.07400E-04
 1.28000E+02   3.80000E+00   6.40000E+01   2.37730E-04
 1.28000E+02   3.90000E+00   6.40000E+01   1.79374E+00
 1.28000E+02   4.00000E+00   6.40000E+01   1.95734E-04
 1.28000E+02   4.10000E+00   6.40000E+01   1.90296E-04
 1.28000E+02   4.20000E+00   6.40000E+01   2.11182E-04
 1.28000E+02   4.30000E+00   6.40000E+01   2.09957E-04
 1.28000E+02   4.40000E+00   6.40000E+01   1.89847E-04
 1.28000E+02   4.50000E+00   6.40000E+01   1.94316E-04
 1.28000E+02   4.60000E+00   6.40000E+01   2.03457E-04
 1.28000E+02   4.70000E+00   6.40000E+01   2.10209E-04
 1.28000E+02   4.80000E+00   6.40000E+01   2.13044E-04
 1.28000E+02   4.90000E+00   6.40000E+01   2.10608E-04
 1.28000E+02   5.00000E+00   6.40000E+01   2.09894E-04
 2.56000E+02   5.00000E-01   1.28000E+02   4.92716E-06
 2.56000E+02   6.00000E-01   1.28000E+02   5.08402E-06
 2.56000E+02   7.00000E-01   1.28000E+02   5.97066E-06
 2.56000E+02   8.00000E-01   1.28000E+02   6.06080E-06
 2.56000E+02   9.00000E-01   1.28000E+02   6.13830E-06
 2.56000E+02   1.00000E+00   1.28000E+02   5.52984E-06
 2.56000E+02   1.10000E+00   1.28000E+02   5.10808E-06
 2.56000E+02   1.20000E+00   1.28000E+02   5.20107E-06
 2.56000E+02   1.30000E+00   1.28000E+02   6.20548E-06
 2.56000E+02   1.40000E+00   1.28000E+02   6.52943E-06
 2.56000E+02   1.50000E+00   1.28000E+02   1.35561E-05
 2.56000E+02   1.60000E+00   1.28000E+02   2.54304E-05
 2.56000E+02   1.70000E+00   1.28000E+02   1.05661E-05
 2.56000E+02   1.80000E+00   1.28000E+02   7.54255E-06
 2.56000E+02   1.90000E+00   1.28000E+02   8.75928E-06
 2.56000E+02   2.00000E+00   1.28000E+02   1.07471E-05
 2.56000E+02   2.10000E+00   1.28000E+02   1.09893E-05
 2.56000E+02   2.20000E+00   1.28000E+02   1.43515E-05
 2.56000E+02   2.30000E+00   1.28000E+02   1.69916E-05
 2.56000E+02   2.40000E+00   1.28000E+02   2.06434E-05
 2.56000E+02   2.50000E+00   1.28000E+02   2.38311E-05
 2.56000E+02   2.60000E+00   1.28000E+02   2.61423E-05
 2.56000E+02   2.70000E+00   1.28000E+02   2.61195E-05
 2.56000E+02   2.80000E+00   1.28000E+02   2.26691E-05
 2.56000E+02   2.90000E+00   1.28000E+02   4.19711E-05
 2.56000E+02   3.00000E+00   1.28000E+02   3.07176E-05
 2.56000E+02   3.10000E+00   1.28000E+02   2.99974E-05
 2.56000E+02   3.20000E+00   1.28000E+02   2.84307E-05
 2.56000E+02   3.30000E+00   1.28000E+02   2.94292E-05
 2.56000E+02   3.40000E+00   1.28000E+02   3.16839E-05
 2.56000E+02   3.50000E+00   1.28000E+02   3.53723E-05
 2.56000E+02   3.60000E+00   1.28000E+02   4.27924E-05
 2.56000E+02   3.70000E+00   1.28000E+02   4.76147E-05
 2.56000E+02   3.80000E+00   1.28000E+02   5.72482E-05
 2.56000E+02   3.90000E+00   1.28000E+02   4.82986E-05
 2.56000E+02   4.00000E+00   1.28000E+02   5.14233E-05
 2.56000E+02   4.10000E+00   1.28000E+02   8.07429E-04
 2.56000E+02   4.20000E+00   1.28000E+02   4.65090E-05
 2.56000E+02   4.30000E+00   1.28000E+02   4.70110E-05
 2.56000E+02   4.40000E+00   1.28000E+02   4.71192E-05
 2.56000E+02   4.50000E+00   1.28000E+02   4.87362E-05
 2.56000E+02   4.60000E+00   1.28000E+02   5.10470E-05
 2.56000E+02   4.70000E+00   1.28000E+02   5.38304E-05
 2.56000E+02   4.80000E+00   1.28000E+02   5.44227E-05
 2.56000E+02   4.90000E+00   1.28000E+02   5.42472E-05
 2.56000E+02   5.00000E+00   1.28000E+02   5.38791E-05
 5.12000E+02   5.00000E-01   2.56000E+02   1.28862E-06
 5.12000E+02   6.00000E-01   2.56000E+02   1.35980E-06
 5.12000E+02   7.00000E-01   2.56000E+02   1.37895E-06
 5.12000E+02   8.00000E-01   2.56000E+02   1.91386E-06
 5.12000E+02   9.00000E-01   2.56000E+02   1.53723E-06
 5.12000E+02   1.00000E+00   2.56000E+02   1.46492E-06
 5.12000E+02   1.10000E+00   2.56000E+02   1.41054E-06
 5.12000E+02   1.20000E+00   2.56000E+02   1.37286E-06
 5.12000E+02   1.30000E+00   2.56000E+02   1.47384E-06
 5.12000E+02   1.40000E+00   2.56000E+02   1.95583E-06
 5.12000E+02   1.50000E+00   2.56000E+02   3.72677E-06
 5.12000E+02   1.60000E+00   2.56000E+02   3.56234E-06
 5.12000E+02   1.70000E+00   2.56000E+02   2.07291E-06
 5.12000E+02   1.80000E+00   2.56000E+02   2.29722E-06
 5.12000E+02   1.90000E+00   2.56000E+02   2.10245E-06
 5.12000E+02   2.00000E+00   2.56000E+02   2.43113E-06
 5.12000E+02   2.10000E+00   2.56000E+02   2.60546E-06
 5.12000E+02   2.20000E+00   2.56000E+02   3.07337E-06
 5.12000E+02   2.30000E+00   2.56000E+02   5.09156E-06
 5.12000E+02   2.40000E+00   2.56000E+02   4.63044E-06
 5.12000E+02   2.50000E+00   2.56000E+02   5.90844E-06
 5.12000E+02   2.60000E+00   2.56000E+02   6.95500E-06
 5.12000E+02   2.70000E+00   2.56000E+02   6.20725E-06
 5.12000E+02   2.80000E+00   2.56000E+02   5.55005E-06
 5.12000E+02   2.90000E+00   2.56000E+02   6.68543E-06
 5.12000E+02   3.00000E+00   2.56000E+02   8.03865E-06
 5.12000E+02   3.10000E+00   2.56000E+02   7.17915E-06
 5.12000E+02   3.20000E+00   2.56000E+02   7.35241E-06
 5.12000E+02   3.30000E+00   2.56000E+02   9.79023E-06
 5.12000E+02   3.40000E+00   2.56000E+02   7.63840E-06
 5.12000E+02   3.50000E+00   2.56000E+02   2.57836E-04
 5.12000E+02   3.60000E+00   2.56000E+02   1.04235E-05
 5.12000E+02   3.70000E+00   2.56000E+02   1.11072E-05
 5.12000E+02   3.80000E+00   2.56000E+02   1.33732E-05
 5.12000E+02   3.90000E+00   2.56000E+02   1.19235E-05
 5.12000E+02   4.00000E+00   2.56000E+02   1.19988E-05
 5.12000E+02   4.10000E+00   2.56000E+02   1.19232E-05
 5.12000E+02   4.20000E+00   2.56000E+02   1.17019E-05
 5.12000E+02   4.30000E+00   2.56000E+02   1.18059E-05
 5.12000E+02   4.40000E+00   2.56000E+02   1.19840E-05
 5.12000E+02   4.50000E+00   2.56000E+02   1.21802E-05
 5.12000E+02   4.60000E+00   2.56000E+02   1.28250E-05
 5.12000E+02   4.70000E+00   2.56000E+02   1.34313E-05
 5.12000E+02   4.80000E+00   2.56000E+02   1.37641E-05
 5.12000E+02   4.90000E+00   2.56000E+02   1.36815E-05
 5.12000E+02   5.00000E+00   2.56000E+02   1.36472E-05
