        Grid            PU    Cell/Diam.      Distance
        Size        Spread                       Error
 1.60000E+01   5.00000E-01   8.00000E+00   1.90569E-02
 1.60000E+01   6.00000E-01   8.00000E+00   2.77990E-02
 1.60000E+01   7.00000E-01   8.00000E+00   2.77990E-02
 1.60000E+01   8.00000E-01   8.00000E+00   2.73647E-02
 1.60000E+01   9.00000E-01   8.00000E+00   2.94058E-02
 1.60000E+01   1.00000E+00   8.00000E+00   2.93644E-02
 1.60000E+01   1.10000E+00   8.00000E+00   2.83186E-02
 1.60000E+01   1.20000E+00   8.00000E+00   2.86336E-02
 1.60000E+01   1.30000E+00   8.00000E+00   2.81734E-02
 1.60000E+01   1.40000E+00   8.00000E+00   4.64218E-02
 1.60000E+01   1.50000E+00   8.00000E+00   4.77064E-02
 1.60000E+01   1.60000E+00   8.00000E+00   7.13312E-02
 1.60000E+01   1.70000E+00   8.00000E+00   7.62959E-02
 1.60000E+01   1.80000E+00   8.00000E+00   6.89391E-02
 1.60000E+01   1.90000E+00   8.00000E+00   7.75137E-02
 1.60000E+01   2.00000E+00   8.00000E+00   6.37567E-02
 1.60000E+01   2.10000E+00   8.00000E+00   7.13124E-02
 1.60000E+01   2.20000E+00   8.00000E+00   1.04767E-01
 1.60000E+01   2.30000E+00   8.00000E+00   7.01073E-02
 1.60000E+01   2.40000E+00   8.00000E+00   6.85488E-02
 1.60000E+01   2.50000E+00   8.00000E+00   7.01983E-02
 1.60000E+01   2.60000E+00   8.00000E+00   8.36090E-02
 1.60000E+01   2.70000E+00   8.00000E+00   8.38607E-02
 1.60000E+01   2.80000E+00   8.00000E+00   1.06366E-01
 1.60000E+01   2.90000E+00   8.00000E+00   1.02967E-01
 1.60000E+01   3.00000E+00   8.00000E+00   1.12092E-01
 1.60000E+01   3.10000E+00   8.00000E+00   1.01431E-01
 1.60000E+01   3.20000E+00   8.00000E+00   1.03315E-01
 1.60000E+01   3.30000E+00   8.00000E+00   1.04050E-01
 1.60000E+01   3.40000E+00   8.00000E+00   1.02644E-01
 1.60000E+01   3.50000E+00   8.00000E+00   1.05735E-01
 1.60000E+01   3.60000E+00   8.00000E+00   1.67235E+00
 1.60000E+01   3.70000E+00   8.00000E+00   1.15584E-01
 1.60000E+01   3.80000E+00   8.00000E+00   5.07620E+01
 1.60000E+01   3.90000E+00   8.00000E+00   9.23212E-01
 1.60000E+01   4.00000E+00   8.00000E+00   1.22020E-01
 1.60000E+01   4.10000E+00   8.00000E+00   1.08187E-01
 1.60000E+01   4.20000E+00   8.00000E+00   1.01201E-01
 1.60000E+01   4.30000E+00   8.00000E+00   1.00034E-01
 1.60000E+01   4.40000E+00   8.00000E+00   1.00323E-01
 1.60000E+01   4.50000E+00   8.00000E+00   1.00706E-01
 1.60000E+01   4.60000E+00   8.00000E+00   9.71973E-02
 1.60000E+01   4.70000E+00   8.00000E+00   9.40907E-02
 1.60000E+01   4.80000E+00   8.00000E+00   8.91019E-02
 1.60000E+01   4.90000E+00   8.00000E+00   8.52875E-02
 1.60000E+01   5.00000E+00   8.00000E+00   8.22709E-02
 3.20000E+01   5.00000E-01   1.60000E+01   1.39773E-02
 3.20000E+01   6.00000E-01   1.60000E+01   1.91048E-02
 3.20000E+01   7.00000E-01   1.60000E+01   1.90722E-02
 3.20000E+01   8.00000E-01   1.60000E+01   1.90318E-02
 3.20000E+01   9.00000E-01   1.60000E+01   1.87490E-02
 3.20000E+01   1.00000E+00   1.60000E+01   1.91529E-02
 3.20000E+01   1.10000E+00   1.60000E+01   2.09086E-02
 3.20000E+01   1.20000E+00   1.60000E+01   2.15741E-02
 3.20000E+01   1.30000E+00   1.60000E+01   2.22814E-02
 3.20000E+01   1.40000E+00   1.60000E+01   2.38962E-02
 3.20000E+01   1.50000E+00   1.60000E+01   2.94415E+00
 3.20000E+01   1.60000E+00   1.60000E+01   2.31228E+00
 3.20000E+01   1.70000E+00   1.60000E+01   4.20380E-02
 3.20000E+01   1.80000E+00   1.60000E+01   4.63862E-02
 3.20000E+01   1.90000E+00   1.60000E+01   4.66327E-02
 3.20000E+01   2.00000E+00   1.60000E+01   4.91343E-02
 3.20000E+01   2.10000E+00   1.60000E+01   4.47870E-02
 3.20000E+01   2.20000E+00   1.60000E+01   4.27790E-02
 3.20000E+01   2.30000E+00   1.60000E+01   5.86990E-02
 3.20000E+01   2.40000E+00   1.60000E+01   4.53624E-02
 3.20000E+01   2.50000E+00   1.60000E+01   5.35542E-02
 3.20000E+01   2.60000E+00   1.60000E+01   7.52324E-02
 3.20000E+01   2.70000E+00   1.60000E+01   7.36412E-02
 3.20000E+01   2.80000E+00   1.60000E+01   6.34476E-02
 3.20000E+01   2.90000E+00   1.60000E+01   6.11560E-02
 3.20000E+01   3.00000E+00   1.60000E+01   6.28049E-02
 3.20000E+01   3.10000E+00   1.60000E+01   6.42604E-02
 3.20000E+01   3.20000E+00   1.60000E+01   6.60865E-02
 3.20000E+01   3.30000E+00   1.60000E+01   6.86962E-02
 3.20000E+01   3.40000E+00   1.60000E+01   7.10229E-02
 3.20000E+01   3.50000E+00   1.60000E+01   5.46576E+01
 3.20000E+01   3.60000E+00   1.60000E+01   7.56497E-02
 3.20000E+01   3.70000E+00   1.60000E+01   6.98925E-02
 3.20000E+01   3.80000E+00   1.60000E+01   6.89598E-02
 3.20000E+01   3.90000E+00   1.60000E+01   6.87895E-02
 3.20000E+01   4.00000E+00   1.60000E+01   6.86619E-02
 3.20000E+01   4.10000E+00   1.60000E+01   6.83583E-02
 3.20000E+01   4.20000E+00   1.60000E+01   6.85284E-02
 3.20000E+01   4.30000E+00   1.60000E+01   6.84465E-02
 3.20000E+01   4.40000E+00   1.60000E+01   6.89853E-02
 3.20000E+01   4.50000E+00   1.60000E+01   6.83809E-02
 3.20000E+01   4.60000E+00   1.60000E+01   6.77085E-02
 3.20000E+01   4.70000E+00   1.60000E+01   6.70094E-02
 3.20000E+01   4.80000E+00   1.60000E+01   6.66825E-02
 3.20000E+01   4.90000E+00   1.60000E+01   6.79092E-02
 3.20000E+01   5.00000E+00   1.60000E+01   6.63334E-02
 6.40000E+01   5.00000E-01   3.20000E+01   8.54582E-03
 6.40000E+01   6.00000E-01   3.20000E+01   1.14181E-02
 6.40000E+01   7.00000E-01   3.20000E+01   3.18082E+00
 6.40000E+01   8.00000E-01   3.20000E+01   2.09160E+00
 6.40000E+01   9.00000E-01   3.20000E+01   2.11062E+00
 6.40000E+01   1.00000E+00   3.20000E+01   2.57717E-01
 6.40000E+01   1.10000E+00   3.20000E+01   1.23838E-02
 6.40000E+01   1.20000E+00   3.20000E+01   3.84373E+00
 6.40000E+01   1.30000E+00   3.20000E+01   3.67908E+00
 6.40000E+01   1.40000E+00   3.20000E+01   4.33623E+02
 6.40000E+01   1.50000E+00   3.20000E+01   4.15460E+02
 6.40000E+01   1.60000E+00   3.20000E+01   2.45970E-02
 6.40000E+01   1.70000E+00   3.20000E+01   2.46797E-02
 6.40000E+01   1.80000E+00   3.20000E+01   2.56345E-02
 6.40000E+01   1.90000E+00   3.20000E+01   2.63699E-02
 6.40000E+01   2.00000E+00   3.20000E+01   2.60409E-02
 6.40000E+01   2.10000E+00   3.20000E+01   2.60391E-02
 6.40000E+01   2.20000E+00   3.20000E+01   2.61205E-02
 6.40000E+01   2.30000E+00   3.20000E+01   2.70553E-02
 6.40000E+01   2.40000E+00   3.20000E+01   2.79068E-02
 6.40000E+01   2.50000E+00   3.20000E+01   3.32332E-02
 6.40000E+01   2.60000E+00   3.20000E+01   3.84167E-02
 6.40000E+01   2.70000E+00   3.20000E+01   4.11757E-02
 6.40000E+01   2.80000E+00   3.20000E+01   3.99495E-02
 6.40000E+01   2.90000E+00   3.20000E+01   3.87419E-02
 6.40000E+01   3.00000E+00   3.20000E+01   3.90212E-02
 6.40000E+01   3.10000E+00   3.20000E+01   3.92420E-02
 6.40000E+01   3.20000E+00   3.20000E+01   3.98643E-02
 6.40000E+01   3.30000E+00   3.20000E+01   4.07284E-02
 6.40000E+01   3.40000E+00   3.20000E+01   4.15728E-02
 6.40000E+01   3.50000E+00   3.20000E+01   4.77461E-02
 6.40000E+01   3.60000E+00   3.20000E+01   4.82013E-02
 6.40000E+01   3.70000E+00   3.20000E+01   4.83122E-02
 6.40000E+01   3.80000E+00   3.20000E+01   4.44134E-02
 6.40000E+01   3.90000E+00   3.20000E+01   4.29444E-02
 6.40000E+01   4.00000E+00   3.20000E+01   4.28355E-02
 6.40000E+01   4.10000E+00   3.20000E+01   4.31870E-02
 6.40000E+01   4.20000E+00   3.20000E+01   4.30238E-02
 6.40000E+01   4.30000E+00   3.20000E+01   4.26877E-02
 6.40000E+01   4.40000E+00   3.20000E+01   4.23154E-02
 6.40000E+01   4.50000E+00   3.20000E+01   4.21406E-02
 6.40000E+01   4.60000E+00   3.20000E+01   4.20007E-02
 6.40000E+01   4.70000E+00   3.20000E+01   4.18521E-02
 6.40000E+01   4.80000E+00   3.20000E+01   4.17965E-02
 6.40000E+01   4.90000E+00   3.20000E+01   4.15328E-02
 6.40000E+01   5.00000E+00   3.20000E+01   4.13650E-02
 1.28000E+02   5.00000E-01   6.40000E+01   4.95728E-03
 1.28000E+02   6.00000E-01   6.40000E+01   6.50780E-03
 1.28000E+02   7.00000E-01   6.40000E+01   6.74052E-03
 1.28000E+02   8.00000E-01   6.40000E+01   6.70378E-03
 1.28000E+02   9.00000E-01   6.40000E+01   6.74200E-03
 1.28000E+02   1.00000E+00   6.40000E+01   6.87217E-03
 1.28000E+02   1.10000E+00   6.40000E+01   6.98092E-03
 1.28000E+02   1.20000E+00   6.40000E+01   7.32459E-03
 1.28000E+02   1.30000E+00   6.40000E+01   7.62502E-03
 1.28000E+02   1.40000E+00   6.40000E+01   8.66106E-03
 1.28000E+02   1.50000E+00   6.40000E+01   1.16595E-02
 1.28000E+02   1.60000E+00   6.40000E+01   1.38380E-02
 1.28000E+02   1.70000E+00   6.40000E+01   1.43316E-02
 1.28000E+02   1.80000E+00   6.40000E+01   1.44779E-02
 1.28000E+02   1.90000E+00   6.40000E+01   1.49209E-02
 1.28000E+02   2.00000E+00   6.40000E+01   1.50401E-02
 1.28000E+02   2.10000E+00   6.40000E+01   1.51214E-02
 1.28000E+02   2.20000E+00   6.40000E+01   1.52852E-02
 1.28000E+02   2.30000E+00   6.40000E+01   1.54815E-02
 1.28000E+02   2.40000E+00   6.40000E+01   1.62356E-02
 1.28000E+02   2.50000E+00   6.40000E+01   1.90838E-02
 1.28000E+02   2.60000E+00   6.40000E+01   2.15301E-02
 1.28000E+02   2.70000E+00   6.40000E+01   2.23986E-02
 1.28000E+02   2.80000E+00   6.40000E+01   2.27509E-02
 1.28000E+02   2.90000E+00   6.40000E+01   2.25646E-02
 1.28000E+02   3.00000E+00   6.40000E+01   2.25898E-02
 1.28000E+02   3.10000E+00   6.40000E+01   2.26548E-02
 1.28000E+02   3.20000E+00   6.40000E+01   2.28679E-02
 1.28000E+02   3.30000E+00   6.40000E+01   2.30894E-02
 1.28000E+02   3.40000E+00   6.40000E+01   2.38417E-02
 1.28000E+02   3.50000E+00   6.40000E+01   2.66029E-02
 1.28000E+02   3.60000E+00   6.40000E+01   2.65755E-02
 1.28000E+02   3.70000E+00   6.40000E+01   2.76363E-02
 1.28000E+02   3.80000E+00   6.40000E+01   2.64201E-02
 1.28000E+02   3.90000E+00   6.40000E+01   2.57208E-02
 1.28000E+02   4.00000E+00   6.40000E+01   2.54026E-02
 1.28000E+02   4.10000E+00   6.40000E+01   2.53969E-02
 1.28000E+02   4.20000E+00   6.40000E+01   2.53169E-02
 1.28000E+02   4.30000E+00   6.40000E+01   2.52262E-02
 1.28000E+02   4.40000E+00   6.40000E+01   2.50258E-02
 1.28000E+02   4.50000E+00   6.40000E+01   2.49177E-02
 1.28000E+02   4.60000E+00   6.40000E+01   2.48434E-02
 1.28000E+02   4.70000E+00   6.40000E+01   2.47938E-02
 1.28000E+02   4.80000E+00   6.40000E+01   2.47309E-02
 1.28000E+02   4.90000E+00   6.40000E+01   2.46673E-02
 1.28000E+02   5.00000E+00   6.40000E+01   2.46175E-02
