        Grid            PU    Cell/Diam.        Radius       Tangent     Curvature
        Size        Spread                       Error         Error         Error
 1.60000E+01   5.00000E-01   8.00000E+00   2.56317E-03   3.67930E-03   3.02176E-02
 1.60000E+01   6.00000E-01   8.00000E+00   2.56317E-03   3.67930E-03   3.02176E-02
 1.60000E+01   7.00000E-01   8.00000E+00   2.56317E-03   3.67921E-03   3.02509E-02
 1.60000E+01   8.00000E-01   8.00000E+00   2.56313E-03   3.66449E-03   3.20039E-02
 1.60000E+01   9.00000E-01   8.00000E+00   2.56288E-03   3.62493E-03   3.52155E-02
 1.60000E+01   1.00000E+00   8.00000E+00   2.56259E-03   3.50263E-03   3.83275E-02
 1.60000E+01   1.10000E+00   8.00000E+00   2.56353E-03   3.10293E-03   4.18362E-02
 1.60000E+01   1.20000E+00   8.00000E+00   2.56693E-03   2.54569E-03   4.42403E-02
 1.60000E+01   1.30000E+00   8.00000E+00   2.57284E-03   2.02343E-03   4.43989E-02
 1.60000E+01   1.40000E+00   8.00000E+00   2.58057E-03   1.65508E-03   4.34024E-02
 1.60000E+01   1.50000E+00   8.00000E+00   2.58956E-03   1.42426E-03   4.18689E-02
 1.60000E+01   1.60000E+00   8.00000E+00   2.59954E-03   1.29297E-03   3.92142E-02
 1.60000E+01   1.70000E+00   8.00000E+00   2.61010E-03   1.24264E-03   3.54899E-02
 1.60000E+01   1.80000E+00   8.00000E+00   2.62053E-03   1.25330E-03   3.14368E-02
 1.60000E+01   1.90000E+00   8.00000E+00   2.63009E-03   1.30416E-03   2.71786E-02
 1.60000E+01   2.00000E+00   8.00000E+00   2.63800E-03   1.37448E-03   2.30386E-02
 1.60000E+01   2.10000E+00   8.00000E+00   2.64345E-03   1.45817E-03   1.95686E-02
 1.60000E+01   2.20000E+00   8.00000E+00   2.64595E-03   1.54919E-03   1.65704E-02
 1.60000E+01   2.30000E+00   8.00000E+00   2.64511E-03   1.63391E-03   1.39907E-02
 1.60000E+01   2.40000E+00   8.00000E+00   2.64062E-03   1.70507E-03   1.19216E-02
 1.60000E+01   2.50000E+00   8.00000E+00   2.63228E-03   1.75558E-03   1.01850E-02
 1.60000E+01   2.60000E+00   8.00000E+00   2.61983E-03   1.79119E-03   8.35712E-03
 1.60000E+01   2.70000E+00   8.00000E+00   2.60270E-03   1.82706E-03   7.10980E-03
 1.60000E+01   2.80000E+00   8.00000E+00   2.58037E-03   1.87732E-03   6.53466E-03
 1.60000E+01   2.90000E+00   8.00000E+00   2.55236E-03   1.94982E-03   7.18897E-03
 1.60000E+01   3.00000E+00   8.00000E+00   2.51853E-03   2.03654E-03   8.55917E-03
 1.60000E+01   3.10000E+00   8.00000E+00   2.47911E-03   2.12121E-03   9.71867E-03
 1.60000E+01   3.20000E+00   8.00000E+00   2.43436E-03   2.18825E-03   1.01428E-02
 1.60000E+01   3.30000E+00   8.00000E+00   2.38413E-03   2.23454E-03   9.70490E-03
 1.60000E+01   3.40000E+00   8.00000E+00   2.32760E-03   2.26642E-03   8.81205E-03
 1.60000E+01   3.50000E+00   8.00000E+00   2.26352E-03   2.29571E-03   8.28226E-03
 1.60000E+01   3.60000E+00   8.00000E+00   2.19093E-03   2.32457E-03   8.25075E-03
 1.60000E+01   3.70000E+00   8.00000E+00   2.10942E-03   2.34843E-03   8.53862E-03
 1.60000E+01   3.80000E+00   8.00000E+00   2.01897E-03   2.35491E-03   8.88765E-03
 1.60000E+01   3.90000E+00   8.00000E+00   1.91943E-03   2.33552E-03   9.29984E-03
 1.60000E+01   4.00000E+00   8.00000E+00   1.81054E-03   2.28556E-03   9.77518E-03
 1.60000E+01   4.10000E+00   8.00000E+00   1.69201E-03   2.21446E-03   1.02024E-02
 1.60000E+01   4.20000E+00   8.00000E+00   1.56333E-03   2.13894E-03   1.04721E-02
 1.60000E+01   4.30000E+00   8.00000E+00   1.42373E-03   2.06795E-03   1.07470E-02
 1.60000E+01   4.40000E+00   8.00000E+00   1.27248E-03   2.00250E-03   1.10602E-02
 1.60000E+01   4.50000E+00   8.00000E+00   1.10922E-03   1.94452E-03   1.13187E-02
 1.60000E+01   4.60000E+00   8.00000E+00   9.33931E-04   1.90006E-03   1.15140E-02
 1.60000E+01   4.70000E+00   8.00000E+00   7.46978E-04   1.87131E-03   1.17176E-02
 1.60000E+01   4.80000E+00   8.00000E+00   5.49215E-04   1.85715E-03   1.19596E-02
 1.60000E+01   4.90000E+00   8.00000E+00   3.42339E-04   1.85594E-03   1.22008E-02
 1.60000E+01   5.00000E+00   8.00000E+00   1.34177E-04   1.86660E-03   1.23705E-02
 3.20000E+01   5.00000E-01   1.60000E+01   6.55141E-04   8.24998E-04   1.15584E-02
 3.20000E+01   6.00000E-01   1.60000E+01   6.55140E-04   8.25331E-04   1.14602E-02
 3.20000E+01   7.00000E-01   1.60000E+01   6.55079E-04   8.29936E-04   1.14994E-02
 3.20000E+01   8.00000E-01   1.60000E+01   6.54902E-04   8.34825E-04   1.29502E-02
 3.20000E+01   9.00000E-01   1.60000E+01   6.54747E-04   8.34861E-04   1.49013E-02
 3.20000E+01   1.00000E+00   1.60000E+01   6.54752E-04   8.08658E-04   1.40951E-02
 3.20000E+01   1.10000E+00   1.60000E+01   6.54957E-04   7.29044E-04   1.39109E-02
 3.20000E+01   1.20000E+00   1.60000E+01   6.55341E-04   6.22882E-04   1.39117E-02
 3.20000E+01   1.30000E+00   1.60000E+01   6.55849E-04   5.23450E-04   1.31705E-02
 3.20000E+01   1.40000E+00   1.60000E+01   6.56434E-04   4.49605E-04   1.22811E-02
 3.20000E+01   1.50000E+00   1.60000E+01   6.57078E-04   3.95777E-04   1.15251E-02
 3.20000E+01   1.60000E+00   1.60000E+01   6.57772E-04   3.57393E-04   1.09000E-02
 3.20000E+01   1.70000E+00   1.60000E+01   6.58482E-04   3.35946E-04   1.06278E-02
 3.20000E+01   1.80000E+00   1.60000E+01   6.59149E-04   3.30664E-04   1.06744E-02
 3.20000E+01   1.90000E+00   1.60000E+01   6.59722E-04   3.38147E-04   1.08066E-02
 3.20000E+01   2.00000E+00   1.60000E+01   6.60165E-04   3.55069E-04   1.09702E-02
 3.20000E+01   2.10000E+00   1.60000E+01   6.60427E-04   3.78938E-04   1.10740E-02
 3.20000E+01   2.20000E+00   1.60000E+01   6.60462E-04   4.07215E-04   1.09041E-02
 3.20000E+01   2.30000E+00   1.60000E+01   6.60242E-04   4.38552E-04   1.06166E-02
 3.20000E+01   2.40000E+00   1.60000E+01   6.59738E-04   4.71967E-04   1.02146E-02
 3.20000E+01   2.50000E+00   1.60000E+01   6.58924E-04   5.07042E-04   9.65932E-03
 3.20000E+01   2.60000E+00   1.60000E+01   6.57790E-04   5.42900E-04   9.13944E-03
 3.20000E+01   2.70000E+00   1.60000E+01   6.56339E-04   5.78456E-04   8.59339E-03
 3.20000E+01   2.80000E+00   1.60000E+01   6.54583E-04   6.12954E-04   8.07554E-03
 3.20000E+01   2.90000E+00   1.60000E+01   6.52551E-04   6.46079E-04   7.55559E-03
 3.20000E+01   3.00000E+00   1.60000E+01   6.50256E-04   6.78163E-04   7.11985E-03
 3.20000E+01   3.10000E+00   1.60000E+01   6.47696E-04   7.09577E-04   6.86882E-03
 3.20000E+01   3.20000E+00   1.60000E+01   6.44843E-04   7.40237E-04   6.85277E-03
 3.20000E+01   3.30000E+00   1.60000E+01   6.41650E-04   7.69721E-04   7.03762E-03
 3.20000E+01   3.40000E+00   1.60000E+01   6.38063E-04   7.96981E-04   7.29230E-03
 3.20000E+01   3.50000E+00   1.60000E+01   6.34030E-04   8.21170E-04   7.57186E-03
 3.20000E+01   3.60000E+00   1.60000E+01   6.29504E-04   8.42890E-04   7.90641E-03
 3.20000E+01   3.70000E+00   1.60000E+01   6.24440E-04   8.63793E-04   8.35945E-03
 3.20000E+01   3.80000E+00   1.60000E+01   6.18786E-04   8.85333E-04   8.87422E-03
 3.20000E+01   3.90000E+00   1.60000E+01   6.12488E-04   9.07063E-04   9.35107E-03
 3.20000E+01   4.00000E+00   1.60000E+01   6.05497E-04   9.27941E-04   9.71126E-03
 3.20000E+01   4.10000E+00   1.60000E+01   5.97780E-04   9.47253E-04   9.99293E-03
 3.20000E+01   4.20000E+00   1.60000E+01   5.89321E-04   9.64935E-04   1.02165E-02
 3.20000E+01   4.30000E+00   1.60000E+01   5.80126E-04   9.80633E-04   1.03858E-02
 3.20000E+01   4.40000E+00   1.60000E+01   5.70212E-04   9.93697E-04   1.05096E-02
 3.20000E+01   4.50000E+00   1.60000E+01   5.59603E-04   1.00342E-03   1.06009E-02
 3.20000E+01   4.60000E+00   1.60000E+01   5.48323E-04   1.00939E-03   1.06594E-02
 3.20000E+01   4.70000E+00   1.60000E+01   5.36407E-04   1.01165E-03   1.06974E-02
 3.20000E+01   4.80000E+00   1.60000E+01   5.23893E-04   1.01052E-03   1.07161E-02
 3.20000E+01   4.90000E+00   1.60000E+01   5.10823E-04   1.00619E-03   1.07059E-02
 3.20000E+01   5.00000E+00   1.60000E+01   4.97238E-04   9.98852E-04   1.06599E-02
 6.40000E+01   5.00000E-01   3.20000E+01   1.64488E-04   2.39711E-04   7.49267E-03
 6.40000E+01   6.00000E-01   3.20000E+01   1.64488E-04   2.39751E-04   7.43753E-03
 6.40000E+01   7.00000E-01   3.20000E+01   1.64483E-04   2.40119E-04   7.26123E-03
 6.40000E+01   8.00000E-01   3.20000E+01   1.64469E-04   2.40736E-04   7.28566E-03
 6.40000E+01   9.00000E-01   3.20000E+01   1.64452E-04   2.40918E-04   7.34451E-03
 6.40000E+01   1.00000E+00   3.20000E+01   1.64443E-04   2.32054E-04   5.32140E-03
 6.40000E+01   1.10000E+00   3.20000E+01   1.64451E-04   2.06705E-04   4.97642E-03
 6.40000E+01   1.20000E+00   3.20000E+01   1.64474E-04   1.75240E-04   5.61027E-03
 6.40000E+01   1.30000E+00   3.20000E+01   1.64510E-04   1.48141E-04   5.77562E-03
 6.40000E+01   1.40000E+00   3.20000E+01   1.64553E-04   1.29852E-04   5.79976E-03
 6.40000E+01   1.50000E+00   3.20000E+01   1.64600E-04   1.17829E-04   6.06114E-03
 6.40000E+01   1.60000E+00   3.20000E+01   1.64652E-04   1.11110E-04   6.58721E-03
 6.40000E+01   1.70000E+00   3.20000E+01   1.64705E-04   1.09788E-04   7.17280E-03
 6.40000E+01   1.80000E+00   3.20000E+01   1.64754E-04   1.12896E-04   7.73746E-03
 6.40000E+01   1.90000E+00   3.20000E+01   1.64796E-04   1.19365E-04   8.20576E-03
 6.40000E+01   2.00000E+00   3.20000E+01   1.64827E-04   1.28172E-04   8.51816E-03
 6.40000E+01   2.10000E+00   3.20000E+01   1.64843E-04   1.38392E-04   8.65534E-03
 6.40000E+01   2.20000E+00   3.20000E+01   1.64841E-04   1.49161E-04   8.59057E-03
 6.40000E+01   2.30000E+00   3.20000E+01   1.64820E-04   1.60407E-04   8.40534E-03
 6.40000E+01   2.40000E+00   3.20000E+01   1.64777E-04   1.71902E-04   8.14765E-03
 6.40000E+01   2.50000E+00   3.20000E+01   1.64713E-04   1.83535E-04   7.79555E-03
 6.40000E+01   2.60000E+00   3.20000E+01   1.64628E-04   1.95172E-04   7.43228E-03
 6.40000E+01   2.70000E+00   3.20000E+01   1.64522E-04   2.06442E-04   7.08387E-03
 6.40000E+01   2.80000E+00   3.20000E+01   1.64395E-04   2.16930E-04   6.76283E-03
 6.40000E+01   2.90000E+00   3.20000E+01   1.64250E-04   2.26378E-04   6.48256E-03
 6.40000E+01   3.00000E+00   3.20000E+01   1.64086E-04   2.34673E-04   6.22441E-03
 6.40000E+01   3.10000E+00   3.20000E+01   1.63905E-04   2.41897E-04   6.01063E-03
 6.40000E+01   3.20000E+00   3.20000E+01   1.63706E-04   2.48227E-04   5.86112E-03
 6.40000E+01   3.30000E+00   3.20000E+01   1.63484E-04   2.53861E-04   5.81032E-03
 6.40000E+01   3.40000E+00   3.20000E+01   1.63236E-04   2.58955E-04   5.82691E-03
 6.40000E+01   3.50000E+00   3.20000E+01   1.62958E-04   2.63510E-04   5.87881E-03
 6.40000E+01   3.60000E+00   3.20000E+01   1.62647E-04   2.67458E-04   5.93536E-03
 6.40000E+01   3.70000E+00   3.20000E+01   1.62302E-04   2.70792E-04   5.98825E-03
 6.40000E+01   3.80000E+00   3.20000E+01   1.61921E-04   2.73627E-04   6.01941E-03
 6.40000E+01   3.90000E+00   3.20000E+01   1.61502E-04   2.76070E-04   6.02313E-03
 6.40000E+01   4.00000E+00   3.20000E+01   1.61042E-04   2.78153E-04   6.00018E-03
 6.40000E+01   4.10000E+00   3.20000E+01   1.60539E-04   2.79848E-04   5.95168E-03
 6.40000E+01   4.20000E+00   3.20000E+01   1.59991E-04   2.81116E-04   5.88232E-03
 6.40000E+01   4.30000E+00   3.20000E+01   1.59401E-04   2.81955E-04   5.80057E-03
 6.40000E+01   4.40000E+00   3.20000E+01   1.58768E-04   2.82416E-04   5.71241E-03
 6.40000E+01   4.50000E+00   3.20000E+01   1.58094E-04   2.82545E-04   5.62029E-03
 6.40000E+01   4.60000E+00   3.20000E+01   1.57380E-04   2.82363E-04   5.52637E-03
 6.40000E+01   4.70000E+00   3.20000E+01   1.56628E-04   2.81871E-04   5.43120E-03
 6.40000E+01   4.80000E+00   3.20000E+01   1.55839E-04   2.81072E-04   5.33513E-03
 6.40000E+01   4.90000E+00   3.20000E+01   1.55016E-04   2.79974E-04   5.23925E-03
 6.40000E+01   5.00000E+00   3.20000E+01   1.54161E-04   2.78592E-04   5.14505E-03
 1.28000E+02   5.00000E-01   6.40000E+01   4.12247E-05   7.89451E-05   4.76480E-03
 1.28000E+02   6.00000E-01   6.40000E+01   4.12247E-05   7.89630E-05   4.92607E-03
 1.28000E+02   7.00000E-01   6.40000E+01   4.12245E-05   7.90610E-05   5.65471E-03
 1.28000E+02   8.00000E-01   6.40000E+01   4.12241E-05   7.92956E-05   6.23876E-03
 1.28000E+02   9.00000E-01   6.40000E+01   4.12240E-05   7.95390E-05   6.35124E-03
 1.28000E+02   1.00000E+00   6.40000E+01   4.12247E-05   7.67225E-05   4.75205E-03
 1.28000E+02   1.10000E+00   6.40000E+01   4.12266E-05   6.80331E-05   3.76938E-03
 1.28000E+02   1.20000E+00   6.40000E+01   4.12296E-05   5.71646E-05   3.51246E-03
 1.28000E+02   1.30000E+00   6.40000E+01   4.12334E-05   4.78174E-05   3.19263E-03
 1.28000E+02   1.40000E+00   6.40000E+01   4.12378E-05   4.15232E-05   2.89210E-03
 1.28000E+02   1.50000E+00   6.40000E+01   4.12425E-05   3.72435E-05   2.83896E-03
 1.28000E+02   1.60000E+00   6.40000E+01   4.12475E-05   3.46037E-05   3.14495E-03
 1.28000E+02   1.70000E+00   6.40000E+01   4.12528E-05   3.37231E-05   3.69354E-03
 1.28000E+02   1.80000E+00   6.40000E+01   4.12581E-05   3.43430E-05   4.27315E-03
 1.28000E+02   1.90000E+00   6.40000E+01   4.12630E-05   3.61169E-05   4.77338E-03
 1.28000E+02   2.00000E+00   6.40000E+01   4.12672E-05   3.87640E-05   5.17784E-03
 1.28000E+02   2.10000E+00   6.40000E+01   4.12705E-05   4.20553E-05   5.44739E-03
 1.28000E+02   2.20000E+00   6.40000E+01   4.12723E-05   4.57502E-05   5.54993E-03
 1.28000E+02   2.30000E+00   6.40000E+01   4.12727E-05   4.98979E-05   5.53208E-03
 1.28000E+02   2.40000E+00   6.40000E+01   4.12714E-05   5.43909E-05   5.42770E-03
 1.28000E+02   2.50000E+00   6.40000E+01   4.12686E-05   5.91655E-05   5.22339E-03
 1.28000E+02   2.60000E+00   6.40000E+01   4.12645E-05   6.40892E-05   4.99073E-03
 1.28000E+02   2.70000E+00   6.40000E+01   4.12595E-05   6.89231E-05   4.75881E-03
 1.28000E+02   2.80000E+00   6.40000E+01   4.12538E-05   7.34376E-05   4.54310E-03
 1.28000E+02   2.90000E+00   6.40000E+01   4.12474E-05   7.74954E-05   4.35408E-03
 1.28000E+02   3.00000E+00   6.40000E+01   4.12403E-05   8.10364E-05   4.18485E-03
 1.28000E+02   3.10000E+00   6.40000E+01   4.12326E-05   8.40853E-05   4.05642E-03
 1.28000E+02   3.20000E+00   6.40000E+01   4.12240E-05   8.66894E-05   3.99332E-03
 1.28000E+02   3.30000E+00   6.40000E+01   4.12142E-05   8.89054E-05   4.01582E-03
 1.28000E+02   3.40000E+00   6.40000E+01   4.12030E-05   9.07939E-05   4.08660E-03
 1.28000E+02   3.50000E+00   6.40000E+01   4.11902E-05   9.23888E-05   4.16588E-03
 1.28000E+02   3.60000E+00   6.40000E+01   4.11754E-05   9.37083E-05   4.23272E-03
 1.28000E+02   3.70000E+00   6.40000E+01   4.11587E-05   9.47851E-05   4.28789E-03
 1.28000E+02   3.80000E+00   6.40000E+01   4.11399E-05   9.56760E-05   4.32531E-03
 1.28000E+02   3.90000E+00   6.40000E+01   4.11188E-05   9.64224E-05   4.33571E-03
 1.28000E+02   4.00000E+00   6.40000E+01   4.10953E-05   9.70348E-05   4.31764E-03
 1.28000E+02   4.10000E+00   6.40000E+01   4.10692E-05   9.75067E-05   4.27365E-03
 1.28000E+02   4.20000E+00   6.40000E+01   4.10406E-05   9.78267E-05   4.20821E-03
 1.28000E+02   4.30000E+00   6.40000E+01   4.10095E-05   9.79878E-05   4.12839E-03
 1.28000E+02   4.40000E+00   6.40000E+01   4.09759E-05   9.79986E-05   4.04068E-03
 1.28000E+02   4.50000E+00   6.40000E+01   4.09399E-05   9.78703E-05   3.94600E-03
 1.28000E+02   4.60000E+00   6.40000E+01   4.09016E-05   9.76092E-05   3.84589E-03
 1.28000E+02   4.70000E+00   6.40000E+01   4.08611E-05   9.72190E-05   3.74217E-03
 1.28000E+02   4.80000E+00   6.40000E+01   4.08185E-05   9.67037E-05   3.63660E-03
 1.28000E+02   4.90000E+00   6.40000E+01   4.07740E-05   9.60685E-05   3.53090E-03
 1.28000E+02   5.00000E+00   6.40000E+01   4.07277E-05   9.53195E-05   3.42652E-03
 2.56000E+02   5.00000E-01   1.28000E+02   1.03039E-05   2.73997E-05   3.23737E-03
 2.56000E+02   6.00000E-01   1.28000E+02   1.03039E-05   2.74009E-05   3.25810E-03
 2.56000E+02   7.00000E-01   1.28000E+02   1.03039E-05   2.74220E-05   3.52598E-03
 2.56000E+02   8.00000E-01   1.28000E+02   1.03039E-05   2.74861E-05   3.90332E-03
 2.56000E+02   9.00000E-01   1.28000E+02   1.03039E-05   2.75482E-05   3.94721E-03
 2.56000E+02   1.00000E+00   1.28000E+02   1.03041E-05   2.64789E-05   2.68007E-03
 2.56000E+02   1.10000E+00   1.28000E+02   1.03044E-05   2.33121E-05   1.99313E-03
 2.56000E+02   1.20000E+00   1.28000E+02   1.03048E-05   1.93636E-05   1.95077E-03
 2.56000E+02   1.30000E+00   1.28000E+02   1.03052E-05   1.59530E-05   1.78976E-03
 2.56000E+02   1.40000E+00   1.28000E+02   1.03056E-05   1.36384E-05   1.61925E-03
 2.56000E+02   1.50000E+00   1.28000E+02   1.03061E-05   1.20444E-05   1.63082E-03
 2.56000E+02   1.60000E+00   1.28000E+02   1.03066E-05   1.10285E-05   1.89415E-03
 2.56000E+02   1.70000E+00   1.28000E+02   1.03072E-05   1.06429E-05   2.32151E-03
 2.56000E+02   1.80000E+00   1.28000E+02   1.03078E-05   1.08169E-05   2.76381E-03
 2.56000E+02   1.90000E+00   1.28000E+02   1.03084E-05   1.14164E-05   3.13594E-03
 2.56000E+02   2.00000E+00   1.28000E+02   1.03089E-05   1.23299E-05   3.43677E-03
 2.56000E+02   2.10000E+00   1.28000E+02   1.03094E-05   1.34838E-05   3.64517E-03
 2.56000E+02   2.20000E+00   1.28000E+02   1.03098E-05   1.48040E-05   3.73418E-03
 2.56000E+02   2.30000E+00   1.28000E+02   1.03100E-05   1.63275E-05   3.73091E-03
 2.56000E+02   2.40000E+00   1.28000E+02   1.03101E-05   1.80154E-05   3.66382E-03
 2.56000E+02   2.50000E+00   1.28000E+02   1.03101E-05   1.98391E-05   3.52011E-03
 2.56000E+02   2.60000E+00   1.28000E+02   1.03099E-05   2.17382E-05   3.35467E-03
 2.56000E+02   2.70000E+00   1.28000E+02   1.03098E-05   2.36074E-05   3.19316E-03
 2.56000E+02   2.80000E+00   1.28000E+02   1.03096E-05   2.53515E-05   3.04752E-03
 2.56000E+02   2.90000E+00   1.28000E+02   1.03094E-05   2.69153E-05   2.92641E-03
 2.56000E+02   3.00000E+00   1.28000E+02   1.03091E-05   2.82755E-05   2.82205E-03
 2.56000E+02   3.10000E+00   1.28000E+02   1.03089E-05   2.94418E-05   2.75051E-03
 2.56000E+02   3.20000E+00   1.28000E+02   1.03087E-05   3.04325E-05   2.72773E-03
 2.56000E+02   3.30000E+00   1.28000E+02   1.03083E-05   3.12691E-05   2.76775E-03
 2.56000E+02   3.40000E+00   1.28000E+02   1.03079E-05   3.19770E-05   2.83913E-03
 2.56000E+02   3.50000E+00   1.28000E+02   1.03075E-05   3.25725E-05   2.91102E-03
 2.56000E+02   3.60000E+00   1.28000E+02   1.03069E-05   3.30649E-05   2.96894E-03
 2.56000E+02   3.70000E+00   1.28000E+02   1.03063E-05   3.34665E-05   3.01498E-03
 2.56000E+02   3.80000E+00   1.28000E+02   1.03055E-05   3.37982E-05   3.04654E-03
 2.56000E+02   3.90000E+00   1.28000E+02   1.03046E-05   3.40759E-05   3.05724E-03
 2.56000E+02   4.00000E+00   1.28000E+02   1.03035E-05   3.43038E-05   3.04638E-03
 2.56000E+02   4.10000E+00   1.28000E+02   1.03024E-05   3.44799E-05   3.01595E-03
 2.56000E+02   4.20000E+00   1.28000E+02   1.03011E-05   3.46001E-05   2.96938E-03
 2.56000E+02   4.30000E+00   1.28000E+02   1.02996E-05   3.46619E-05   2.91205E-03
 2.56000E+02   4.40000E+00   1.28000E+02   1.02980E-05   3.46682E-05   2.84898E-03
 2.56000E+02   4.50000E+00   1.28000E+02   1.02963E-05   3.46233E-05   2.78073E-03
 2.56000E+02   4.60000E+00   1.28000E+02   1.02945E-05   3.45298E-05   2.70834E-03
 2.56000E+02   4.70000E+00   1.28000E+02   1.02925E-05   3.43893E-05   2.63316E-03
 2.56000E+02   4.80000E+00   1.28000E+02   1.02904E-05   3.42034E-05   2.55662E-03
 2.56000E+02   4.90000E+00   1.28000E+02   1.02881E-05   3.39743E-05   2.48002E-03
 2.56000E+02   5.00000E+00   1.28000E+02   1.02858E-05   3.37041E-05   2.40442E-03
 5.12000E+02   5.00000E-01   2.56000E+02   2.57734E-06   9.70258E-06   2.28600E-03
 5.12000E+02   6.00000E-01   2.56000E+02   2.57734E-06   9.70390E-06   2.45324E-03
 5.12000E+02   7.00000E-01   2.56000E+02   2.57733E-06   9.71844E-06   2.91205E-03
 5.12000E+02   8.00000E-01   2.56000E+02   2.57733E-06   9.75135E-06   3.15445E-03
 5.12000E+02   9.00000E-01   2.56000E+02   2.57734E-06   9.78318E-06   3.15005E-03
 5.12000E+02   1.00000E+00   2.56000E+02   2.57735E-06   9.41043E-06   2.33723E-03
 5.12000E+02   1.10000E+00   2.56000E+02   2.57737E-06   8.29826E-06   1.87574E-03
 5.12000E+02   1.20000E+00   2.56000E+02   2.57740E-06   6.91866E-06   1.74502E-03
 5.12000E+02   1.30000E+00   2.56000E+02   2.57743E-06   5.73440E-06   1.55092E-03
 5.12000E+02   1.40000E+00   2.56000E+02   2.57746E-06   4.93741E-06   1.36391E-03
 5.12000E+02   1.50000E+00   2.56000E+02   2.57750E-06   4.39137E-06   1.29904E-03
 5.12000E+02   1.60000E+00   2.56000E+02   2.57754E-06   4.04234E-06   1.41410E-03
 5.12000E+02   1.70000E+00   2.56000E+02   2.57758E-06   3.90452E-06   1.67049E-03
 5.12000E+02   1.80000E+00   2.56000E+02   2.57763E-06   3.95534E-06   1.96134E-03
 5.12000E+02   1.90000E+00   2.56000E+02   2.57767E-06   4.15222E-06   2.21420E-03
 5.12000E+02   2.00000E+00   2.56000E+02   2.57770E-06   4.46012E-06   2.42403E-03
 5.12000E+02   2.10000E+00   2.56000E+02   2.57772E-06   4.85643E-06   2.57228E-03
 5.12000E+02   2.20000E+00   2.56000E+02   2.57773E-06   5.31285E-06   2.64723E-03
 5.12000E+02   2.30000E+00   2.56000E+02   2.57772E-06   5.82900E-06   2.66943E-03
 5.12000E+02   2.40000E+00   2.56000E+02   2.57768E-06   6.38679E-06   2.65002E-03
 5.12000E+02   2.50000E+00   2.56000E+02   2.57763E-06   6.96765E-06   2.58261E-03
 5.12000E+02   2.60000E+00   2.56000E+02   2.57757E-06   7.54850E-06   2.49529E-03
 5.12000E+02   2.70000E+00   2.56000E+02   2.57749E-06   8.10111E-06   2.40316E-03
 5.12000E+02   2.80000E+00   2.56000E+02   2.57741E-06   8.60266E-06   2.31528E-03
 5.12000E+02   2.90000E+00   2.56000E+02   2.57733E-06   9.04323E-06   2.23853E-03
 5.12000E+02   3.00000E+00   2.56000E+02   2.57725E-06   9.42041E-06   2.16937E-03
 5.12000E+02   3.10000E+00   2.56000E+02   2.57716E-06   9.73740E-06   2.11605E-03
 5.12000E+02   3.20000E+00   2.56000E+02   2.57707E-06   9.99976E-06   2.08718E-03
 5.12000E+02   3.30000E+00   2.56000E+02   2.57697E-06   1.02155E-05   2.08958E-03
 5.12000E+02   3.40000E+00   2.56000E+02   2.57687E-06   1.03944E-05   2.10760E-03
 5.12000E+02   3.50000E+00   2.56000E+02   2.57676E-06   1.05439E-05   2.12565E-03
 5.12000E+02   3.60000E+00   2.56000E+02   2.57665E-06   1.06678E-05   2.13659E-03
 5.12000E+02   3.70000E+00   2.56000E+02   2.57653E-06   1.07703E-05   2.14151E-03
 5.12000E+02   3.80000E+00   2.56000E+02   2.57640E-06   1.08569E-05   2.13858E-03
 5.12000E+02   3.90000E+00   2.56000E+02   2.57626E-06   1.09317E-05   2.12438E-03
 5.12000E+02   4.00000E+00   2.56000E+02   2.57611E-06   1.09950E-05   2.09869E-03
 5.12000E+02   4.10000E+00   2.56000E+02   2.57596E-06   1.10453E-05   2.06280E-03
 5.12000E+02   4.20000E+00   2.56000E+02   2.57579E-06   1.10805E-05   2.01875E-03
 5.12000E+02   4.30000E+00   2.56000E+02   2.57562E-06   1.10994E-05   1.96980E-03
 5.12000E+02   4.40000E+00   2.56000E+02   2.57544E-06   1.11022E-05   1.91857E-03
 5.12000E+02   4.50000E+00   2.56000E+02   2.57525E-06   1.10899E-05   1.86533E-03
 5.12000E+02   4.60000E+00   2.56000E+02   2.57505E-06   1.10630E-05   1.81071E-03
 5.12000E+02   4.70000E+00   2.56000E+02   2.57484E-06   1.10218E-05   1.75553E-03
 5.12000E+02   4.80000E+00   2.56000E+02   2.57463E-06   1.09667E-05   1.70059E-03
 5.12000E+02   4.90000E+00   2.56000E+02   2.57441E-06   1.08981E-05   1.64662E-03
 5.12000E+02   5.00000E+00   2.56000E+02   2.57418E-06   1.08168E-05   1.59417E-03
