        Grid            PU    Cell/Diam.        Radius       Tangent     Curvature
        Size        Spread                       Error         Error         Error
 1.60000E+01   5.00000E-01   8.00000E+00   1.14115E-04   2.03270E-03   4.72409E-01
 1.60000E+01   6.00000E-01   8.00000E+00   1.14115E-04   2.03270E-03   4.72409E-01
 1.60000E+01   7.00000E-01   8.00000E+00   1.14115E-04   2.03268E-03   4.72405E-01
 1.60000E+01   8.00000E-01   8.00000E+00   1.14096E-04   2.02297E-03   4.72260E-01
 1.60000E+01   9.00000E-01   8.00000E+00   1.13338E-04   1.97035E-03   4.70651E-01
 1.60000E+01   1.00000E+00   8.00000E+00   1.08735E-04   1.88319E-03   4.68097E-01
 1.60000E+01   1.10000E+00   8.00000E+00   9.73612E-05   1.76844E-03   4.68924E-01
 1.60000E+01   1.20000E+00   8.00000E+00   8.12164E-05   1.64198E-03   4.72463E-01
 1.60000E+01   1.30000E+00   8.00000E+00   6.65597E-05   1.53297E-03   4.76009E-01
 1.60000E+01   1.40000E+00   8.00000E+00   6.37542E-05   1.45369E-03   4.78191E-01
 1.60000E+01   1.50000E+00   8.00000E+00   7.90841E-05   1.39212E-03   4.78990E-01
 1.60000E+01   1.60000E+00   8.00000E+00   1.05660E-04   1.33254E-03   4.78996E-01
 1.60000E+01   1.70000E+00   8.00000E+00   1.35321E-04   1.26596E-03   4.78670E-01
 1.60000E+01   1.80000E+00   8.00000E+00   1.63076E-04   1.18924E-03   4.78074E-01
 1.60000E+01   1.90000E+00   8.00000E+00   1.86089E-04   1.10937E-03   4.77214E-01
 1.60000E+01   2.00000E+00   8.00000E+00   2.03260E-04   1.03430E-03   4.76348E-01
 1.60000E+01   2.10000E+00   8.00000E+00   2.14417E-04   9.67332E-04   4.75629E-01
 1.60000E+01   2.20000E+00   8.00000E+00   2.19862E-04   9.10184E-04   4.74935E-01
 1.60000E+01   2.30000E+00   8.00000E+00   2.19728E-04   8.60003E-04   4.74481E-01
 1.60000E+01   2.40000E+00   8.00000E+00   2.14175E-04   8.16452E-04   4.74184E-01
 1.60000E+01   2.50000E+00   8.00000E+00   2.03955E-04   7.76594E-04   4.74023E-01
 1.60000E+01   2.60000E+00   8.00000E+00   1.91261E-04   7.40497E-04   4.73818E-01
 1.60000E+01   2.70000E+00   8.00000E+00   1.81427E-04   7.13031E-04   4.73436E-01
 1.60000E+01   2.80000E+00   8.00000E+00   1.83702E-04   6.97082E-04   4.73264E-01
 1.60000E+01   2.90000E+00   8.00000E+00   2.08104E-04   6.89959E-04   4.73255E-01
 1.60000E+01   3.00000E+00   8.00000E+00   2.59025E-04   6.88825E-04   4.73350E-01
 1.60000E+01   3.10000E+00   8.00000E+00   3.34747E-04   6.90806E-04   4.73163E-01
 1.60000E+01   3.20000E+00   8.00000E+00   4.32144E-04   6.92650E-04   4.72996E-01
 1.60000E+01   3.30000E+00   8.00000E+00   5.49206E-04   6.91770E-04   4.72832E-01
 1.60000E+01   3.40000E+00   8.00000E+00   6.85208E-04   6.88739E-04   4.72610E-01
 1.60000E+01   3.50000E+00   8.00000E+00   8.40330E-04   6.86636E-04   4.72557E-01
 1.60000E+01   3.60000E+00   8.00000E+00   1.01519E-03   6.88396E-04   4.72800E-01
 1.60000E+01   3.70000E+00   8.00000E+00   1.21055E-03   6.96760E-04   4.72998E-01
 1.60000E+01   3.80000E+00   8.00000E+00   1.42714E-03   7.11808E-04   4.73028E-01
 1.60000E+01   3.90000E+00   8.00000E+00   1.66550E-03   7.32186E-04   4.72935E-01
 1.60000E+01   4.00000E+00   8.00000E+00   1.92577E-03   7.58001E-04   4.72860E-01
 1.60000E+01   4.10000E+00   8.00000E+00   2.20772E-03   7.89104E-04   4.72785E-01
 1.60000E+01   4.20000E+00   8.00000E+00   2.51109E-03   8.23579E-04   4.72749E-01
 1.60000E+01   4.30000E+00   8.00000E+00   2.83567E-03   8.58375E-04   4.72783E-01
 1.60000E+01   4.40000E+00   8.00000E+00   3.18101E-03   8.91643E-04   4.72769E-01
 1.60000E+01   4.50000E+00   8.00000E+00   3.54643E-03   9.22627E-04   4.72743E-01
 1.60000E+01   4.60000E+00   8.00000E+00   3.93101E-03   9.51475E-04   4.72691E-01
 1.60000E+01   4.70000E+00   8.00000E+00   4.33355E-03   9.78573E-04   4.72634E-01
 1.60000E+01   4.80000E+00   8.00000E+00   4.75270E-03   1.00352E-03   4.72607E-01
 1.60000E+01   4.90000E+00   8.00000E+00   5.18710E-03   1.02544E-03   4.72671E-01
 1.60000E+01   5.00000E+00   8.00000E+00   5.63549E-03   1.04509E-03   4.72825E-01
 3.20000E+01   5.00000E-01   1.60000E+01   4.82991E-06   2.97007E-04   5.62193E-01
 3.20000E+01   6.00000E-01   1.60000E+01   4.83007E-06   2.97198E-04   5.62230E-01
 3.20000E+01   7.00000E-01   1.60000E+01   4.84552E-06   3.00893E-04   5.62364E-01
 3.20000E+01   8.00000E-01   1.60000E+01   4.93215E-06   3.07299E-04   5.62269E-01
 3.20000E+01   9.00000E-01   1.60000E+01   5.08563E-06   3.11640E-04   5.61581E-01
 3.20000E+01   1.00000E+00   1.60000E+01   5.22603E-06   3.10239E-04   5.61049E-01
 3.20000E+01   1.10000E+00   1.60000E+01   5.53256E-06   2.99917E-04   5.62058E-01
 3.20000E+01   1.20000E+00   1.60000E+01   6.43896E-06   2.81231E-04   5.63575E-01
 3.20000E+01   1.30000E+00   1.60000E+01   8.07745E-06   2.60590E-04   5.64637E-01
 3.20000E+01   1.40000E+00   1.60000E+01   1.02026E-05   2.42537E-04   5.64944E-01
 3.20000E+01   1.50000E+00   1.60000E+01   1.25131E-05   2.27395E-04   5.64878E-01
 3.20000E+01   1.60000E+00   1.60000E+01   1.47802E-05   2.14436E-04   5.64805E-01
 3.20000E+01   1.70000E+00   1.60000E+01   1.68312E-05   2.03302E-04   5.64552E-01
 3.20000E+01   1.80000E+00   1.60000E+01   1.85451E-05   1.94274E-04   5.64098E-01
 3.20000E+01   1.90000E+00   1.60000E+01   1.98628E-05   1.87152E-04   5.63532E-01
 3.20000E+01   2.00000E+00   1.60000E+01   2.07709E-05   1.81516E-04   5.62931E-01
 3.20000E+01   2.10000E+00   1.60000E+01   2.12930E-05   1.77019E-04   5.62295E-01
 3.20000E+01   2.20000E+00   1.60000E+01   2.14688E-05   1.73148E-04   5.61750E-01
 3.20000E+01   2.30000E+00   1.60000E+01   2.13272E-05   1.69467E-04   5.61369E-01
 3.20000E+01   2.40000E+00   1.60000E+01   2.08691E-05   1.65124E-04   5.60902E-01
 3.20000E+01   2.50000E+00   1.60000E+01   2.00784E-05   1.59738E-04   5.60599E-01
 3.20000E+01   2.60000E+00   1.60000E+01   1.89843E-05   1.53721E-04   5.60536E-01
 3.20000E+01   2.70000E+00   1.60000E+01   1.77443E-05   1.47657E-04   5.60658E-01
 3.20000E+01   2.80000E+00   1.60000E+01   1.67452E-05   1.42145E-04   5.60875E-01
 3.20000E+01   2.90000E+00   1.60000E+01   1.66376E-05   1.37846E-04   5.61108E-01
 3.20000E+01   3.00000E+00   1.60000E+01   1.81217E-05   1.35035E-04   5.61263E-01
 3.20000E+01   3.10000E+00   1.60000E+01   2.15452E-05   1.33465E-04   5.61369E-01
 3.20000E+01   3.20000E+00   1.60000E+01   2.68420E-05   1.32503E-04   5.61435E-01
 3.20000E+01   3.30000E+00   1.60000E+01   3.38311E-05   1.31748E-04   5.61391E-01
 3.20000E+01   3.40000E+00   1.60000E+01   4.24019E-05   1.31021E-04   5.61281E-01
 3.20000E+01   3.50000E+00   1.60000E+01   5.25149E-05   1.30330E-04   5.61208E-01
 3.20000E+01   3.60000E+00   1.60000E+01   6.41657E-05   1.30079E-04   5.61143E-01
 3.20000E+01   3.70000E+00   1.60000E+01   7.73686E-05   1.30617E-04   5.61090E-01
 3.20000E+01   3.80000E+00   1.60000E+01   9.21573E-05   1.31582E-04   5.61023E-01
 3.20000E+01   3.90000E+00   1.60000E+01   1.08587E-04   1.32396E-04   5.61005E-01
 3.20000E+01   4.00000E+00   1.60000E+01   1.26714E-04   1.33021E-04   5.61049E-01
 3.20000E+01   4.10000E+00   1.60000E+01   1.46575E-04   1.33569E-04   5.61150E-01
 3.20000E+01   4.20000E+00   1.60000E+01   1.68182E-04   1.34052E-04   5.61310E-01
 3.20000E+01   4.30000E+00   1.60000E+01   1.91517E-04   1.34453E-04   5.61497E-01
 3.20000E+01   4.40000E+00   1.60000E+01   2.16545E-04   1.34717E-04   5.61733E-01
 3.20000E+01   4.50000E+00   1.60000E+01   2.43216E-04   1.34769E-04   5.62021E-01
 3.20000E+01   4.60000E+00   1.60000E+01   2.71469E-04   1.34745E-04   5.62295E-01
 3.20000E+01   4.70000E+00   1.60000E+01   3.01234E-04   1.34762E-04   5.62552E-01
 3.20000E+01   4.80000E+00   1.60000E+01   3.32435E-04   1.34931E-04   5.62802E-01
 3.20000E+01   4.90000E+00   1.60000E+01   3.64987E-04   1.35333E-04   5.63044E-01
 3.20000E+01   5.00000E+00   1.60000E+01   3.98792E-04   1.35992E-04   5.63268E-01
 6.40000E+01   5.00000E-01   3.20000E+01   1.33279E-06   4.68684E-05   6.47653E-01
 6.40000E+01   6.00000E-01   3.20000E+01   1.33272E-06   4.68829E-05   6.47660E-01
 6.40000E+01   7.00000E-01   3.20000E+01   1.33080E-06   4.69897E-05   6.47680E-01
 6.40000E+01   8.00000E-01   3.20000E+01   1.32682E-06   4.72995E-05   6.47657E-01
 6.40000E+01   9.00000E-01   3.20000E+01   1.33163E-06   4.73262E-05   6.47524E-01
 6.40000E+01   1.00000E+00   3.20000E+01   1.36788E-06   4.65821E-05   6.47478E-01
 6.40000E+01   1.10000E+00   3.20000E+01   1.45180E-06   4.48142E-05   6.48055E-01
 6.40000E+01   1.20000E+00   3.20000E+01   1.58532E-06   4.24467E-05   6.48655E-01
 6.40000E+01   1.30000E+00   3.20000E+01   1.75436E-06   4.03162E-05   6.48935E-01
 6.40000E+01   1.40000E+00   3.20000E+01   1.93909E-06   3.87669E-05   6.48878E-01
 6.40000E+01   1.50000E+00   3.20000E+01   2.12449E-06   3.78191E-05   6.48743E-01
 6.40000E+01   1.60000E+00   3.20000E+01   2.30052E-06   3.74735E-05   6.48669E-01
 6.40000E+01   1.70000E+00   3.20000E+01   2.45801E-06   3.76733E-05   6.48513E-01
 6.40000E+01   1.80000E+00   3.20000E+01   2.58951E-06   3.82429E-05   6.48280E-01
 6.40000E+01   1.90000E+00   3.20000E+01   2.69077E-06   3.90594E-05   6.48017E-01
 6.40000E+01   2.00000E+00   3.20000E+01   2.76018E-06   3.99949E-05   6.47757E-01
 6.40000E+01   2.10000E+00   3.20000E+01   2.79936E-06   4.08773E-05   6.47505E-01
 6.40000E+01   2.20000E+00   3.20000E+01   2.81180E-06   4.15413E-05   6.47324E-01
 6.40000E+01   2.30000E+00   3.20000E+01   2.80016E-06   4.18332E-05   6.47198E-01
 6.40000E+01   2.40000E+00   3.20000E+01   2.76362E-06   4.16494E-05   6.47068E-01
 6.40000E+01   2.50000E+00   3.20000E+01   2.69854E-06   4.09836E-05   6.47007E-01
 6.40000E+01   2.60000E+00   3.20000E+01   2.60129E-06   3.99090E-05   6.47031E-01
 6.40000E+01   2.70000E+00   3.20000E+01   2.47035E-06   3.85458E-05   6.47110E-01
 6.40000E+01   2.80000E+00   3.20000E+01   2.30988E-06   3.70390E-05   6.47215E-01
 6.40000E+01   2.90000E+00   3.20000E+01   2.13286E-06   3.54997E-05   6.47313E-01
 6.40000E+01   3.00000E+00   3.20000E+01   1.96292E-06   3.39998E-05   6.47370E-01
 6.40000E+01   3.10000E+00   3.20000E+01   1.83589E-06   3.25726E-05   6.47402E-01
 6.40000E+01   3.20000E+00   3.20000E+01   1.80045E-06   3.12305E-05   6.47405E-01
 6.40000E+01   3.30000E+00   3.20000E+01   1.90931E-06   2.99830E-05   6.47340E-01
 6.40000E+01   3.40000E+00   3.20000E+01   2.19583E-06   2.88554E-05   6.47253E-01
 6.40000E+01   3.50000E+00   3.20000E+01   2.66143E-06   2.78640E-05   6.47198E-01
 6.40000E+01   3.60000E+00   3.20000E+01   3.28918E-06   2.70219E-05   6.47190E-01
 6.40000E+01   3.70000E+00   3.20000E+01   4.06041E-06   2.63361E-05   6.47202E-01
 6.40000E+01   3.80000E+00   3.20000E+01   4.96206E-06   2.57983E-05   6.47196E-01
 6.40000E+01   3.90000E+00   3.20000E+01   5.98799E-06   2.54004E-05   6.47209E-01
 6.40000E+01   4.00000E+00   3.20000E+01   7.13696E-06   2.51412E-05   6.47252E-01
 6.40000E+01   4.10000E+00   3.20000E+01   8.40906E-06   2.50157E-05   6.47322E-01
 6.40000E+01   4.20000E+00   3.20000E+01   9.80305E-06   2.50208E-05   6.47415E-01
 6.40000E+01   4.30000E+00   3.20000E+01   1.13159E-05   2.51524E-05   6.47523E-01
 6.40000E+01   4.40000E+00   3.20000E+01   1.29435E-05   2.53998E-05   6.47615E-01
 6.40000E+01   4.50000E+00   3.20000E+01   1.46817E-05   2.57396E-05   6.47690E-01
 6.40000E+01   4.60000E+00   3.20000E+01   1.65265E-05   2.61498E-05   6.47755E-01
 6.40000E+01   4.70000E+00   3.20000E+01   1.84734E-05   2.66159E-05   6.47814E-01
 6.40000E+01   4.80000E+00   3.20000E+01   2.05176E-05   2.71216E-05   6.47869E-01
 6.40000E+01   4.90000E+00   3.20000E+01   2.26535E-05   2.76489E-05   6.47918E-01
 6.40000E+01   5.00000E+00   3.20000E+01   2.48754E-05   2.81834E-05   6.47956E-01
 1.28000E+02   5.00000E-01   6.40000E+01   4.04674E-07   8.93538E-06   7.28510E-01
 1.28000E+02   6.00000E-01   6.40000E+01   4.04662E-07   8.92767E-06   7.28513E-01
 1.28000E+02   7.00000E-01   6.40000E+01   4.04519E-07   8.89827E-06   7.28517E-01
 1.28000E+02   8.00000E-01   6.40000E+01   4.04162E-07   8.96272E-06   7.28511E-01
 1.28000E+02   9.00000E-01   6.40000E+01   4.04162E-07   9.03675E-06   7.28483E-01
 1.28000E+02   1.00000E+00   6.40000E+01   4.05890E-07   8.95630E-06   7.28520E-01
 1.28000E+02   1.10000E+00   6.40000E+01   4.10478E-07   8.63888E-06   7.28930E-01
 1.28000E+02   1.20000E+00   6.40000E+01   4.18251E-07   8.20845E-06   7.29256E-01
 1.28000E+02   1.30000E+00   6.40000E+01   4.28558E-07   7.87256E-06   7.29333E-01
 1.28000E+02   1.40000E+00   6.40000E+01   4.40274E-07   7.71570E-06   7.29208E-01
 1.28000E+02   1.50000E+00   6.40000E+01   4.52422E-07   7.71831E-06   7.29099E-01
 1.28000E+02   1.60000E+00   6.40000E+01   4.64259E-07   7.85904E-06   7.29072E-01
 1.28000E+02   1.70000E+00   6.40000E+01   4.75050E-07   8.11013E-06   7.28991E-01
 1.28000E+02   1.80000E+00   6.40000E+01   4.84160E-07   8.41479E-06   7.28858E-01
 1.28000E+02   1.90000E+00   6.40000E+01   4.91179E-07   8.73852E-06   7.28706E-01
 1.28000E+02   2.00000E+00   6.40000E+01   4.95899E-07   9.05414E-06   7.28559E-01
 1.28000E+02   2.10000E+00   6.40000E+01   4.98353E-07   9.32583E-06   7.28434E-01
 1.28000E+02   2.20000E+00   6.40000E+01   4.98746E-07   9.52148E-06   7.28369E-01
 1.28000E+02   2.30000E+00   6.40000E+01   4.97271E-07   9.60915E-06   7.28335E-01
 1.28000E+02   2.40000E+00   6.40000E+01   4.93885E-07   9.57370E-06   7.28317E-01
 1.28000E+02   2.50000E+00   6.40000E+01   4.88306E-07   9.41873E-06   7.28327E-01
 1.28000E+02   2.60000E+00   6.40000E+01   4.80177E-07   9.16500E-06   7.28362E-01
 1.28000E+02   2.70000E+00   6.40000E+01   4.69161E-07   8.84537E-06   7.28410E-01
 1.28000E+02   2.80000E+00   6.40000E+01   4.55100E-07   8.49628E-06   7.28464E-01
 1.28000E+02   2.90000E+00   6.40000E+01   4.38096E-07   8.14844E-06   7.28510E-01
 1.28000E+02   3.00000E+00   6.40000E+01   4.18427E-07   7.82106E-06   7.28540E-01
 1.28000E+02   3.10000E+00   6.40000E+01   3.96351E-07   7.52340E-06   7.28557E-01
 1.28000E+02   3.20000E+00   6.40000E+01   3.71986E-07   7.26028E-06   7.28563E-01
 1.28000E+02   3.30000E+00   6.40000E+01   3.45460E-07   7.03445E-06   7.28544E-01
 1.28000E+02   3.40000E+00   6.40000E+01   3.17190E-07   6.84327E-06   7.28520E-01
 1.28000E+02   3.50000E+00   6.40000E+01   2.88259E-07   6.68142E-06   7.28508E-01
 1.28000E+02   3.60000E+00   6.40000E+01   2.60973E-07   6.54523E-06   7.28511E-01
 1.28000E+02   3.70000E+00   6.40000E+01   2.39461E-07   6.43157E-06   7.28516E-01
 1.28000E+02   3.80000E+00   6.40000E+01   2.29806E-07   6.33610E-06   7.28514E-01
 1.28000E+02   3.90000E+00   6.40000E+01   2.38498E-07   6.25468E-06   7.28520E-01
 1.28000E+02   4.00000E+00   6.40000E+01   2.69016E-07   6.18508E-06   7.28536E-01
 1.28000E+02   4.10000E+00   6.40000E+01   3.20281E-07   6.12485E-06   7.28561E-01
 1.28000E+02   4.20000E+00   6.40000E+01   3.88841E-07   6.07189E-06   7.28593E-01
 1.28000E+02   4.30000E+00   6.40000E+01   4.71329E-07   6.02532E-06   7.28629E-01
 1.28000E+02   4.40000E+00   6.40000E+01   5.65254E-07   5.98524E-06   7.28658E-01
 1.28000E+02   4.50000E+00   6.40000E+01   6.68939E-07   5.95144E-06   7.28683E-01
 1.28000E+02   4.60000E+00   6.40000E+01   7.81263E-07   5.92379E-06   7.28705E-01
 1.28000E+02   4.70000E+00   6.40000E+01   9.01400E-07   5.90204E-06   7.28726E-01
 1.28000E+02   4.80000E+00   6.40000E+01   1.02867E-06   5.88575E-06   7.28745E-01
 1.28000E+02   4.90000E+00   6.40000E+01   1.16251E-06   5.87451E-06   7.28762E-01
 1.28000E+02   5.00000E+00   6.40000E+01   1.30236E-06   5.86745E-06   7.28776E-01
