        Grid            PU    Cell/Diam.        Radius       Tangent     Curvature
        Size        Spread                       Error         Error         Error
 1.60000E+01   5.00000E-01   8.00000E+00   4.77939E-03   5.69333E-02   1.00000E+00
 1.60000E+01   6.00000E-01   8.00000E+00   4.77939E-03   5.69333E-02   1.00000E+00
 1.60000E+01   7.00000E-01   8.00000E+00   4.77939E-03   5.69176E-02   1.00472E+00
 1.60000E+01   8.00000E-01   8.00000E+00   4.77330E-03   5.49762E-02   1.09241E+00
 1.60000E+01   9.00000E-01   8.00000E+00   4.74075E-03   5.05919E-02   1.15760E+00
 1.60000E+01   1.00000E+00   8.00000E+00   4.66824E-03   4.62031E-02   1.36404E+00
 1.60000E+01   1.10000E+00   8.00000E+00   4.46086E-03   4.26179E-02   1.60034E+00
 1.60000E+01   1.20000E+00   8.00000E+00   4.03834E-03   4.10161E-02   1.64213E+00
 1.60000E+01   1.30000E+00   8.00000E+00   3.44758E-03   4.13635E-02   1.52636E+00
 1.60000E+01   1.40000E+00   8.00000E+00   2.80745E-03   4.19613E-02   1.37943E+00
 1.60000E+01   1.50000E+00   8.00000E+00   2.23866E-03   4.20991E-02   1.24421E+00
 1.60000E+01   1.60000E+00   8.00000E+00   1.91265E-03   4.19595E-02   1.06573E+00
 1.60000E+01   1.70000E+00   8.00000E+00   2.05301E-03   4.18893E-02   8.99361E-01
 1.60000E+01   1.80000E+00   8.00000E+00   2.62836E-03   4.22922E-02   7.50563E-01
 1.60000E+01   1.90000E+00   8.00000E+00   3.43796E-03   4.31962E-02   6.31628E-01
 1.60000E+01   2.00000E+00   8.00000E+00   4.35186E-03   4.43573E-02   5.54552E-01
 1.60000E+01   2.10000E+00   8.00000E+00   5.31605E-03   4.53807E-02   4.90028E-01
 1.60000E+01   2.20000E+00   8.00000E+00   6.30754E-03   4.59452E-02   4.50096E-01
 1.60000E+01   2.30000E+00   8.00000E+00   7.32198E-03   4.59845E-02   4.23870E-01
 1.60000E+01   2.40000E+00   8.00000E+00   8.36814E-03   4.56015E-02   3.92837E-01
 1.60000E+01   2.50000E+00   8.00000E+00   9.45556E-03   4.49601E-02   3.62670E-01
 1.60000E+01   2.60000E+00   8.00000E+00   1.05942E-02   4.41236E-02   3.39296E-01
 1.60000E+01   2.70000E+00   8.00000E+00   1.17926E-02   4.30703E-02   3.16843E-01
 1.60000E+01   2.80000E+00   8.00000E+00   1.30531E-02   4.18531E-02   3.02253E-01
 1.60000E+01   2.90000E+00   8.00000E+00   1.43738E-02   4.05240E-02   2.89033E-01
 1.60000E+01   3.00000E+00   8.00000E+00   1.57495E-02   3.92000E-02   2.72383E-01
 1.60000E+01   3.10000E+00   8.00000E+00   1.71710E-02   3.80390E-02   2.54210E-01
 1.60000E+01   3.20000E+00   8.00000E+00   1.86302E-02   3.72200E-02   2.36599E-01
 1.60000E+01   3.30000E+00   8.00000E+00   2.01222E-02   3.68353E-02   2.22884E-01
 1.60000E+01   3.40000E+00   8.00000E+00   2.16480E-02   3.69416E-02   2.12340E-01
 1.60000E+01   3.50000E+00   8.00000E+00   2.32135E-02   3.74264E-02   2.03291E-01
 1.60000E+01   3.60000E+00   8.00000E+00   2.48241E-02   3.81719E-02   1.94955E-01
 1.60000E+01   3.70000E+00   8.00000E+00   2.64811E-02   3.90935E-02   1.87842E-01
 1.60000E+01   3.80000E+00   8.00000E+00   2.81819E-02   4.01729E-02   1.83873E-01
 1.60000E+01   3.90000E+00   8.00000E+00   2.99242E-02   4.13806E-02   1.83608E-01
 1.60000E+01   4.00000E+00   8.00000E+00   3.17069E-02   4.26758E-02   1.85224E-01
 1.60000E+01   4.10000E+00   8.00000E+00   3.35293E-02   4.40124E-02   1.86797E-01
 1.60000E+01   4.20000E+00   8.00000E+00   3.53905E-02   4.53221E-02   1.87427E-01
 1.60000E+01   4.30000E+00   8.00000E+00   3.72895E-02   4.65250E-02   1.87601E-01
 1.60000E+01   4.40000E+00   8.00000E+00   3.92269E-02   4.75842E-02   1.87518E-01
 1.60000E+01   4.50000E+00   8.00000E+00   4.12039E-02   4.84951E-02   1.87341E-01
 1.60000E+01   4.60000E+00   8.00000E+00   4.32211E-02   4.92514E-02   1.86713E-01
 1.60000E+01   4.70000E+00   8.00000E+00   4.52779E-02   4.98423E-02   1.85631E-01
 1.60000E+01   4.80000E+00   8.00000E+00   4.73724E-02   5.02736E-02   1.84451E-01
 1.60000E+01   4.90000E+00   8.00000E+00   4.95011E-02   5.05627E-02   1.83532E-01
 1.60000E+01   5.00000E+00   8.00000E+00   5.16599E-02   5.07321E-02   1.82516E-01
 3.20000E+01   5.00000E-01   1.60000E+01   1.23773E-03   3.85329E-02   1.00000E+00
 3.20000E+01   6.00000E-01   1.60000E+01   1.23779E-03   3.85597E-02   9.80683E-01
 3.20000E+01   7.00000E-01   1.60000E+01   1.24112E-03   3.88876E-02   9.72014E-01
 3.20000E+01   8.00000E-01   1.60000E+01   1.24689E-03   3.95413E-02   1.28317E+00
 3.20000E+01   9.00000E-01   1.60000E+01   1.23269E-03   4.03835E-02   1.56349E+00
 3.20000E+01   1.00000E+00   1.60000E+01   1.19087E-03   4.06233E-02   1.63634E+00
 3.20000E+01   1.10000E+00   1.60000E+01   1.13436E-03   3.98367E-02   1.56777E+00
 3.20000E+01   1.20000E+00   1.60000E+01   1.07555E-03   3.79805E-02   1.46971E+00
 3.20000E+01   1.30000E+00   1.60000E+01   1.01960E-03   3.55248E-02   1.36298E+00
 3.20000E+01   1.40000E+00   1.60000E+01   9.74146E-04   3.28283E-02   1.26047E+00
 3.20000E+01   1.50000E+00   1.60000E+01   9.51957E-04   3.00448E-02   1.14414E+00
 3.20000E+01   1.60000E+00   1.60000E+01   9.65072E-04   2.73879E-02   1.01899E+00
 3.20000E+01   1.70000E+00   1.60000E+01   1.02178E-03   2.50873E-02   8.86301E-01
 3.20000E+01   1.80000E+00   1.60000E+01   1.12371E-03   2.32260E-02   7.50433E-01
 3.20000E+01   1.90000E+00   1.60000E+01   1.26442E-03   2.19448E-02   6.29686E-01
 3.20000E+01   2.00000E+00   1.60000E+01   1.43456E-03   2.12999E-02   5.39477E-01
 3.20000E+01   2.10000E+00   1.60000E+01   1.62558E-03   2.10729E-02   4.81965E-01
 3.20000E+01   2.20000E+00   1.60000E+01   1.83024E-03   2.10583E-02   4.50580E-01
 3.20000E+01   2.30000E+00   1.60000E+01   2.04379E-03   2.11736E-02   4.35011E-01
 3.20000E+01   2.40000E+00   1.60000E+01   2.26590E-03   2.13467E-02   4.27219E-01
 3.20000E+01   2.50000E+00   1.60000E+01   2.49880E-03   2.15743E-02   4.23895E-01
 3.20000E+01   2.60000E+00   1.60000E+01   2.74612E-03   2.18385E-02   4.14286E-01
 3.20000E+01   2.70000E+00   1.60000E+01   3.01123E-03   2.20642E-02   3.97139E-01
 3.20000E+01   2.80000E+00   1.60000E+01   3.29513E-03   2.21830E-02   3.74806E-01
 3.20000E+01   2.90000E+00   1.60000E+01   3.59622E-03   2.21553E-02   3.53337E-01
 3.20000E+01   3.00000E+00   1.60000E+01   3.91166E-03   2.19683E-02   3.38598E-01
 3.20000E+01   3.10000E+00   1.60000E+01   4.23903E-03   2.16511E-02   3.28487E-01
 3.20000E+01   3.20000E+00   1.60000E+01   4.57734E-03   2.12333E-02   3.18436E-01
 3.20000E+01   3.30000E+00   1.60000E+01   4.92669E-03   2.07545E-02   3.04918E-01
 3.20000E+01   3.40000E+00   1.60000E+01   5.28769E-03   2.02658E-02   2.87634E-01
 3.20000E+01   3.50000E+00   1.60000E+01   5.66091E-03   1.98201E-02   2.69076E-01
 3.20000E+01   3.60000E+00   1.60000E+01   6.04660E-03   1.94289E-02   2.51191E-01
 3.20000E+01   3.70000E+00   1.60000E+01   6.44471E-03   1.90769E-02   2.35361E-01
 3.20000E+01   3.80000E+00   1.60000E+01   6.85510E-03   1.87566E-02   2.20801E-01
 3.20000E+01   3.90000E+00   1.60000E+01   7.27776E-03   1.84926E-02   2.06692E-01
 3.20000E+01   4.00000E+00   1.60000E+01   7.71272E-03   1.83058E-02   1.93170E-01
 3.20000E+01   4.10000E+00   1.60000E+01   8.15981E-03   1.81901E-02   1.81343E-01
 3.20000E+01   4.20000E+00   1.60000E+01   8.61842E-03   1.81281E-02   1.71544E-01
 3.20000E+01   4.30000E+00   1.60000E+01   9.08748E-03   1.81122E-02   1.64220E-01
 3.20000E+01   4.40000E+00   1.60000E+01   9.56572E-03   1.81468E-02   1.59953E-01
 3.20000E+01   4.50000E+00   1.60000E+01   1.00518E-02   1.82408E-02   1.59007E-01
 3.20000E+01   4.60000E+00   1.60000E+01   1.05446E-02   1.83962E-02   1.60987E-01
 3.20000E+01   4.70000E+00   1.60000E+01   1.10427E-02   1.86021E-02   1.65121E-01
 3.20000E+01   4.80000E+00   1.60000E+01   1.15451E-02   1.88429E-02   1.70893E-01
 3.20000E+01   4.90000E+00   1.60000E+01   1.20505E-02   1.91089E-02   1.77770E-01
 3.20000E+01   5.00000E+00   1.60000E+01   1.25578E-02   1.93905E-02   1.85006E-01
 6.40000E+01   5.00000E-01   3.20000E+01   2.91138E-04   2.11829E-02   1.00000E+00
 6.40000E+01   6.00000E-01   3.20000E+01   2.91170E-04   2.12383E-02   9.73128E-01
 6.40000E+01   7.00000E-01   3.20000E+01   2.91998E-04   2.16484E-02   9.29212E-01
 6.40000E+01   8.00000E-01   3.20000E+01   2.94574E-04   2.21070E-02   1.02648E+00
 6.40000E+01   9.00000E-01   3.20000E+01   2.96012E-04   2.27188E-02   1.43388E+00
 6.40000E+01   1.00000E+00   3.20000E+01   2.88808E-04   2.39259E-02   1.74409E+00
 6.40000E+01   1.10000E+00   3.20000E+01   2.70656E-04   2.51212E-02   1.82154E+00
 6.40000E+01   1.20000E+00   3.20000E+01   2.45328E-04   2.56009E-02   1.72506E+00
 6.40000E+01   1.30000E+00   3.20000E+01   2.19991E-04   2.52446E-02   1.52612E+00
 6.40000E+01   1.40000E+00   3.20000E+01   2.02779E-04   2.43596E-02   1.33146E+00
 6.40000E+01   1.50000E+00   3.20000E+01   1.99377E-04   2.31340E-02   1.15456E+00
 6.40000E+01   1.60000E+00   3.20000E+01   2.11707E-04   2.15533E-02   9.80071E-01
 6.40000E+01   1.70000E+00   3.20000E+01   2.37794E-04   1.97985E-02   8.20010E-01
 6.40000E+01   1.80000E+00   3.20000E+01   2.73465E-04   1.80063E-02   7.02777E-01
 6.40000E+01   1.90000E+00   3.20000E+01   3.14611E-04   1.62661E-02   6.50091E-01
 6.40000E+01   2.00000E+00   3.20000E+01   3.58375E-04   1.47115E-02   6.42234E-01
 6.40000E+01   2.10000E+00   3.20000E+01   4.03377E-04   1.33909E-02   6.42916E-01
 6.40000E+01   2.20000E+00   3.20000E+01   4.49169E-04   1.23069E-02   6.45604E-01
 6.40000E+01   2.30000E+00   3.20000E+01   4.96042E-04   1.14282E-02   6.34809E-01
 6.40000E+01   2.40000E+00   3.20000E+01   5.45091E-04   1.07185E-02   6.08300E-01
 6.40000E+01   2.50000E+00   3.20000E+01   5.97670E-04   1.01051E-02   5.73510E-01
 6.40000E+01   2.60000E+00   3.20000E+01   6.55105E-04   9.54364E-03   5.29776E-01
 6.40000E+01   2.70000E+00   3.20000E+01   7.18289E-04   9.00781E-03   4.83847E-01
 6.40000E+01   2.80000E+00   3.20000E+01   7.87324E-04   8.49210E-03   4.37577E-01
 6.40000E+01   2.90000E+00   3.20000E+01   8.61594E-04   8.00484E-03   3.92529E-01
 6.40000E+01   3.00000E+00   3.20000E+01   9.40136E-04   7.54071E-03   3.52258E-01
 6.40000E+01   3.10000E+00   3.20000E+01   1.02210E-03   7.09032E-03   3.17012E-01
 6.40000E+01   3.20000E+00   3.20000E+01   1.10701E-03   6.65085E-03   2.86951E-01
 6.40000E+01   3.30000E+00   3.20000E+01   1.19480E-03   6.23622E-03   2.59931E-01
 6.40000E+01   3.40000E+00   3.20000E+01   1.28556E-03   5.87282E-03   2.33671E-01
 6.40000E+01   3.50000E+00   3.20000E+01   1.37941E-03   5.58005E-03   2.08478E-01
 6.40000E+01   3.60000E+00   3.20000E+01   1.47632E-03   5.35425E-03   1.85687E-01
 6.40000E+01   3.70000E+00   3.20000E+01   1.57612E-03   5.17573E-03   1.66616E-01
 6.40000E+01   3.80000E+00   3.20000E+01   1.67866E-03   5.03025E-03   1.50591E-01
 6.40000E+01   3.90000E+00   3.20000E+01   1.78393E-03   4.91584E-03   1.37015E-01
 6.40000E+01   4.00000E+00   3.20000E+01   1.89201E-03   4.83095E-03   1.25172E-01
 6.40000E+01   4.10000E+00   3.20000E+01   2.00292E-03   4.77155E-03   1.14835E-01
 6.40000E+01   4.20000E+00   3.20000E+01   2.11651E-03   4.73274E-03   1.06274E-01
 6.40000E+01   4.30000E+00   3.20000E+01   2.23252E-03   4.71008E-03   1.00234E-01
 6.40000E+01   4.40000E+00   3.20000E+01   2.35070E-03   4.70056E-03   9.69014E-02
 6.40000E+01   4.50000E+00   3.20000E+01   2.47077E-03   4.70386E-03   9.60932E-02
 6.40000E+01   4.60000E+00   3.20000E+01   2.59248E-03   4.72060E-03   9.78319E-02
 6.40000E+01   4.70000E+00   3.20000E+01   2.71558E-03   4.75030E-03   1.01948E-01
 6.40000E+01   4.80000E+00   3.20000E+01   2.83977E-03   4.79195E-03   1.07941E-01
 6.40000E+01   4.90000E+00   3.20000E+01   2.96478E-03   4.84533E-03   1.15190E-01
 6.40000E+01   5.00000E+00   3.20000E+01   3.09036E-03   4.91027E-03   1.23127E-01
 1.28000E+02   5.00000E-01   6.40000E+01   7.53577E-05   1.03686E-02   1.00000E+00
 1.28000E+02   6.00000E-01   6.40000E+01   7.53730E-05   1.03690E-02   1.00321E+00
 1.28000E+02   7.00000E-01   6.40000E+01   7.54232E-05   1.05540E-02   1.15701E+00
 1.28000E+02   8.00000E-01   6.40000E+01   7.51989E-05   1.08645E-02   1.31063E+00
 1.28000E+02   9.00000E-01   6.40000E+01   7.43315E-05   1.10158E-02   1.39818E+00
 1.28000E+02   1.00000E+00   6.40000E+01   7.25403E-05   1.10937E-02   1.52397E+00
 1.28000E+02   1.10000E+00   6.40000E+01   6.95654E-05   1.11737E-02   1.60692E+00
 1.28000E+02   1.20000E+00   6.40000E+01   6.55217E-05   1.11491E-02   1.60748E+00
 1.28000E+02   1.30000E+00   6.40000E+01   6.10197E-05   1.09771E-02   1.50437E+00
 1.28000E+02   1.40000E+00   6.40000E+01   5.73156E-05   1.06578E-02   1.35271E+00
 1.28000E+02   1.50000E+00   6.40000E+01   5.57098E-05   1.02507E-02   1.19357E+00
 1.28000E+02   1.60000E+00   6.40000E+01   5.69590E-05   9.73971E-03   1.03584E+00
 1.28000E+02   1.70000E+00   6.40000E+01   6.11513E-05   9.13683E-03   8.80447E-01
 1.28000E+02   1.80000E+00   6.40000E+01   6.78705E-05   8.51173E-03   7.55829E-01
 1.28000E+02   1.90000E+00   6.40000E+01   7.64557E-05   7.89474E-03   6.74952E-01
 1.28000E+02   2.00000E+00   6.40000E+01   8.63023E-05   7.30924E-03   6.40751E-01
 1.28000E+02   2.10000E+00   6.40000E+01   9.70044E-05   6.79431E-03   6.29564E-01
 1.28000E+02   2.20000E+00   6.40000E+01   1.08378E-04   6.35974E-03   6.18318E-01
 1.28000E+02   2.30000E+00   6.40000E+01   1.20432E-04   5.99705E-03   5.98521E-01
 1.28000E+02   2.40000E+00   6.40000E+01   1.33318E-04   5.68885E-03   5.67168E-01
 1.28000E+02   2.50000E+00   6.40000E+01   1.47247E-04   5.41822E-03   5.30589E-01
 1.28000E+02   2.60000E+00   6.40000E+01   1.62424E-04   5.16482E-03   4.90058E-01
 1.28000E+02   2.70000E+00   6.40000E+01   1.78952E-04   4.92228E-03   4.47920E-01
 1.28000E+02   2.80000E+00   6.40000E+01   1.96786E-04   4.69583E-03   4.05745E-01
 1.28000E+02   2.90000E+00   6.40000E+01   2.15756E-04   4.49188E-03   3.66437E-01
 1.28000E+02   3.00000E+00   6.40000E+01   2.35639E-04   4.31843E-03   3.33316E-01
 1.28000E+02   3.10000E+00   6.40000E+01   2.56254E-04   4.17980E-03   3.07841E-01
 1.28000E+02   3.20000E+00   6.40000E+01   2.77513E-04   4.07531E-03   2.88917E-01
 1.28000E+02   3.30000E+00   6.40000E+01   2.99396E-04   4.00184E-03   2.74600E-01
 1.28000E+02   3.40000E+00   6.40000E+01   3.21924E-04   3.95605E-03   2.62024E-01
 1.28000E+02   3.50000E+00   6.40000E+01   3.45124E-04   3.93723E-03   2.50244E-01
 1.28000E+02   3.60000E+00   6.40000E+01   3.69004E-04   3.94183E-03   2.39019E-01
 1.28000E+02   3.70000E+00   6.40000E+01   3.93543E-04   3.96018E-03   2.28878E-01
 1.28000E+02   3.80000E+00   6.40000E+01   4.18716E-04   3.98128E-03   2.19888E-01
 1.28000E+02   3.90000E+00   6.40000E+01   4.44527E-04   3.99798E-03   2.11423E-01
 1.28000E+02   4.00000E+00   6.40000E+01   4.71001E-04   4.00735E-03   2.03245E-01
 1.28000E+02   4.10000E+00   6.40000E+01   4.98141E-04   4.00802E-03   1.95247E-01
 1.28000E+02   4.20000E+00   6.40000E+01   5.25915E-04   3.99965E-03   1.87914E-01
 1.28000E+02   4.30000E+00   6.40000E+01   5.54264E-04   3.98222E-03   1.81611E-01
 1.28000E+02   4.40000E+00   6.40000E+01   5.83126E-04   3.95583E-03   1.76618E-01
 1.28000E+02   4.50000E+00   6.40000E+01   6.12437E-04   3.92136E-03   1.72909E-01
 1.28000E+02   4.60000E+00   6.40000E+01   6.42139E-04   3.88089E-03   1.70633E-01
 1.28000E+02   4.70000E+00   6.40000E+01   6.72166E-04   3.83638E-03   1.69923E-01
 1.28000E+02   4.80000E+00   6.40000E+01   7.02447E-04   3.78917E-03   1.70732E-01
 1.28000E+02   4.90000E+00   6.40000E+01   7.32913E-04   3.74068E-03   1.72855E-01
 1.28000E+02   5.00000E+00   6.40000E+01   7.63498E-04   3.69234E-03   1.76036E-01
 2.56000E+02   5.00000E-01   1.28000E+02   1.85357E-05   5.49200E-03   1.00000E+00
 2.56000E+02   6.00000E-01   1.28000E+02   1.85403E-05   5.50018E-03   9.77767E-01
 2.56000E+02   7.00000E-01   1.28000E+02   1.85787E-05   5.55272E-03   1.13735E+00
 2.56000E+02   8.00000E-01   1.28000E+02   1.85377E-05   5.67537E-03   1.41008E+00
 2.56000E+02   9.00000E-01   1.28000E+02   1.82340E-05   5.83639E-03   1.55703E+00
 2.56000E+02   1.00000E+00   1.28000E+02   1.76589E-05   5.97553E-03   1.57192E+00
 2.56000E+02   1.10000E+00   1.28000E+02   1.69599E-05   6.04602E-03   1.53788E+00
 2.56000E+02   1.20000E+00   1.28000E+02   1.62339E-05   6.00074E-03   1.49307E+00
 2.56000E+02   1.30000E+00   1.28000E+02   1.55344E-05   5.84892E-03   1.40999E+00
 2.56000E+02   1.40000E+00   1.28000E+02   1.50271E-05   5.62318E-03   1.28553E+00
 2.56000E+02   1.50000E+00   1.28000E+02   1.49417E-05   5.35338E-03   1.14986E+00
 2.56000E+02   1.60000E+00   1.28000E+02   1.54113E-05   5.04094E-03   1.01720E+00
 2.56000E+02   1.70000E+00   1.28000E+02   1.64513E-05   4.70026E-03   8.84238E-01
 2.56000E+02   1.80000E+00   1.28000E+02   1.80001E-05   4.35346E-03   7.68112E-01
 2.56000E+02   1.90000E+00   1.28000E+02   1.99593E-05   4.01436E-03   6.85843E-01
 2.56000E+02   2.00000E+00   1.28000E+02   2.22355E-05   3.70261E-03   6.37478E-01
 2.56000E+02   2.10000E+00   1.28000E+02   2.47538E-05   3.43700E-03   6.09789E-01
 2.56000E+02   2.20000E+00   1.28000E+02   2.74738E-05   3.22482E-03   5.86371E-01
 2.56000E+02   2.30000E+00   1.28000E+02   3.03957E-05   3.06073E-03   5.61149E-01
 2.56000E+02   2.40000E+00   1.28000E+02   3.35470E-05   2.93573E-03   5.29633E-01
 2.56000E+02   2.50000E+00   1.28000E+02   3.69728E-05   2.83601E-03   4.95389E-01
 2.56000E+02   2.60000E+00   1.28000E+02   4.07170E-05   2.74852E-03   4.59028E-01
 2.56000E+02   2.70000E+00   1.28000E+02   4.48019E-05   2.66923E-03   4.21547E-01
 2.56000E+02   2.80000E+00   1.28000E+02   4.92166E-05   2.59766E-03   3.84755E-01
 2.56000E+02   2.90000E+00   1.28000E+02   5.39211E-05   2.53218E-03   3.50879E-01
 2.56000E+02   3.00000E+00   1.28000E+02   5.88624E-05   2.47085E-03   3.23121E-01
 2.56000E+02   3.10000E+00   1.28000E+02   6.39994E-05   2.41115E-03   3.01930E-01
 2.56000E+02   3.20000E+00   1.28000E+02   6.93121E-05   2.35244E-03   2.86791E-01
 2.56000E+02   3.30000E+00   1.28000E+02   7.47979E-05   2.29624E-03   2.75099E-01
 2.56000E+02   3.40000E+00   1.28000E+02   8.04613E-05   2.24382E-03   2.64214E-01
 2.56000E+02   3.50000E+00   1.28000E+02   8.63063E-05   2.19679E-03   2.52856E-01
 2.56000E+02   3.60000E+00   1.28000E+02   9.23315E-05   2.15605E-03   2.41079E-01
 2.56000E+02   3.70000E+00   1.28000E+02   9.85306E-05   2.12134E-03   2.29534E-01
 2.56000E+02   3.80000E+00   1.28000E+02   1.04898E-04   2.09103E-03   2.18433E-01
 2.56000E+02   3.90000E+00   1.28000E+02   1.11435E-04   2.06335E-03   2.07721E-01
 2.56000E+02   4.00000E+00   1.28000E+02   1.18144E-04   2.03725E-03   1.97390E-01
 2.56000E+02   4.10000E+00   1.28000E+02   1.25022E-04   2.01195E-03   1.87730E-01
 2.56000E+02   4.20000E+00   1.28000E+02   1.32059E-04   1.98679E-03   1.79153E-01
 2.56000E+02   4.30000E+00   1.28000E+02   1.39239E-04   1.96138E-03   1.72072E-01
 2.56000E+02   4.40000E+00   1.28000E+02   1.46546E-04   1.93564E-03   1.66586E-01
 2.56000E+02   4.50000E+00   1.28000E+02   1.53963E-04   1.90953E-03   1.62747E-01
 2.56000E+02   4.60000E+00   1.28000E+02   1.61474E-04   1.88324E-03   1.60622E-01
 2.56000E+02   4.70000E+00   1.28000E+02   1.69063E-04   1.85701E-03   1.60264E-01
 2.56000E+02   4.80000E+00   1.28000E+02   1.76713E-04   1.83101E-03   1.61554E-01
 2.56000E+02   4.90000E+00   1.28000E+02   1.84409E-04   1.80557E-03   1.64236E-01
 2.56000E+02   5.00000E+00   1.28000E+02   1.92134E-04   1.78104E-03   1.67970E-01
 5.12000E+02   5.00000E-01   2.56000E+02   4.68417E-06   2.73647E-03   1.00000E+00
 5.12000E+02   6.00000E-01   2.56000E+02   4.68502E-06   2.74346E-03   9.86921E-01
 5.12000E+02   7.00000E-01   2.56000E+02   4.69594E-06   2.78228E-03   1.07385E+00
 5.12000E+02   8.00000E-01   2.56000E+02   4.70214E-06   2.83595E-03   1.31517E+00
 5.12000E+02   9.00000E-01   2.56000E+02   4.64594E-06   2.91087E-03   1.53839E+00
 5.12000E+02   1.00000E+00   2.56000E+02   4.48897E-06   3.01429E-03   1.62795E+00
 5.12000E+02   1.10000E+00   2.56000E+02   4.25368E-06   3.10353E-03   1.61864E+00
 5.12000E+02   1.20000E+00   2.56000E+02   3.97928E-06   3.12696E-03   1.55900E+00
 5.12000E+02   1.30000E+00   2.56000E+02   3.70921E-06   3.07633E-03   1.44492E+00
 5.12000E+02   1.40000E+00   2.56000E+02   3.50921E-06   2.97280E-03   1.30094E+00
 5.12000E+02   1.50000E+00   2.56000E+02   3.44672E-06   2.83570E-03   1.14972E+00
 5.12000E+02   1.60000E+00   2.56000E+02   3.55751E-06   2.66767E-03   1.00368E+00
 5.12000E+02   1.70000E+00   2.56000E+02   3.83954E-06   2.47751E-03   8.61162E-01
 5.12000E+02   1.80000E+00   2.56000E+02   4.26459E-06   2.27799E-03   7.41942E-01
 5.12000E+02   1.90000E+00   2.56000E+02   4.79425E-06   2.07964E-03   6.65917E-01
 5.12000E+02   2.00000E+00   2.56000E+02   5.39606E-06   1.89443E-03   6.25618E-01
 5.12000E+02   2.10000E+00   2.56000E+02   6.04845E-06   1.73361E-03   6.02885E-01
 5.12000E+02   2.20000E+00   2.56000E+02   6.74179E-06   1.60349E-03   5.83415E-01
 5.12000E+02   2.30000E+00   2.56000E+02   7.47764E-06   1.50323E-03   5.59764E-01
 5.12000E+02   2.40000E+00   2.56000E+02   8.26512E-06   1.42835E-03   5.29404E-01
 5.12000E+02   2.50000E+00   2.56000E+02   9.11779E-06   1.37012E-03   4.95611E-01
 5.12000E+02   2.60000E+00   2.56000E+02   1.00481E-05   1.31987E-03   4.60077E-01
 5.12000E+02   2.70000E+00   2.56000E+02   1.10630E-05   1.27393E-03   4.23777E-01
 5.12000E+02   2.80000E+00   2.56000E+02   1.21605E-05   1.23153E-03   3.87844E-01
 5.12000E+02   2.90000E+00   2.56000E+02   1.33309E-05   1.19258E-03   3.54455E-01
 5.12000E+02   3.00000E+00   2.56000E+02   1.45615E-05   1.15640E-03   3.25717E-01
 5.12000E+02   3.10000E+00   2.56000E+02   1.58417E-05   1.12136E-03   3.02847E-01
 5.12000E+02   3.20000E+00   2.56000E+02   1.71664E-05   1.08686E-03   2.85404E-01
 5.12000E+02   3.30000E+00   2.56000E+02   1.85350E-05   1.05349E-03   2.71377E-01
 5.12000E+02   3.40000E+00   2.56000E+02   1.99489E-05   1.02248E-03   2.58668E-01
 5.12000E+02   3.50000E+00   2.56000E+02   2.14089E-05   9.94880E-04   2.45870E-01
 5.12000E+02   3.60000E+00   2.56000E+02   2.29144E-05   9.71089E-04   2.33364E-01
 5.12000E+02   3.70000E+00   2.56000E+02   2.44636E-05   9.50590E-04   2.21455E-01
 5.12000E+02   3.80000E+00   2.56000E+02   2.60553E-05   9.32321E-04   2.10369E-01
 5.12000E+02   3.90000E+00   2.56000E+02   2.76897E-05   9.15396E-04   1.99807E-01
 5.12000E+02   4.00000E+00   2.56000E+02   2.93674E-05   8.99410E-04   1.89888E-01
 5.12000E+02   4.10000E+00   2.56000E+02   3.10878E-05   8.84070E-04   1.80623E-01
 5.12000E+02   4.20000E+00   2.56000E+02   3.28485E-05   8.69147E-04   1.72297E-01
 5.12000E+02   4.30000E+00   2.56000E+02   3.46455E-05   8.54635E-04   1.65341E-01
 5.12000E+02   4.40000E+00   2.56000E+02   3.64747E-05   8.40638E-04   1.59994E-01
 5.12000E+02   4.50000E+00   2.56000E+02   3.83319E-05   8.27223E-04   1.56290E-01
 5.12000E+02   4.60000E+00   2.56000E+02   4.02132E-05   8.14567E-04   1.54361E-01
 5.12000E+02   4.70000E+00   2.56000E+02   4.21145E-05   8.02851E-04   1.54264E-01
 5.12000E+02   4.80000E+00   2.56000E+02   4.40315E-05   7.92169E-04   1.55937E-01
 5.12000E+02   4.90000E+00   2.56000E+02   4.59600E-05   7.82613E-04   1.59107E-01
 5.12000E+02   5.00000E+00   2.56000E+02   4.78958E-05   7.74245E-04   1.63403E-01
