        Grid    Cell/Diam.            PU        Center        Center        Center        Radius       Tangent     Curvature      Sigma_xx      Sigma_xy      Sigma_xz      Sigma_yx      Sigma_yy      Sigma_yz      Sigma_zx      Sigma_zy      Sigma_zz       StressT        XForce        YForce        ZForce
        Size                      Spread             X             Y             Z         Error         Error         Error         Error         Error         Error         Error         Error         Error         Error         Error         Error         Error         Error         Error         Error
 1.60000E+01   3.20000E+00   5.00000E-01   0.00000E+00   0.00000E+00   0.00000E+00   7.47018E-03   5.97267E-01   5.29150E+00   3.29912E-01   1.64509E-01   0.00000E+00   2.58845E-01   2.85798E-01   0.00000E+00   1.03371E-16   3.19352E-17   4.68156E-01   2.36586E-01   4.74135E+01   3.87782E+01   3.63217E-14
 1.60000E+01   3.20000E+00   6.00000E-01   0.00000E+00   0.00000E+00   0.00000E+00   7.46973E-03   5.98292E-01   5.14936E+00   3.29912E-01   1.64509E-01   0.00000E+00   1.96965E-01   2.85798E-01   0.00000E+00   1.51153E-11   7.00970E-16   4.68156E-01   2.29867E-01   5.91709E+02   4.83970E+02   6.18631E+02
 1.60000E+01   3.20000E+00   7.00000E-01   0.00000E+00   0.00000E+00   0.00000E+00   7.41609E-03   6.22994E-01   4.63076E+00   3.29912E-01   1.64509E-01   0.00000E+00   1.22804E-01   2.85798E-01   0.00000E+00   1.12639E-09   1.88157E-09   4.68156E-01   2.24062E-01   3.41959E+02   3.71536E+02   9.10385E+01
 1.60000E+01   3.20000E+00   8.00000E-01   0.00000E+00   0.00000E+00   0.00000E+00   7.16932E-03   6.40654E-01   4.73773E+00   1.87436E-01   5.46088E-02   0.00000E+00   1.22925E-01   2.42074E-01   0.00000E+00   1.01478E-08   6.26049E-09   4.18834E-01   1.78651E-01   3.65107E+02   4.38800E+02   6.07579E+02
 1.60000E+01   3.20000E+00   9.00000E-01   0.00000E+00   0.00000E+00   0.00000E+00   6.77461E-03   6.15726E-01   4.15622E+00   1.87380E-01   4.96081E-02   0.00000E+00   5.96491E-02   1.88788E-01   0.00000E+00   1.04963E-07   3.59745E-09   2.28543E-01   1.19723E-01   1.32727E+04   1.32727E+04   1.32726E+04
 1.60000E+01   3.20000E+00   1.00000E+00   0.00000E+00   0.00000E+00   0.00000E+00   6.47959E-03   5.68257E-01   3.20003E+00   2.23243E-02   4.40616E-02   0.00000E+00   9.80230E-02   2.78783E-02   1.22869E-06   2.80436E-07   5.04492E-09   1.22007E-01   5.54890E-02   7.66295E+03   1.71348E+04   1.71348E+04
 1.60000E+01   3.20000E+00   1.10000E+00   0.00000E+00   0.00000E+00   0.00000E+00   6.53726E-03   5.22218E-01   2.89942E+00   2.02044E-02   3.80803E-02   6.17648E-08   8.19721E-02   2.28676E-02   6.52998E-05   3.01856E-07   3.47088E-09   1.17766E-01   5.05191E-02   1.32726E+04   2.96707E+01   1.32726E+04
 1.60000E+01   3.20000E+00   1.20000E+00   0.00000E+00   0.00000E+00   0.00000E+00   6.97573E-03   4.88264E-01   3.07047E+00   1.89509E-02   3.26802E-02   4.42288E-08   6.75859E-02   1.93321E-02   4.35316E-05   2.41112E-07   9.14572E-10   1.14756E-01   4.65924E-02   7.66294E+03   7.66295E+03   8.84008E-05
 1.60000E+01   3.20000E+00   1.30000E+00   0.00000E+00   0.00000E+00   0.00000E+00   7.61130E-03   4.69068E-01   3.06046E+00   1.89494E-02   2.95027E-02   3.15151E-08   5.53621E-02   1.69267E-02   2.95086E-05   1.57074E-07   8.16859E-09   4.84724E-02   2.77500E-02   7.66293E+03   7.66294E+03   4.65730E-05
 1.60000E+01   3.20000E+00   1.40000E+00   0.00000E+00   0.00000E+00   0.00000E+00   8.41680E-03   4.68064E-01   2.74200E+00   1.97061E-02   2.86970E-02   2.24709E-08   4.53199E-02   1.48201E-02   1.95194E-05   2.11669E-07   1.70513E-08   3.93606E-02   2.36517E-02   1.32726E+04   1.61483E+01   7.66291E+03
 1.60000E+01   3.20000E+00   1.50000E+00   0.00000E+00   0.00000E+00   0.00000E+00   9.48268E-03   4.72371E-01   2.72840E+00   2.05483E-02   2.91443E-02   1.71462E-08   3.77837E-02   1.28080E-02   1.23795E-05   4.51113E-07   2.81953E-08   3.77893E-02   2.18360E-02   1.70312E+01   1.35288E+01   4.52233E-01
 1.60000E+01   3.20000E+00   1.60000E+00   0.00000E+00   0.00000E+00   0.00000E+00   1.08659E-02   4.75403E-01   2.87742E+00   2.08337E-02   2.98121E-02   1.11304E-08   3.29809E-02   1.09658E-02   7.22950E-06   7.74981E-07   4.77840E-08   3.72691E-02   2.08694E-02   1.73246E+01   1.21452E+01   2.95400E-04
 1.60000E+01   3.20000E+00   1.70000E+00   0.00000E+00   0.00000E+00   0.00000E+00   1.25561E-02   4.78881E-01   2.99177E+00   2.03558E-02   3.01160E-02   7.12755E-09   2.99054E-02   9.50647E-03   3.75540E-06   1.14135E-06   8.46992E-08   3.76344E-02   2.03371E-02   1.97120E+01   1.14919E+01   4.32041E-04
 1.60000E+01   3.20000E+00   1.80000E+00   0.00000E+00   0.00000E+00   0.00000E+00   1.45236E-02   4.81858E-01   2.97398E+00   1.92063E-02   2.99616E-02   4.61129E-09   2.72256E-02   8.61808E-03   1.57391E-06   1.51653E-06   1.40008E-07   3.88730E-02   1.99811E-02   1.53258E+04   1.08178E+01   4.46806E+00
 1.60000E+01   3.20000E+00   1.90000E+00   0.00000E+00   0.00000E+00   0.00000E+00   1.67306E-02   4.79702E-01   3.10414E+00   1.76423E-02   2.94763E-02   2.95867E-09   2.45157E-02   8.19426E-03   2.56850E-07   1.87495E-06   2.07171E-07   4.10232E-02   1.98079E-02   1.61518E+01   9.92367E+00   7.08037E-04
 1.60000E+01   3.20000E+00   2.00000E+00   0.00000E+00   0.00000E+00   0.00000E+00   1.91473E-02   4.70423E-01   2.99923E+00   1.59250E-02   2.87666E-02   1.89091E-09   2.20535E-02   8.18233E-03   6.49660E-07   2.20708E-06   2.79576E-07   4.40492E-02   1.99298E-02   1.54037E+01   8.98557E+00   8.33323E-04
 1.60000E+01   3.20000E+00   2.10000E+00   0.00000E+00   0.00000E+00   0.00000E+00   2.17442E-02   4.55450E-01   3.00647E+00   1.41771E-02   2.77812E-02   1.05188E-09   2.03354E-02   8.57368E-03   1.22989E-06   2.50710E-06   3.51147E-07   4.78951E-02   2.04227E-02   1.45583E+01   8.27817E+00   3.79841E+01
 1.60000E+01   3.20000E+00   2.20000E+00   0.00000E+00   0.00000E+00   0.00000E+00   2.44880E-02   4.37043E-01   2.66498E+00   1.25596E-02   2.64508E-02   7.53117E-10   1.95400E-02   9.25419E-03   1.68868E-06   2.77229E-06   4.16884E-07   5.25021E-02   2.12950E-02   1.36032E+01   7.92770E+00   1.04547E-03
 1.60000E+01   3.20000E+00   2.30000E+00   0.00000E+00   0.00000E+00   0.00000E+00   2.73667E-02   4.17308E-01   2.32539E+00   1.12354E-02   2.47849E-02   1.40029E-09   1.95292E-02   1.01224E-02   2.10437E-06   3.00710E-06   4.73579E-07   5.77968E-02   2.25212E-02   1.25570E+01   8.08674E+00   1.13284E-03
 1.60000E+01   3.20000E+00   2.40000E+00   0.00000E+00   0.00000E+00   0.00000E+00   3.03796E-02   3.98426E-01   2.05131E+00   1.02861E-02   2.28273E-02   1.88572E-09   2.00418E-02   1.11883E-02   2.51865E-06   3.21653E-06   2.88335E-05   1.04311E-01   3.65675E-02   1.14277E+01   8.20731E+00   1.63200E+00
 1.60000E+01   3.20000E+00   2.50000E+00   0.00000E+00   0.00000E+00   0.00000E+00   3.35292E-02   3.82483E-01   1.83665E+00   9.71165E-03   2.06291E-02   2.56313E-09   2.08538E-02   1.25149E-02   2.94897E-06   3.40607E-06   2.15260E-05   1.34782E-01   4.62811E-02   1.02595E+01   8.66267E+00   8.48947E-03
 1.60000E+01   3.20000E+00   2.60000E+00   0.00000E+00   0.00000E+00   0.00000E+00   3.68164E-02   3.70513E-01   1.65563E+00   2.61873E-01   2.58712E-01   4.34763E-09   2.18009E-02   1.40720E-02   3.39174E-06   3.58057E-06   1.82646E-05   1.62808E-01   1.34449E-01   5.42380E+03   9.25062E+00   1.76148E+00
 1.60000E+01   3.20000E+00   2.70000E+00   0.00000E+00   0.00000E+00   0.00000E+00   4.02425E-02   3.62451E-01   1.49452E+00   2.61835E-01   2.56409E-01   7.60226E-09   2.27819E-02   1.57619E-02   3.81062E-06   3.74334E-06   1.62699E-05   1.88498E-01   1.37680E-01   5.42379E+03   9.89761E+00   1.76148E+00
 1.60000E+01   3.20000E+00   2.80000E+00   0.00000E+00   0.00000E+00   0.00000E+00   4.38063E-02   3.57658E-01   1.38651E+00   2.61795E-01   2.54055E-01   1.26701E-08   2.08916E-01   1.90646E-01   4.16420E-06   3.89637E-06   1.48319E-05   2.12221E-01   1.69348E-01   1.21741E+01   1.03910E+01   2.54539E+01
 1.60000E+01   3.20000E+00   2.90000E+00   0.00000E+00   0.00000E+00   0.00000E+00   4.75065E-02   3.55532E-01   1.32986E+00   2.61762E-01   2.51677E-01   1.94254E-08   2.08842E-01   1.91962E-01   4.41832E-06   4.03938E-06   1.36788E-05   2.34619E-01   1.72360E-01   1.08370E+04   1.54577E+01   1.92475E+00
 1.60000E+01   3.20000E+00   3.00000E+00   0.00000E+00   0.00000E+00   0.00000E+00   5.13497E-02   3.55454E-01   1.33006E+00   2.61743E-01   2.49275E-01   2.71775E-08   2.08785E-01   1.93294E-01   4.62715E-06   4.17061E-06   1.26885E-05   2.56258E-01   1.75521E-01   5.99344E+01   1.06707E+01   2.73824E+01
 1.60000E+01   3.20000E+00   3.10000E+00   0.00000E+00   0.00000E+00   0.00000E+00   5.53464E-02   3.57373E-01   1.37665E+00   2.61738E-01   2.46842E-01   3.50740E-08   2.08735E-01   1.94619E-01   4.80319E-06   4.30129E-06   1.18462E-05   2.77476E-01   1.78847E-01   6.43447E+00   3.69701E+01   5.34017E-03
 1.60000E+01   3.20000E+00   3.20000E+00   0.00000E+00   0.00000E+00   0.00000E+00   5.95049E-02   3.61470E-01   1.43045E+00   2.61751E-01   2.44379E-01   4.27041E-08   2.08678E-01   1.95919E-01   4.95997E-06   4.89935E-06   1.19441E-05   2.98465E-01   1.82345E-01   3.38723E+02   1.08370E+04   1.83716E+01
 1.60000E+01   3.20000E+00   3.30000E+00   0.00000E+00   0.00000E+00   0.00000E+00   6.38300E-02   3.67897E-01   1.48280E+00   3.23083E-01   3.11360E-01   5.03318E-08   2.08604E-01   1.97185E-01   5.10738E-06   7.93728E-06   1.56346E-05   3.19359E-01   2.07020E-01   7.38518E+00   1.47129E+01   2.35113E+01
 1.60000E+01   3.20000E+00   3.40000E+00   0.00000E+00   0.00000E+00   0.00000E+00   6.83249E-02   3.76338E-01   1.52752E+00   4.02180E-01   3.09544E-01   5.90160E-08   2.08510E-01   1.98415E-01   5.25217E-06   1.63314E-05   2.74487E-05   3.40247E-01   2.25137E-01   7.70503E+00   2.77702E+01   1.83716E+01
 1.60000E+01   3.20000E+00   3.50000E+00   0.00000E+00   0.00000E+00   0.00000E+00   7.29929E-02   3.86224E-01   1.56922E+00   4.02494E-01   3.07566E-01   6.98123E-08   3.06390E-01   2.92351E-01   5.39787E-06   3.23126E-05   5.12555E-05   3.53046E-01   2.49574E-01   3.46738E+01   1.21322E+01   2.71128E-02
 1.60000E+01   3.20000E+00   3.60000E+00   0.00000E+00   0.00000E+00   0.00000E+00   7.78408E-02   3.96968E-01   1.60918E+00   4.02773E-01   3.05550E-01   2.19022E-07   3.06096E-01   2.93513E-01   5.11877E-06   5.70281E-05   8.83551E-05   3.63678E-01   2.51151E-01   2.70079E+01   1.23320E+01   1.07011E+01
 1.60000E+01   3.20000E+00   3.70000E+00   0.00000E+00   0.00000E+00   0.00000E+00   8.28759E-02   4.08121E-01   1.64280E+00   4.03019E-01   3.03498E-01   1.63979E-06   3.05788E-01   2.94668E-01   7.06702E-06   9.04471E-05   1.38922E-04   3.75208E-01   2.52906E-01   4.45896E+01   1.25519E+01   9.19191E+00
 1.60000E+01   3.20000E+00   3.80000E+00   0.00000E+00   0.00000E+00   0.00000E+00   8.81047E-02   4.19338E-01   1.67202E+00   4.03230E-01   3.01412E-01   5.64622E-06   3.05462E-01   2.95812E-01   3.17662E-05   1.32256E-04   2.02749E-04   3.87590E-01   2.54838E-01   9.90585E+00   5.38339E+01   3.67326E+01
 1.60000E+01   3.20000E+00   3.90000E+00   0.00000E+00   0.00000E+00   0.00000E+00   9.35319E-02   4.30414E-01   1.69654E+00   4.03407E-01   2.99295E-01   1.28013E-05   3.32370E-01   3.26375E-01   8.00340E-05   1.82297E-04   2.77771E-04   4.00787E-01   2.64562E-01   2.39701E+02   3.09598E+01   2.35118E+01
 1.60000E+01   3.20000E+00   4.00000E+00   0.00000E+00   0.00000E+00   0.00000E+00   9.91600E-02   4.41384E-01   1.70817E+00   4.03555E-01   2.97157E-01   2.30874E-05   3.41858E-01   3.27438E-01   1.51991E-04   2.40154E-04   3.61296E-04   4.14772E-01   2.68178E-01   3.28711E+02   3.28006E+02   3.38659E+02
 1.60000E+01   3.20000E+00   4.10000E+00   0.00000E+00   0.00000E+00   0.00000E+00   1.04990E-01   4.52464E-01   1.70774E+00   4.03681E-01   2.95008E-01   3.62306E-05   3.41635E-01   3.28519E-01   2.46238E-04   3.05091E-04   4.51105E-04   4.29523E-01   2.70620E-01   3.26819E+02   3.27050E+02   3.38659E+02
 1.60000E+01   3.20000E+00   4.20000E+00   0.00000E+00   0.00000E+00   0.00000E+00   1.11022E-01   4.63847E-01   1.70382E+00   4.03792E-01   2.92858E-01   5.17442E-05   3.41391E-01   3.29625E-01   3.58874E-04   3.75965E-04   5.44876E-04   4.45022E-01   2.73264E-01   1.29298E+01   2.88664E+01   1.60103E+01
 1.60000E+01   3.20000E+00   4.30000E+00   0.00000E+00   0.00000E+00   0.00000E+00   1.17254E-01   4.75687E-01   1.70016E+00   4.03897E-01   2.90707E-01   6.91205E-05   3.41124E-01   3.30759E-01   4.84833E-04   4.51032E-04   6.40495E-04   4.61250E-01   2.76117E-01   1.37446E+01   3.07905E+01   3.76211E+01
 1.60000E+01   3.20000E+00   4.40000E+00   0.00000E+00   0.00000E+00   0.00000E+00   1.23679E-01   4.88133E-01   1.69737E+00   4.04000E-01   2.88556E-01   8.79841E-05   3.40833E-01   3.31919E-01   6.18659E-04   5.28134E-04   7.36261E-04   4.78180E-01   2.79180E-01   1.45794E+01   3.77124E+01   3.74072E+01
 1.60000E+01   3.20000E+00   4.50000E+00   0.00000E+00   0.00000E+00   0.00000E+00   1.30291E-01   5.01340E-01   1.69215E+00   4.65385E-01   2.63726E-01   1.06454E-04   3.40516E-01   3.33102E-01   7.54609E-04   6.05009E-04   8.29943E-04   4.95780E-01   2.90372E-01   2.43526E+02   4.17672E+01   1.32730E+01
 1.60000E+01   3.20000E+00   4.60000E+00   0.00000E+00   0.00000E+00   0.00000E+00   1.37081E-01   5.15390E-01   1.68589E+00   4.69035E-01   2.67572E-01   1.24445E-04   3.40173E-01   3.34302E-01   8.87687E-04   6.79560E-04   9.19030E-04   5.14017E-01   2.95010E-01   5.34127E+01   3.76346E+01   2.73772E+01
 1.60000E+01   3.20000E+00   4.70000E+00   0.00000E+00   0.00000E+00   0.00000E+00   1.44042E-01   5.30299E-01   1.68278E+00   4.70037E-01   2.65434E-01   1.41905E-04   3.39805E-01   3.35514E-01   1.01387E-03   7.49965E-04   1.00146E-03   5.32848E-01   2.98767E-01   5.54663E+01   3.36848E+01   5.86159E-01
 1.60000E+01   3.20000E+00   4.80000E+00   0.00000E+00   0.00000E+00   0.00000E+00   1.51166E-01   5.46037E-01   1.68513E+00   4.71033E-01   2.88792E-01   1.58403E-04   3.39412E-01   3.36733E-01   1.12924E-03   8.14435E-04   1.07529E-03   5.52231E-01   3.05291E-01   3.74848E+01   3.33906E+02   4.81275E+01
 1.60000E+01   3.20000E+00   4.90000E+00   0.00000E+00   0.00000E+00   0.00000E+00   1.58443E-01   5.62533E-01   1.69401E+00   4.72026E-01   2.86624E-01   1.73670E-04   3.39812E-01   3.38948E-01   1.07076E-03   8.07478E-04   1.09271E-03   5.70083E-01   3.09178E-01   4.33065E+01   3.97270E+01   3.49154E+01
 1.60000E+01   3.20000E+00   5.00000E+00   0.00000E+00   0.00000E+00   0.00000E+00   1.65864E-01   5.79694E-01   1.70835E+00   4.73013E-01   2.95458E-01   1.84978E-04   3.39645E-01   3.43569E-01   1.10196E-03   8.56906E-04   1.15310E-03   5.85914E-01   3.14065E-01   4.24347E+01   3.88084E+01   6.61375E-01
 3.20000E+01   6.40000E+00   5.00000E-01   0.00000E+00   0.00000E+00   0.00000E+00   9.70383E-04   3.10160E-01   3.96863E+00   2.45319E-01   1.67842E-01   0.00000E+00   1.52877E-01   2.06440E-01   0.00000E+00   3.68285E-07   8.25546E-07   3.30023E-01   1.71028E-01   6.86512E+01   5.02988E+01   1.32208E-03
 3.20000E+01   6.40000E+00   6.00000E-01   0.00000E+00   0.00000E+00   0.00000E+00   9.70390E-04   3.10205E-01   3.94603E+00   2.45319E-01   1.20393E-01   0.00000E+00   1.27652E-01   2.06440E-01   0.00000E+00   2.22717E-07   1.13434E-06   3.30023E-01   1.64149E-01   7.38326E+02   1.42996E+03   1.01088E+03
 3.20000E+01   6.40000E+00   7.00000E-01   0.00000E+00   0.00000E+00   0.00000E+00   9.72288E-04   3.15242E-01   3.56885E+00   2.45319E-01   1.20392E-01   0.00000E+00   1.27651E-01   2.06440E-01   0.00000E+00   8.16578E-08   2.57281E-07   3.30023E-01   1.64148E-01   1.76045E+03   1.68383E+03   1.75058E+03
 3.20000E+01   6.40000E+00   8.00000E-01   0.00000E+00   0.00000E+00   0.00000E+00   9.71826E-04   3.29760E-01   3.08913E+00   2.07511E-01   1.15596E-01   0.00000E+00   1.20919E-01   2.09605E-01   0.00000E+00   1.54739E-08   7.68475E-08   2.84132E-01   1.47464E-01   1.03159E+03   1.14314E+03   1.42427E+03
 3.20000E+01   6.40000E+00   9.00000E-01   0.00000E+00   0.00000E+00   0.00000E+00   9.58704E-04   3.43780E-01   2.93086E+00   1.52337E-01   6.34716E-02   0.00000E+00   7.40379E-02   1.27682E-01   3.51230E-08   1.12491E-08   3.33652E-08   2.28365E-01   1.06024E-01   1.72716E+02   1.77418E+02   8.35805E+01
 3.20000E+01   6.40000E+00   1.00000E+00   0.00000E+00   0.00000E+00   0.00000E+00   9.24106E-04   3.52386E-01   2.59486E+00   9.11836E-03   1.83082E-02   7.70110E-06   4.99445E-02   5.53356E-02   8.20723E-06   1.40055E-08   1.56357E-08   1.53339E-01   5.72398E-02   3.15136E+01   7.64524E+01   7.17213E+01
 3.20000E+01   6.40000E+00   1.10000E+00   0.00000E+00   0.00000E+00   0.00000E+00   8.57737E-04   3.54125E-01   2.12428E+00   8.10725E-03   1.60616E-02   5.29778E-06   4.82969E-02   5.45503E-02   5.74437E-06   8.58505E-09   8.81809E-09   8.56998E-02   3.79715E-02   2.37621E+01   5.34943E+01   2.17795E-05
 3.20000E+01   6.40000E+00   1.20000E+00   0.00000E+00   0.00000E+00   0.00000E+00   7.88777E-04   3.48170E-01   1.75724E+00   6.97128E-03   1.43206E-02   3.67144E-06   6.56301E-02   5.39916E-02   4.17284E-06   7.35470E-09   5.15055E-09   3.34129E-02   3.08986E-02   1.07559E+02   2.97821E+01   9.92616E+01
 3.20000E+01   6.40000E+00   1.30000E+00   0.00000E+00   0.00000E+00   0.00000E+00   8.03649E-04   3.36261E-01   1.70952E+00   5.88133E-03   1.33559E-02   2.52685E-06   6.60263E-02   5.34535E-02   2.99211E-06   5.49427E-08   1.92098E-08   6.76661E-03   2.88203E-02   1.07466E+02   1.45746E+01   9.57273E-05
 3.20000E+01   6.40000E+00   1.40000E+00   0.00000E+00   0.00000E+00   0.00000E+00   9.69688E-04   3.20278E-01   1.95784E+00   4.95976E-03   1.29615E-02   1.69969E-06   6.56992E-02   5.28532E-02   2.21267E-06   1.56409E-07   7.35939E-08   6.83532E-03   2.85758E-02   2.20861E+01   1.33935E+01   2.96135E-04
 3.20000E+01   6.40000E+00   1.50000E+00   0.00000E+00   0.00000E+00   0.00000E+00   1.25794E-03   3.01197E-01   2.20307E+00   4.26992E-03   1.30497E-02   1.09147E-06   6.49637E-02   5.23120E-02   1.49295E-06   3.09481E-07   1.50317E-07   6.92910E-03   2.82712E-02   8.81792E+02   1.01317E+03   1.08516E+03
 3.20000E+01   6.40000E+00   1.60000E+00   0.00000E+00   0.00000E+00   0.00000E+00   1.61787E-03   2.78923E-01   2.46497E+00   3.81780E-03   1.33454E-02   6.37750E-07   6.42070E-02   5.19092E-02   9.22693E-07   4.98219E-07   2.36261E-07   7.12746E-03   2.80091E-02   2.28134E+01   1.19148E+01   9.57274E-04
 3.20000E+01   6.40000E+00   1.70000E+00   0.00000E+00   0.00000E+00   0.00000E+00   2.01834E-03   2.55140E-01   2.29266E+00   3.55897E-03   1.37569E-02   3.30660E-07   6.37097E-02   5.16869E-02   4.96321E-07   7.05872E-07   3.22654E-07   7.48038E-03   2.78654E-02   4.25827E+02   1.15812E+01   1.34804E-03
 3.20000E+01   6.40000E+00   1.80000E+00   0.00000E+00   0.00000E+00   0.00000E+00   2.43946E-03   2.31476E-01   2.31285E+00   3.43561E-03   1.41505E-02   1.38933E-07   6.35596E-02   5.16549E-02   1.98169E-07   9.17531E-07   4.05074E-07   8.01062E-03   2.78573E-02   2.39518E+01   8.94085E+01   1.74197E-03
 3.20000E+01   6.40000E+00   1.90000E+00   0.00000E+00   0.00000E+00   0.00000E+00   2.87072E-03   2.08616E-01   2.47726E+00   3.41632E-03   1.43766E-02   2.33868E-08   6.36750E-02   5.17624E-02   2.87090E-08   1.12015E-06   4.81244E-07   8.75334E-03   2.79460E-02   2.19317E+03   1.36207E+03   2.11821E-03
 3.20000E+01   6.40000E+00   2.00000E+00   0.00000E+00   0.00000E+00   0.00000E+00   3.30670E-03   1.88237E-01   2.38139E+00   3.47477E-03   1.44044E-02   5.59822E-08   6.39416E-02   5.19621E-02   1.38099E-07   1.30299E-06   5.50138E-07   9.74200E-03   2.80932E-02   2.53835E+02   1.06184E+03   1.16893E+02
 3.20000E+01   6.40000E+00   2.10000E+00   0.00000E+00   0.00000E+00   0.00000E+00   3.74726E-03   1.72246E-01   2.25642E+00   3.55913E-03   1.42720E-02   1.08350E-07   6.42834E-02   5.22240E-02   2.23671E-07   1.46150E-06   6.11470E-07   1.09831E-02   2.82778E-02   2.41773E+01   1.05293E+01   2.75793E-03
 3.20000E+01   6.40000E+00   2.20000E+00   0.00000E+00   0.00000E+00   0.00000E+00   4.19618E-03   1.61697E-01   2.11504E+00   3.60582E-03   1.40372E-02   1.50437E-07   6.46575E-02   5.25268E-02   2.86788E-07   1.59607E-06   6.64956E-07   1.24728E-02   2.84903E-02   1.49727E+02   1.09338E+03   2.39543E+00
 3.20000E+01   6.40000E+00   2.30000E+00   0.00000E+00   0.00000E+00   0.00000E+00   4.65848E-03   1.56414E-01   1.98653E+00   3.58193E-03   1.37760E-02   1.88227E-07   6.50462E-02   5.28525E-02   3.40919E-07   1.71095E-06   7.11201E-07   1.42089E-02   2.87303E-02   2.35248E+01   1.03978E+01   3.23173E-03
 3.20000E+01   6.40000E+00   2.40000E+00   0.00000E+00   0.00000E+00   0.00000E+00   5.13944E-03   1.54800E-01   1.85452E+00   3.49336E-03   1.35528E-02   2.24560E-07   6.54430E-02   5.31870E-02   3.93804E-07   1.81210E-06   7.51680E-07   1.61812E-02   2.90007E-02   2.32327E+01   1.05778E+01   3.42418E-03
 3.20000E+01   6.40000E+00   2.50000E+00   0.00000E+00   0.00000E+00   0.00000E+00   5.64358E-03   1.54808E-01   1.71731E+00   3.37966E-03   1.34071E-02   2.60386E-07   6.58439E-02   5.35206E-02   4.48708E-07   1.90357E-06   7.88006E-07   1.83655E-02   2.93036E-02   2.30532E+01   1.09955E+01   3.59827E-03
 3.20000E+01   6.40000E+00   2.60000E+00   0.00000E+00   0.00000E+00   0.00000E+00   6.17383E-03   1.54944E-01   1.58020E+00   3.27960E-03   1.33468E-02   2.95168E-07   6.62479E-02   5.38418E-02   5.05559E-07   1.98717E-06   8.21521E-07   2.07279E-02   2.96391E-02   2.29871E+01   1.16327E+01   3.75824E-03
 3.20000E+01   6.40000E+00   2.70000E+00   0.00000E+00   0.00000E+00   0.00000E+00   6.73089E-03   1.54715E-01   1.46026E+00   3.20188E-03   1.33373E-02   3.26150E-07   6.66580E-02   5.41301E-02   5.60701E-07   2.06344E-06   8.53128E-07   2.32315E-02   3.00022E-02   2.53707E+02   1.06186E+03   1.16893E+02
 3.20000E+01   6.40000E+00   2.80000E+00   0.00000E+00   0.00000E+00   0.00000E+00   7.31373E-03   1.54594E-01   1.35412E+00   3.13454E-03   1.33399E-02   3.52151E-07   6.70696E-02   5.43776E-02   6.10858E-07   2.13139E-06   8.83408E-07   2.58471E-02   3.03884E-02   2.29220E+01   1.31093E+01   4.04002E-03
 3.20000E+01   6.40000E+00   2.90000E+00   0.00000E+00   0.00000E+00   0.00000E+00   7.92033E-03   1.54911E-01   1.27484E+00   2.15159E-02   2.10803E-02   3.73585E-07   6.74719E-02   5.45952E-02   6.54536E-07   2.18998E-06   9.12457E-07   2.85633E-02   3.20698E-02   3.85494E+01   1.37920E+01   4.15958E-03
 3.20000E+01   6.40000E+00   3.00000E+00   0.00000E+00   0.00000E+00   0.00000E+00   8.54837E-03   1.55652E-01   1.22787E+00   2.44112E-02   2.10305E-02   3.91373E-07   6.78554E-02   5.47963E-02   6.92156E-07   2.23703E-06   9.40300E-07   3.13873E-02   3.27114E-02   4.13464E+01   1.44127E+01   4.26132E-03
 3.20000E+01   6.40000E+00   3.10000E+00   0.00000E+00   0.00000E+00   0.00000E+00   9.19645E-03   1.56350E-01   1.21001E+00   2.68376E-02   2.09598E-02   4.06465E-07   6.82133E-02   5.49909E-02   7.25224E-07   2.25776E-06   9.69689E-07   3.43346E-02   3.33591E-02   4.38439E+01   1.49704E+01   4.32405E-03
 3.20000E+01   6.40000E+00   3.20000E+00   0.00000E+00   0.00000E+00   0.00000E+00   9.86453E-03   1.56671E-01   1.19045E+00   2.89143E-02   2.08690E-02   4.19599E-07   6.85415E-02   5.51845E-02   7.55327E-07   2.04293E-06   1.05251E-06   3.74162E-02   3.40176E-02   4.60514E+01   9.59041E+02   4.05291E-03
 3.20000E+01   6.40000E+00   3.30000E+00   0.00000E+00   0.00000E+00   0.00000E+00   1.05537E-02   1.56660E-01   1.16008E+00   3.07215E-02   2.07549E-02   4.31308E-07   6.88386E-02   5.53754E-02   7.83743E-07   1.45529E-06   1.61536E-06   4.06338E-02   3.46905E-02   4.80056E+01   1.58707E+01   3.60746E-03
 3.20000E+01   6.40000E+00   3.40000E+00   0.00000E+00   0.00000E+00   0.00000E+00   1.12655E-02   1.56587E-01   1.12162E+00   3.23176E-02   2.06133E-02   4.42004E-07   6.91047E-02   5.55597E-02   8.11417E-07   3.09016E-06   3.66736E-06   4.39820E-02   3.53806E-02   4.97569E+01   1.61829E+01   7.64925E-03
 3.20000E+01   6.40000E+00   3.50000E+00   0.00000E+00   0.00000E+00   0.00000E+00   1.20010E-02   1.56644E-01   1.08536E+00   3.37549E-02   2.04452E-02   4.51954E-07   6.93388E-02   5.57357E-02   8.38980E-07   7.96291E-06   7.77975E-06   4.74525E-02   3.60917E-02   5.13646E+01   9.59056E+02   1.83870E-02
 3.20000E+01   6.40000E+00   3.60000E+00   0.00000E+00   0.00000E+00   0.00000E+00   1.27600E-02   1.56781E-01   1.05097E+00   3.50759E-02   2.02542E-02   5.19953E-07   6.95379E-02   5.59036E-02   1.03248E-06   1.55549E-05   1.42404E-05   5.10393E-02   3.68274E-02   5.28825E+01   9.59059E+02   3.55518E-02
 3.20000E+01   6.40000E+00   3.70000E+00   0.00000E+00   0.00000E+00   0.00000E+00   1.35421E-02   1.56917E-01   1.01564E+00   3.63110E-02   2.00463E-02   1.05155E-06   6.97024E-02   5.60644E-02   3.89797E-06   2.58390E-05   2.31028E-05   5.47390E-02   3.75919E-02   9.59405E+02   1.67044E+01   5.90909E-02
 3.20000E+01   6.40000E+00   3.80000E+00   0.00000E+00   0.00000E+00   0.00000E+00   1.43464E-02   1.57043E-01   9.83856E-01   3.74745E-02   1.98268E-02   2.48421E-06   6.98363E-02   5.62198E-02   1.24135E-05   3.86607E-05   3.41401E-05   5.85508E-02   3.83890E-02   5.57592E+01   1.67916E+01   8.85747E-02
 3.20000E+01   6.40000E+00   3.90000E+00   0.00000E+00   0.00000E+00   0.00000E+00   1.51723E-02   1.57237E-01   9.58483E-01   3.85735E-02   1.95996E-02   4.97999E-06   6.99436E-02   5.63685E-02   2.74574E-05   5.38764E-05   4.71157E-05   6.24722E-02   3.92207E-02   9.60617E+02   1.69183E+01   1.23603E-01
 3.20000E+01   6.40000E+00   4.00000E+00   0.00000E+00   0.00000E+00   0.00000E+00   1.60197E-02   1.57543E-01   9.37521E-01   3.96173E-02   1.93679E-02   8.49595E-06   7.00280E-02   5.65086E-02   4.87594E-05   7.13927E-05   6.18876E-05   6.64981E-02   4.00885E-02   5.84722E+01   1.70621E+01   1.63895E-01
 3.20000E+01   6.40000E+00   4.10000E+00   0.00000E+00   0.00000E+00   0.00000E+00   1.68885E-02   1.57970E-01   9.16802E-01   4.06181E-02   1.91344E-02   1.29022E-05   1.35624E-01   1.27658E-01   7.51955E-05   9.10958E-05   7.83118E-05   7.06227E-02   6.80636E-02   5.97776E+01   1.71954E+01   2.09115E-01
 3.20000E+01   6.40000E+00   4.20000E+00   0.00000E+00   0.00000E+00   0.00000E+00   1.77782E-02   1.58485E-01   8.96640E-01   4.15880E-02   1.89010E-02   1.80252E-05   1.35497E-01   1.27638E-01   1.05251E-04   1.12631E-04   9.60257E-05   7.48412E-02   6.85882E-02   1.28011E+03   1.36220E+03   1.65907E+03
 3.20000E+01   6.40000E+00   4.30000E+00   0.00000E+00   0.00000E+00   0.00000E+00   1.86881E-02   1.59057E-01   8.78589E-01   4.25371E-02   1.86719E-02   2.36524E-05   1.35370E-01   1.27630E-01   1.37242E-04   1.35258E-04   1.14495E-04   7.91503E-02   6.91516E-02   6.23912E+01   1.75111E+01   1.42428E+02
 3.20000E+01   6.40000E+00   4.40000E+00   0.00000E+00   0.00000E+00   0.00000E+00   1.96167E-02   1.59651E-01   8.62653E-01   4.30477E-02   4.35464E-02   2.95115E-05   1.35244E-01   1.27635E-01   1.69549E-04   1.57992E-04   1.33035E-04   8.35460E-02   7.09547E-02   6.34142E+01   9.80853E+05   1.39478E+06
 3.20000E+01   6.40000E+00   4.50000E+00   0.00000E+00   0.00000E+00   0.00000E+00   2.05628E-02   1.60216E-01   8.49837E-01   4.38960E-02   4.32900E-02   3.53160E-05   1.35118E-01   1.27655E-01   2.00820E-04   1.79849E-04   1.86797E-03   1.02395E-01   7.36673E-02   6.37601E+01   2.34451E+01   2.73650E+00
 3.20000E+01   6.40000E+00   4.60000E+00   0.00000E+00   0.00000E+00   0.00000E+00   2.15250E-02   1.60698E-01   8.39839E-01   1.41410E-01   1.03940E-01   4.08177E-05   1.34994E-01   1.27688E-01   2.29936E-04   2.00000E-04   1.76895E-03   1.20476E-01   9.41900E-02   1.51939E+02   1.35827E+03   2.62160E+00
 3.20000E+01   6.40000E+00   4.70000E+00   0.00000E+00   0.00000E+00   0.00000E+00   2.25022E-02   1.61074E-01   8.32317E-01   1.41671E-01   1.40045E-01   4.57782E-05   1.34872E-01   1.27734E-01   2.55913E-04   2.17703E-04   1.40041E-03   1.36815E-01   1.01604E-01   6.46244E+01   1.84455E+01   2.10237E+00
 3.20000E+01   6.40000E+00   4.80000E+00   0.00000E+00   0.00000E+00   0.00000E+00   2.34927E-02   1.61357E-01   8.29402E-01   1.41934E-01   1.39470E-01   4.99702E-05   1.34753E-01   1.27790E-01   2.77924E-04   2.32294E-04   1.21077E-03   1.51377E-01   1.03817E-01   1.05916E+03   2.40657E+01   1.84123E+00
 3.20000E+01   6.40000E+00   4.90000E+00   0.00000E+00   0.00000E+00   0.00000E+00   2.44948E-02   1.61569E-01   8.32466E-01   1.42197E-01   1.38891E-01   5.32039E-05   1.34635E-01   1.27855E-01   2.95335E-04   2.43189E-04   1.07862E-03   1.64611E-01   1.05978E-01   6.59114E+01   1.90242E+01   2.46388E+01
 3.20000E+01   6.40000E+00   5.00000E+00   0.00000E+00   0.00000E+00   0.00000E+00   2.55067E-02   1.61727E-01   8.38910E-01   1.42461E-01   1.38313E-01   5.53555E-05   1.34521E-01   1.27928E-01   3.07754E-04   2.49956E-04   9.67344E-04   1.76721E-01   1.08073E-01   6.63723E+01   1.93231E+01   1.50498E+00
 6.40000E+01   1.28000E+01   5.00000E-01   0.00000E+00   0.00000E+00   0.00000E+00   1.90093E-04   6.90241E-02   3.20416E+00   1.96276E-01   1.40944E-01   0.00000E+00   1.27834E-01   1.71793E-01   0.00000E+00   4.20200E-07   4.49257E-07   2.82230E-01   1.42944E-01   8.67358E+01   6.91474E+01   3.56327E-03
 6.40000E+01   1.28000E+01   6.00000E-01   0.00000E+00   0.00000E+00   0.00000E+00   1.90139E-04   6.88563E-02   3.00867E+00   1.96276E-01   1.24327E-01   0.00000E+00   1.27834E-01   1.71793E-01   0.00000E+00   5.81477E-10   5.04481E-09   2.82230E-01   1.41221E-01   4.33627E+03   3.99712E+03   4.81083E+03
 6.40000E+01   1.28000E+01   7.00000E-01   0.00000E+00   0.00000E+00   0.00000E+00   1.89911E-04   6.94823E-02   2.85635E+00   1.92909E-01   9.24898E-02   0.00000E+00   9.75828E-02   1.71793E-01   0.00000E+00   1.72865E-07   8.79530E-09   2.82230E-01   1.35178E-01   8.77454E+05   8.01017E+05   6.70068E+05
 6.40000E+01   1.28000E+01   8.00000E-01   0.00000E+00   0.00000E+00   0.00000E+00   1.88411E-04   6.99928E-02   2.60700E+00   1.61393E-01   8.33343E-02   0.00000E+00   8.68476E-02   1.34520E-01   0.00000E+00   6.59763E-09   8.01859E-09   2.39265E-01   1.13470E-01   7.38165E+02   4.38651E+05   4.38651E+05
 6.40000E+01   1.28000E+01   9.00000E-01   0.00000E+00   0.00000E+00   0.00000E+00   1.84714E-04   7.09523E-02   2.03170E+00   1.11878E-01   2.06732E-02   8.28203E-07   3.05799E-02   9.16368E-02   3.40970E-06   3.12238E-09   9.37382E-09   1.50662E-01   7.06915E-02   3.05876E+03   6.20378E+05   4.39802E+05
 6.40000E+01   1.28000E+01   1.00000E+00   0.00000E+00   0.00000E+00   0.00000E+00   1.77847E-04   7.36958E-02   1.83631E+00   6.72721E-02   2.04944E-02   6.67911E-07   9.27837E-03   6.15126E-02   1.17873E-05   7.75920E-09   7.65266E-09   1.11865E-01   4.86818E-02   4.38651E+05   4.38651E+05   4.38695E+05
 6.40000E+01   1.28000E+01   1.10000E+00   0.00000E+00   0.00000E+00   0.00000E+00   1.69670E-04   7.70547E-02   1.68976E+00   4.13369E-03   5.56792E-03   1.40594E-06   4.31438E-03   3.48453E-03   8.92939E-06   3.81057E-09   3.51781E-09   7.37523E-02   2.47616E-02   4.25181E+01   4.38651E+05   4.38651E+05
 6.40000E+01   1.28000E+01   1.20000E+00   0.00000E+00   0.00000E+00   0.00000E+00   1.61720E-04   7.88298E-02   1.78925E+00   4.03168E-03   4.84884E-03   1.46869E-06   3.83557E-03   3.16190E-03   7.65701E-06   6.50344E-09   6.89392E-08   3.92611E-02   1.33579E-02   7.91432E+03   1.10394E+06   1.10394E+06
 6.40000E+01   1.28000E+01   1.30000E+00   0.00000E+00   0.00000E+00   0.00000E+00   1.57326E-04   7.82959E-02   1.83873E+00   3.62098E-03   4.31389E-03   1.21201E-06   3.53859E-03   2.80995E-03   5.55363E-06   2.18540E-08   2.33511E-07   1.03694E-02   4.21191E-03   7.91430E+03   1.10394E+06   1.10394E+06
 6.40000E+01   1.28000E+01   1.40000E+00   0.00000E+00   0.00000E+00   0.00000E+00   1.65653E-04   7.62176E-02   1.85259E+00   3.08205E-03   3.92602E-03   8.21963E-07   3.39803E-03   2.52046E-03   3.99674E-06   5.23025E-08   5.01030E-07   2.16686E-03   2.29752E-03   6.45677E+05   7.38359E+05   9.64367E+05
 6.40000E+01   1.28000E+01   1.50000E+00   0.00000E+00   0.00000E+00   0.00000E+00   1.93699E-04   7.31938E-02   1.80845E+00   2.63719E-03   3.65825E-03   5.29427E-07   3.34174E-03   2.29785E-03   2.70860E-06   9.90580E-08   8.41845E-07   2.22358E-03   2.15327E-03   6.20346E+05   6.70050E+05   6.70050E+05
 6.40000E+01   1.28000E+01   1.60000E+00   0.00000E+00   0.00000E+00   0.00000E+00   2.39590E-04   6.91845E-02   1.88248E+00   2.36268E-03   3.50086E-03   3.10543E-07   3.27650E-03   2.11155E-03   1.70526E-06   1.59925E-07   1.21608E-06   2.31640E-03   2.06554E-03   3.04220E+01   2.79534E+01   7.37660E-03
 6.40000E+01   1.28000E+01   1.70000E+00   0.00000E+00   0.00000E+00   0.00000E+00   2.98333E-04   6.45831E-02   2.10882E+00   2.20767E-03   3.43990E-03   1.59858E-07   3.18055E-03   1.93931E-03   9.74802E-07   2.29574E-07   1.58906E-06   2.47102E-03   2.01906E-03   2.53255E+05   2.53255E+05   8.77302E+05
 6.40000E+01   1.28000E+01   1.80000E+00   0.00000E+00   0.00000E+00   0.00000E+00   3.65254E-04   5.98279E-02   2.13446E+00   2.09936E-03   3.41524E-03   6.39393E-08   3.07485E-03   1.79115E-03   4.68391E-07   3.00860E-07   1.93971E-06   2.71575E-03   2.00304E-03   5.66296E+05   5.66296E+05   5.06510E+05
 6.40000E+01   1.28000E+01   1.90000E+00   0.00000E+00   0.00000E+00   0.00000E+00   4.36476E-04   5.50948E-02   1.88201E+00   1.99771E-03   3.35837E-03   1.00154E-08   2.96585E-03   1.68698E-03   2.05568E-07   3.68935E-07   2.25678E-06   3.06842E-03   2.00906E-03   2.82824E+01   2.37398E+01   1.38816E-02
 6.40000E+01   1.28000E+01   2.00000E+00   0.00000E+00   0.00000E+00   0.00000E+00   5.09326E-04   5.08632E-02   1.68365E+00   1.87997E-03   3.25369E-03   3.88116E-08   2.85556E-03   1.63741E-03   3.15290E-07   4.31576E-07   2.53458E-06   3.52704E-03   2.03841E-03   2.71036E+01   2.23497E+01   1.56546E-02
 6.40000E+01   1.28000E+01   2.10000E+00   0.00000E+00   0.00000E+00   0.00000E+00   5.82308E-04   4.75831E-02   1.61644E+00   1.74898E-03   3.12180E-03   6.78708E-08   2.75046E-03   1.64404E-03   4.66693E-07   4.88171E-07   2.77343E-06   4.08447E-03   2.10173E-03   2.57125E+01   2.11726E+01   1.71933E-02
 6.40000E+01   1.28000E+01   2.20000E+00   0.00000E+00   0.00000E+00   0.00000E+00   6.54861E-04   4.53541E-02   1.52658E+00   1.63214E-03   2.98158E-03   9.25475E-08   2.65410E-03   1.70386E-03   5.87579E-07   5.39031E-07   2.97920E-06   4.73121E-03   2.20820E-03   2.42736E+01   2.02987E+01   1.85289E-02
 6.40000E+01   1.28000E+01   2.30000E+00   0.00000E+00   0.00000E+00   0.00000E+00   7.27458E-04   4.40648E-02   1.44259E+00   1.57026E-03   2.84199E-03   1.15033E-07   2.57026E-03   1.79986E-03   6.94361E-07   5.85486E-07   3.16137E-06   5.45560E-03   2.36060E-03   2.29389E+01   4.91096E+04   3.72420E+04
 6.40000E+01   1.28000E+01   2.40000E+00   0.00000E+00   0.00000E+00   0.00000E+00   8.01200E-04   4.35072E-02   1.36619E+00   1.59171E-03   2.70345E-03   1.35194E-07   8.69621E-02   8.69017E-02   7.97370E-07   6.29280E-07   3.32791E-06   6.20545E-03   4.10456E-02   2.17898E+01   1.94777E+01   2.12897E-02
 6.40000E+01   1.28000E+01   2.50000E+00   0.00000E+00   0.00000E+00   0.00000E+00   8.77795E-04   4.32783E-02   1.31566E+00   1.69614E-03   2.55988E-03   1.53501E-07   8.69743E-02   8.69215E-02   9.03465E-07   6.71760E-07   3.48485E-06   6.92259E-03   4.10653E-02   2.08124E+01   1.94111E+01   2.23340E-02
 6.40000E+01   1.28000E+01   2.60000E+00   0.00000E+00   0.00000E+00   0.00000E+00   9.58815E-04   4.31022E-02   1.26448E+00   1.85513E-03   2.40716E-03   1.70640E-07   8.69766E-02   8.69317E-02   1.01359E-06   7.13642E-07   3.63605E-06   7.71274E-03   4.10836E-02   1.99585E+01   1.94423E+01   2.33394E-02
 6.40000E+01   1.28000E+01   2.70000E+00   0.00000E+00   0.00000E+00   0.00000E+00   1.04517E-03   4.28329E-02   1.21350E+00   2.03007E-03   2.25633E-03   1.86403E-07   8.69833E-02   8.69464E-02   1.12058E-06   7.55111E-07   3.78245E-06   8.56749E-03   4.11074E-02   1.92118E+01   1.95910E+01   2.43126E-02
 6.40000E+01   1.28000E+01   2.80000E+00   0.00000E+00   0.00000E+00   0.00000E+00   1.13695E-03   4.24377E-02   1.15268E+00   2.19506E-03   2.12687E-03   2.00608E-07   8.69755E-02   8.69607E-02   1.22023E-06   7.96137E-07   3.92352E-06   9.48077E-03   4.11314E-02   1.85694E+01   2.03866E+01   2.52511E-02
 6.40000E+01   1.28000E+01   2.90000E+00   0.00000E+00   0.00000E+00   0.00000E+00   1.23364E-03   4.19100E-02   1.08849E+00   2.33898E-03   2.03178E-03   2.13511E-07   8.69650E-02   8.69725E-02   1.30981E-06   8.36521E-07   4.05653E-06   1.04494E-02   4.11581E-02   1.80130E+01   2.12424E+01   2.61393E-02
 6.40000E+01   1.28000E+01   3.00000E+00   0.00000E+00   0.00000E+00   0.00000E+00   1.33450E-03   4.12500E-02   1.03401E+00   2.46286E-03   1.97899E-03   2.25516E-07   8.69523E-02   8.69829E-02   1.38969E-06   8.76003E-07   4.17868E-06   1.14722E-02   4.11883E-02   1.75517E+01   2.20075E+01   2.69610E-02
 6.40000E+01   1.28000E+01   3.10000E+00   0.00000E+00   0.00000E+00   0.00000E+00   1.43913E-03   4.04639E-02   9.98472E-01   2.57590E-03   1.97146E-03   2.36808E-07   8.69376E-02   8.69930E-02   1.46205E-06   9.16981E-07   4.28567E-06   1.25484E-02   4.12228E-02   1.72160E+01   2.26896E+01   2.76961E-02
 6.40000E+01   1.28000E+01   3.20000E+00   0.00000E+00   0.00000E+00   0.00000E+00   1.54756E-03   3.95848E-02   9.74396E-01   2.68520E-03   2.00421E-03   2.47326E-07   8.69211E-02   8.70031E-02   1.52927E-06   1.00549E-06   4.32629E-06   1.36765E-02   4.12622E-02   1.70294E+01   2.33404E+01   2.81301E-02
 6.40000E+01   1.28000E+01   3.30000E+00   0.00000E+00   0.00000E+00   0.00000E+00   1.66005E-03   3.86813E-02   9.52754E-01   2.79261E-03   2.06666E-03   2.57143E-07   8.69023E-02   8.70119E-02   1.59343E-06   1.32131E-06   4.16464E-06   1.48538E-02   4.13062E-02   1.69950E+01   2.40310E+01   2.79172E-02
 6.40000E+01   1.28000E+01   3.40000E+00   0.00000E+00   0.00000E+00   0.00000E+00   1.77690E-03   3.78237E-02   9.19655E-01   2.89985E-03   2.14608E-03   2.66427E-07   8.68807E-02   8.70183E-02   1.65607E-06   2.16920E-06   3.71626E-06   1.60778E-02   4.13548E-02   1.71093E+01   2.47905E+01   2.84061E-02
 6.40000E+01   1.28000E+01   3.50000E+00   0.00000E+00   0.00000E+00   0.00000E+00   1.89819E-03   3.70630E-02   8.74721E-01   3.00861E-03   2.22644E-03   2.75361E-07   8.68564E-02   8.70225E-02   1.71807E-06   3.75769E-06   3.46549E-06   1.73464E-02   4.14084E-02   1.73503E+01   2.56306E+01   3.56536E-02
 6.40000E+01   1.28000E+01   3.60000E+00   0.00000E+00   0.00000E+00   0.00000E+00   2.02384E-03   3.64386E-02   8.25729E-01   3.12002E-03   2.29286E-03   2.72238E-07   8.68296E-02   8.70256E-02   1.82269E-06   6.18583E-06   4.96343E-06   1.86585E-02   4.14675E-02   1.76891E+01   2.65707E+01   5.61196E-02
 6.40000E+01   1.28000E+01   3.70000E+00   0.00000E+00   0.00000E+00   0.00000E+00   2.15379E-03   3.59517E-02   7.82056E-01   3.23411E-03   2.33504E-03   3.03482E-07   8.68005E-02   8.70286E-02   2.37713E-06   9.46325E-06   8.59716E-06   2.00130E-02   4.15328E-02   1.80962E+01   2.76351E+01   8.96526E-02
 6.40000E+01   1.28000E+01   3.80000E+00   0.00000E+00   0.00000E+00   0.00000E+00   2.28803E-03   3.55754E-02   7.45784E-01   3.34891E-03   2.34772E-03   8.36586E-07   8.67692E-02   8.70326E-02   4.26831E-06   1.35500E-05   1.38129E-05   2.14069E-02   4.16047E-02   1.85386E+01   2.88489E+01   1.34414E-01
 6.40000E+01   1.28000E+01   3.90000E+00   0.00000E+00   0.00000E+00   0.00000E+00   2.42662E-03   3.52592E-02   7.10489E-01   3.46110E-03   2.32993E-03   1.91663E-06   8.67359E-02   8.70385E-02   7.95503E-06   1.83568E-05   2.03565E-05   2.28362E-02   4.16836E-02   1.89910E+01   3.02301E+01   1.89123E-01
 6.40000E+01   1.28000E+01   4.00000E+00   0.00000E+00   0.00000E+00   0.00000E+00   2.56957E-03   3.49794E-02   6.72403E-01   3.56865E-03   2.28275E-03   3.44354E-06   8.67013E-02   8.70467E-02   1.33288E-05   2.37311E-05   2.80394E-05   2.42973E-02   4.17699E-02   1.94491E+01   3.17814E+01   2.52333E-01
 6.40000E+01   1.28000E+01   4.10000E+00   0.00000E+00   0.00000E+00   0.00000E+00   2.71669E-03   3.47274E-02   6.31607E-01   3.67117E-03   2.20808E-03   5.32045E-06   8.66662E-02   8.70578E-02   2.01148E-05   2.95030E-05   3.66361E-05   2.57871E-02   4.18641E-02   1.99187E+01   3.34933E+01   3.22318E-01
 6.40000E+01   1.28000E+01   4.20000E+00   0.00000E+00   0.00000E+00   0.00000E+00   2.86766E-03   3.44837E-02   5.91842E-01   3.76935E-03   2.10992E-03   7.43503E-06   8.66319E-02   8.70722E-02   2.79503E-05   3.55135E-05   4.58243E-05   2.73034E-02   4.19666E-02   2.04109E+01   3.53455E+01   3.96838E-01
 6.40000E+01   1.28000E+01   4.30000E+00   0.00000E+00   0.00000E+00   0.00000E+00   3.02204E-03   3.42241E-02   5.56344E-01   8.60226E-02   8.61316E-02   9.66318E-06   8.65988E-02   8.70905E-02   3.64203E-05   4.16058E-05   5.51197E-05   2.88438E-02   5.84376E-02   2.08711E+01   3.73113E+01   4.72720E-01
 6.40000E+01   1.28000E+01   4.40000E+00   0.00000E+00   0.00000E+00   0.00000E+00   3.17936E-03   3.39389E-02   5.26253E-01   8.60124E-02   8.61047E-02   1.18893E-05   8.65673E-02   8.71127E-02   4.51162E-05   4.76529E-05   6.39778E-05   3.04058E-02   5.85180E-02   2.14238E+01   3.93602E+01   5.46523E-01
 6.40000E+01   1.28000E+01   4.50000E+00   0.00000E+00   0.00000E+00   0.00000E+00   3.33916E-03   3.36196E-02   5.00868E-01   8.60066E-02   8.60813E-02   1.40301E-05   8.65377E-02   8.71386E-02   5.36523E-05   5.35277E-05   7.19407E-05   3.19872E-02   5.86062E-02   2.20305E+01   4.14605E+01   6.15185E-01
 6.40000E+01   1.28000E+01   4.60000E+00   0.00000E+00   0.00000E+00   0.00000E+00   3.50095E-03   3.32598E-02   4.80969E-01   8.60049E-02   8.60614E-02   1.60092E-05   8.65099E-02   8.71677E-02   6.16696E-05   5.90316E-05   7.86646E-05   3.35854E-02   5.87022E-02   2.26947E+01   4.35826E+01   6.75946E-01
 6.40000E+01   1.28000E+01   4.70000E+00   0.00000E+00   0.00000E+00   0.00000E+00   3.66426E-03   3.28654E-02   4.68596E-01   8.60071E-02   8.60446E-02   1.77554E-05   8.64837E-02   8.71996E-02   6.88268E-05   6.39125E-05   8.39012E-05   3.51982E-02   5.88057E-02   2.34183E+01   4.57004E+01   7.26321E-01
 6.40000E+01   1.28000E+01   4.80000E+00   0.00000E+00   0.00000E+00   0.00000E+00   3.82860E-03   3.24399E-02   4.64952E-01   8.60127E-02   8.60308E-02   1.92094E-05   8.64590E-02   8.72336E-02   7.48157E-05   6.79459E-05   8.75321E-05   3.68227E-02   5.89164E-02   2.42010E+01   4.77922E+01   7.64576E-01
 6.40000E+01   1.28000E+01   4.90000E+00   0.00000E+00   0.00000E+00   0.00000E+00   3.99354E-03   3.19835E-02   4.69823E-01   8.60213E-02   8.60196E-02   2.03332E-05   8.64357E-02   8.72692E-02   7.93918E-05   7.09787E-05   8.95370E-05   3.84556E-02   5.90338E-02   2.50393E+01   4.98404E+01   7.89783E-01
 6.40000E+01   1.28000E+01   5.00000E+00   0.00000E+00   0.00000E+00   0.00000E+00   4.15866E-03   3.15014E-02   4.82135E-01   8.60324E-02   8.60107E-02   2.11049E-05   8.64136E-02   8.73057E-02   8.23875E-05   7.29067E-05   8.99204E-05   4.00936E-02   5.91575E-02   2.59266E+01   5.18313E+01   8.01440E-01
 1.28000E+02   2.56000E+01   5.00000E-01   0.00000E+00   0.00000E+00   0.00000E+00   3.61149E-05   4.07881E-02   2.97769E+00   1.76899E-01   1.36621E-01   0.00000E+00   1.32042E-01   1.50721E-01   0.00000E+00   9.80548E-07   7.15783E-07   2.47394E-01   1.29664E-01   1.39479E+02   1.22589E+02   2.99723E-02
 1.28000E+02   2.56000E+01   6.00000E-01   0.00000E+00   0.00000E+00   0.00000E+00   3.61276E-05   4.08075E-02   2.83372E+00   1.76899E-01   1.28299E-01   0.00000E+00   1.15811E-01   1.50721E-01   0.00000E+00   7.89225E-08   1.73516E-07   2.47394E-01   1.26967E-01   1.10341E+03   1.48936E+03   4.41008E-03
 1.28000E+02   2.56000E+01   7.00000E-01   0.00000E+00   0.00000E+00   0.00000E+00   3.61567E-05   4.09154E-02   2.56736E+00   1.74772E-01   1.04787E-01   0.00000E+00   1.08268E-01   1.46252E-01   0.00000E+00   5.46088E-09   6.79175E-09   2.47394E-01   1.22855E-01   2.13456E+03   1.96057E+03   1.93055E-04
 1.28000E+02   2.56000E+01   8.00000E-01   0.00000E+00   0.00000E+00   0.00000E+00   3.58857E-05   4.11151E-02   2.22066E+00   1.36343E-01   8.46670E-02   0.00000E+00   9.10259E-02   1.35240E-01   0.00000E+00   4.01784E-09   3.08531E-09   2.08286E-01   1.03127E-01   2.59149E+03   2.06717E+03   1.14880E-04
 1.28000E+02   2.56000E+01   9.00000E-01   0.00000E+00   0.00000E+00   0.00000E+00   3.48539E-05   4.21186E-02   1.95225E+00   1.13229E-01   4.53733E-02   0.00000E+00   4.51159E-02   9.67604E-02   7.13021E-06   3.07244E-09   3.39107E-09   1.77529E-01   8.01345E-02   2.69075E+03   2.33379E+03   1.14594E+04
 1.28000E+02   2.56000E+01   1.00000E+00   0.00000E+00   0.00000E+00   0.00000E+00   3.30959E-05   4.38278E-02   1.91117E+00   4.72405E-02   2.08819E-02   1.26082E-06   1.30490E-02   4.61695E-02   5.52191E-06   1.95936E-09   2.41845E-09   1.26777E-01   4.83530E-02   1.18461E+03   1.10213E+03   6.67998E-05
 1.28000E+02   2.56000E+01   1.10000E+00   0.00000E+00   0.00000E+00   0.00000E+00   3.22110E-05   4.52891E-02   1.87770E+00   1.49653E-03   2.87652E-03   1.20046E-06   1.03206E-02   1.98138E-03   4.68487E-06   1.15566E-09   1.77452E-09   7.09037E-02   2.39172E-02   7.18047E+01   6.67635E+02   4.67605E+02
 1.28000E+02   2.56000E+01   1.20000E+00   0.00000E+00   0.00000E+00   0.00000E+00   3.42922E-05   4.56665E-02   1.70774E+00   1.35006E-03   2.58163E-03   8.82292E-07   1.98651E-03   1.75154E-03   3.68893E-06   1.65746E-08   1.33996E-08   2.74220E-02   9.23442E-03   6.60060E+01   6.94011E+01   5.39800E-04
 1.28000E+02   2.56000E+01   1.30000E+00   0.00000E+00   0.00000E+00   0.00000E+00   3.98515E-05   4.49005E-02   1.70802E+00   1.17216E-03   2.36092E-03   6.67130E-07   1.86483E-03   1.46460E-03   2.57324E-06   5.92735E-08   4.95273E-08   4.06419E-03   1.79778E-03   6.22454E+01   6.34211E+01   1.95957E-03
 1.28000E+02   2.56000E+01   1.40000E+00   0.00000E+00   0.00000E+00   0.00000E+00   4.81469E-05   4.33813E-02   1.76565E+00   9.95669E-04   2.20238E-03   4.72447E-07   1.79179E-03   1.20213E-03   1.74814E-06   1.27465E-07   1.11423E-07   1.01694E-03   1.13194E-03   6.05651E+01   5.94678E+01   4.29699E-03
 1.28000E+02   2.56000E+01   1.50000E+00   0.00000E+00   0.00000E+00   0.00000E+00   5.83680E-05   4.13911E-02   1.81164E+00   8.68166E-04   2.10765E-03   3.17810E-07   1.75986E-03   9.99837E-04   1.11426E-06   2.12203E-07   1.89815E-07   9.76726E-04   1.06701E-03   6.05002E+01   5.73612E+01   7.23740E-03
 1.28000E+02   2.56000E+01   1.60000E+00   0.00000E+00   0.00000E+00   0.00000E+00   6.99547E-05   3.89685E-02   1.97853E+00   8.32811E-04   2.07884E-03   1.94882E-07   1.74779E-03   8.62204E-04   6.47530E-07   3.03310E-07   2.71452E-07   9.78836E-04   1.04198E-03   6.16607E+01   5.60865E+01   1.03832E-02
 1.28000E+02   2.56000E+01   1.70000E+00   0.00000E+00   0.00000E+00   0.00000E+00   8.25273E-05   3.63324E-02   1.95100E+00   8.82236E-04   2.09462E-03   1.04118E-07   1.43709E-02   1.42593E-02   3.33368E-07   3.92902E-07   3.46671E-07   1.04737E-03   6.79961E-03   6.32866E+01   5.48843E+01   1.34327E-02
 1.28000E+02   2.56000E+01   1.80000E+00   0.00000E+00   0.00000E+00   0.00000E+00   9.57250E-05   3.36869E-02   1.85391E+00   9.75253E-04   2.12044E-03   4.20273E-08   1.43702E-02   1.42581E-02   1.37964E-07   4.75765E-07   4.10707E-07   1.19653E-03   6.80420E-03   6.68615E+02   5.35405E+01   1.62042E-02
 1.28000E+02   2.56000E+01   1.90000E+00   0.00000E+00   0.00000E+00   0.00000E+00   1.09261E-04   3.11715E-02   1.79614E+00   1.07647E-03   2.13179E-03   7.62291E-09   1.43688E-02   1.42603E-02   2.95974E-08   5.49123E-07   4.62541E-07   1.42324E-03   6.81132E-03   6.54080E+01   5.19807E+01   1.86175E-02
 1.28000E+02   2.56000E+01   2.00000E+00   0.00000E+00   0.00000E+00   0.00000E+00   1.22982E-04   2.89618E-02   1.69926E+00   1.16069E-03   2.11730E-03   2.72817E-08   1.43660E-02   1.42649E-02   6.64759E-08   6.11938E-07   5.03155E-07   1.71368E-03   6.82020E-03   6.53182E+01   5.02502E+01   2.06565E-02
 1.28000E+02   2.56000E+01   2.10000E+00   0.00000E+00   0.00000E+00   0.00000E+00   1.36808E-04   2.71932E-02   1.65818E+00   1.21327E-03   2.07832E-03   4.46651E-08   1.43618E-02   1.42709E-02   1.16199E-07   6.64568E-07   5.34269E-07   2.05409E-03   6.83074E-03   6.44549E+01   4.84637E+01   2.23441E-02
 1.28000E+02   2.56000E+01   2.20000E+00   0.00000E+00   0.00000E+00   0.00000E+00   1.50700E-04   2.58687E-02   1.64855E+00   1.23226E-03   2.02133E-03   5.81073E-08   1.43557E-02   1.42767E-02   1.55804E-07   7.08694E-07   5.58512E-07   2.43561E-03   6.84304E-03   6.29889E+01   4.66762E+01   2.37461E-02
 1.28000E+02   2.56000E+01   2.30000E+00   0.00000E+00   0.00000E+00   0.00000E+00   1.64717E-04   2.48772E-02   1.64662E+00   1.22157E-03   1.95271E-03   7.00835E-08   1.43473E-02   1.42811E-02   1.91123E-07   7.47059E-07   5.78852E-07   2.85222E-03   6.85757E-03   6.10932E+01   4.49424E+01   2.49584E-02
 1.28000E+02   2.56000E+01   2.40000E+00   0.00000E+00   0.00000E+00   0.00000E+00   1.79023E-04   2.41110E-02   1.60986E+00   1.18785E-03   1.87730E-03   8.19096E-08   5.42080E-02   5.41842E-02   2.25136E-07   7.81962E-07   5.97279E-07   3.29941E-03   2.55827E-02   5.89239E+01   4.33184E+01   2.60577E-02
 1.28000E+02   2.56000E+01   2.50000E+00   0.00000E+00   0.00000E+00   0.00000E+00   1.93865E-04   2.34401E-02   1.55457E+00   1.13906E-03   1.79704E-03   9.41052E-08   5.42083E-02   5.41892E-02   2.58742E-07   8.14732E-07   6.14523E-07   3.77392E-03   2.55903E-02   5.65697E+01   4.18162E+01   2.70852E-02
 1.28000E+02   2.56000E+01   2.60000E+00   0.00000E+00   0.00000E+00   0.00000E+00   2.09531E-04   2.27592E-02   1.47851E+00   1.08358E-03   1.71232E-03   1.06572E-07   5.42097E-02   5.41957E-02   2.91492E-07   8.46005E-07   6.30715E-07   4.27297E-03   2.56000E-02   5.40794E+01   4.03706E+01   2.80587E-02
 1.28000E+02   2.56000E+01   2.70000E+00   0.00000E+00   0.00000E+00   0.00000E+00   2.26250E-04   2.20413E-02   1.38840E+00   1.02912E-03   1.62250E-03   1.18427E-07   5.42125E-02   5.42034E-02   3.20726E-07   8.75949E-07   6.45750E-07   4.79435E-03   2.56118E-02   5.14576E+01   3.89311E+01   2.89819E-02
 1.28000E+02   2.56000E+01   2.80000E+00   0.00000E+00   0.00000E+00   0.00000E+00   2.44110E-04   2.12916E-02   1.29418E+00   9.79557E-04   1.52900E-03   1.28990E-07   5.42161E-02   5.42118E-02   3.45011E-07   9.04390E-07   6.59500E-07   5.33700E-03   2.56257E-02   4.87152E+01   3.74652E+01   2.98504E-02
 1.28000E+02   2.56000E+01   2.90000E+00   0.00000E+00   0.00000E+00   0.00000E+00   2.63058E-04   2.05111E-02   1.20357E+00   9.36858E-04   1.43459E-03   1.38094E-07   5.42201E-02   5.42204E-02   3.64601E-07   9.31175E-07   6.71699E-07   5.90106E-03   2.56416E-02   4.59075E+01   3.59708E+01   3.06572E-02
 1.28000E+02   2.56000E+01   3.00000E+00   0.00000E+00   0.00000E+00   0.00000E+00   2.82952E-04   1.97151E-02   1.12617E+00   9.00090E-04   1.34292E-03   1.45952E-07   5.42242E-02   5.42289E-02   3.80365E-07   9.56040E-07   6.82226E-07   6.48708E-03   2.56596E-02   4.31143E+01   3.44859E+01   3.13948E-02
 1.28000E+02   2.56000E+01   3.10000E+00   0.00000E+00   0.00000E+00   0.00000E+00   3.03663E-04   1.89154E-02   1.06274E+00   8.67105E-04   1.25722E-03   1.52906E-07   7.02422E-02   7.02357E-02   3.93235E-07   9.75671E-07   6.90468E-07   7.09523E-03   3.31992E-02   4.04097E+01   3.30500E+01   3.19883E-02
 1.28000E+02   2.56000E+01   3.20000E+00   0.00000E+00   0.00000E+00   0.00000E+00   3.25133E-04   1.81370E-02   1.00290E+00   8.36208E-04   1.17927E-03   1.59274E-07   7.02455E-02   7.02436E-02   4.03933E-07   9.39334E-07   6.90828E-07   7.72489E-03   3.32171E-02   3.78379E+01   3.16824E+01   3.13271E-02
 1.28000E+02   2.56000E+01   3.30000E+00   0.00000E+00   0.00000E+00   0.00000E+00   3.47352E-04   1.74111E-02   9.45326E-01   8.06282E-04   1.10966E-03   1.65312E-07   7.02485E-02   7.02514E-02   4.13096E-07   7.43906E-07   7.06049E-07   8.37470E-03   3.32367E-02   3.54153E+01   3.03989E+01   2.78212E-02
 1.28000E+02   2.56000E+01   3.40000E+00   0.00000E+00   0.00000E+00   0.00000E+00   3.70337E-04   1.67597E-02   8.88386E-01   7.76693E-04   1.04783E-03   1.71188E-07   7.02515E-02   7.02592E-02   4.21208E-07   5.06374E-07   9.34448E-07   9.04374E-03   3.32584E-02   3.31369E+01   2.92055E+01   2.88695E-02
 1.28000E+02   2.56000E+01   3.50000E+00   0.00000E+00   0.00000E+00   0.00000E+00   3.94108E-04   1.61902E-02   8.30196E-01   7.47281E-04   9.92644E-04   1.76994E-07   7.02542E-02   7.02667E-02   4.28602E-07   1.18853E-06   1.66556E-06   9.73195E-03   3.32822E-02   3.09921E+01   2.81055E+01   5.51341E-02
 1.28000E+02   2.56000E+01   3.60000E+00   0.00000E+00   0.00000E+00   0.00000E+00   4.18662E-04   1.56974E-02   7.72012E-01   7.17923E-04   9.43213E-04   1.94859E-07   7.02563E-02   7.02737E-02   4.52953E-07   2.70760E-06   2.94776E-06   1.04227E-02   3.33073E-02   9.18551E+01   5.32605E+02   1.07988E-01
 1.28000E+02   2.56000E+01   3.70000E+00   0.00000E+00   0.00000E+00   0.00000E+00   4.43968E-04   1.52616E-02   7.18292E-01   6.89651E-04   8.98910E-04   3.12655E-07   7.02576E-02   7.02800E-02   7.10852E-07   4.86827E-06   4.73892E-06   1.10870E-02   3.33327E-02   9.12814E+01   5.32558E+02   1.83539E-01
 1.28000E+02   2.56000E+01   3.80000E+00   0.00000E+00   0.00000E+00   0.00000E+00   4.69993E-04   1.48584E-02   6.72844E-01   6.64279E-04   8.59368E-04   6.47032E-07   9.59040E-02   9.58906E-02   1.63471E-06   7.65586E-06   7.00014E-06   1.17762E-02   4.53780E-02   2.54082E+01   2.53874E+01   1.46511E+02
 1.28000E+02   2.56000E+01   3.90000E+00   0.00000E+00   0.00000E+00   0.00000E+00   4.96734E-04   1.44620E-02   6.32266E-01   6.43120E-04   8.24214E-04   1.24087E-06   9.59011E-02   9.58931E-02   3.33490E-06   1.09960E-05   9.70823E-06   1.24889E-02   4.53989E-02   2.39421E+01   2.45293E+01   3.95814E-01
 1.28000E+02   2.56000E+01   4.00000E+00   0.00000E+00   0.00000E+00   0.00000E+00   5.24212E-04   1.40599E-02   5.93419E-01   6.26793E-04   7.92743E-04   2.07216E-06   9.58972E-02   9.58948E-02   5.73584E-06   1.47809E-05   1.28415E-05   1.32116E-02   4.54210E-02   2.27430E+01   2.38483E+01   5.28556E-01
 1.28000E+02   2.56000E+01   4.10000E+00   0.00000E+00   0.00000E+00   0.00000E+00   5.52433E-04   1.36530E-02   5.54904E-01   6.15314E-04   7.64248E-04   3.09179E-06   9.58922E-02   9.58956E-02   8.70252E-06   1.89091E-05   1.63538E-05   1.38959E-02   4.54427E-02   2.18291E+01   2.32720E+01   6.74949E-01
 1.28000E+02   2.56000E+01   4.20000E+00   0.00000E+00   0.00000E+00   0.00000E+00   5.81369E-04   1.32463E-02   5.18195E-01   6.08310E-04   7.38337E-04   4.23836E-06   9.58862E-02   9.58955E-02   1.20627E-05   2.32628E-05   2.01306E-05   1.46048E-02   4.54659E-02   2.12033E+01   2.28034E+01   8.30936E-01
 1.28000E+02   2.56000E+01   4.30000E+00   0.00000E+00   0.00000E+00   0.00000E+00   6.10971E-04   1.28445E-02   4.84619E-01   6.05332E-04   7.15156E-04   5.44524E-06   9.58791E-02   9.58945E-02   1.56227E-05   2.77031E-05   2.40163E-05   1.53362E-02   4.54907E-02   2.08622E+01   2.24424E+01   9.90774E-01
 1.28000E+02   2.56000E+01   4.40000E+00   0.00000E+00   0.00000E+00   0.00000E+00   6.41179E-04   1.24561E-02   4.54724E-01   6.05828E-04   6.95159E-04   6.65185E-06   9.58711E-02   9.58928E-02   1.91956E-05   3.20921E-05   2.78434E-05   1.60877E-02   4.55172E-02   2.77451E+02   2.23306E+01   1.04067E+02
 1.28000E+02   2.56000E+01   4.50000E+00   0.00000E+00   0.00000E+00   0.00000E+00   6.71934E-04   1.20929E-02   4.27237E-01   6.09216E-04   6.79153E-04   7.81000E-06   9.58621E-02   9.58905E-02   2.26265E-05   3.62693E-05   3.14381E-05   1.68568E-02   4.55455E-02   2.09829E+01   2.20537E+01   1.29766E+00
 1.28000E+02   2.56000E+01   4.60000E+00   0.00000E+00   0.00000E+00   0.00000E+00   7.03178E-04   1.17650E-02   4.02759E-01   6.15004E-04   6.68248E-04   8.87770E-06   9.58525E-02   9.58879E-02   2.57849E-05   4.00329E-05   3.46349E-05   1.76411E-02   4.55756E-02   2.14090E+01   2.20368E+01   1.43154E+00
 1.28000E+02   2.56000E+01   4.70000E+00   0.00000E+00   0.00000E+00   0.00000E+00   7.34846E-04   1.14793E-02   3.82856E-01   2.36082E-02   6.63524E-04   9.81667E-06   9.58424E-02   9.58850E-02   2.85525E-05   4.31795E-05   3.72958E-05   1.84386E-02   4.62811E-02   5.41011E+02   1.21086E+02   4.29405E+03
 1.28000E+02   2.56000E+01   4.80000E+00   0.00000E+00   0.00000E+00   0.00000E+00   7.66867E-04   1.12381E-02   3.69453E-01   3.33026E-02   3.34411E-02   1.05929E-05   9.58319E-02   9.58819E-02   3.08284E-05   4.55588E-05   3.93168E-05   1.92469E-02   4.82757E-02   2.77496E+02   2.26140E+01   1.14443E+02
 1.28000E+02   2.56000E+01   4.90000E+00   0.00000E+00   0.00000E+00   0.00000E+00   7.99167E-04   1.10412E-02   3.62921E-01   3.32921E-02   3.34250E-02   1.11887E-05   9.58212E-02   9.58787E-02   3.25419E-05   4.70723E-05   4.06363E-05   2.00637E-02   4.83075E-02   2.19625E+01   2.27064E+01   1.68579E+00
 1.28000E+02   2.56000E+01   5.00000E+00   0.00000E+00   0.00000E+00   0.00000E+00   8.31678E-04   1.08884E-02   3.62749E-01   3.32819E-02   3.34095E-02   1.15931E-05   9.58103E-02   9.58754E-02   3.36525E-05   4.76675E-05   4.12251E-05   2.08869E-02   4.83412E-02   2.26337E+01   2.31501E+01   1.35083E+03
 2.56000E+02   5.12000E+01   5.00000E-01   0.00000E+00   0.00000E+00   0.00000E+00   8.90749E-06   1.74870E-02   2.81662E+00   1.66783E-01   1.33824E-01   0.00000E+00   1.25223E-01   1.39316E-01   0.00000E+00   7.80361E-07   1.14746E-06   2.41069E-01   1.24244E-01   2.32475E+02   2.18649E+02   1.30848E-01
 2.56000E+02   5.12000E+01   6.00000E-01   0.00000E+00   0.00000E+00   0.00000E+00   8.90910E-06   1.74879E-02   2.74303E+00   1.66783E-01   1.25497E-01   0.00000E+00   1.21393E-01   1.39316E-01   0.00000E+00   7.62426E-08   6.05229E-08   2.41069E-01   1.22849E-01   4.32486E+03   2.87669E+03   9.02808E-03
 2.56000E+02   5.12000E+01   7.00000E-01   0.00000E+00   0.00000E+00   0.00000E+00   8.91700E-06   1.75957E-02   2.40924E+00   1.64807E-01   1.02396E-01   0.00000E+00   1.06560E-01   1.32180E-01   0.00000E+00   5.38367E-09   1.94168E-09   2.41069E-01   1.17657E-01   8.33359E+03   7.34870E+03   5.48749E-04
 2.56000E+02   5.12000E+01   8.00000E-01   0.00000E+00   0.00000E+00   0.00000E+00   8.77152E-06   1.78137E-02   2.05813E+00   1.18711E-01   5.45084E-02   0.00000E+00   7.43174E-02   9.88417E-02   0.00000E+00   2.25948E-09   1.02783E-09   1.92331E-01   8.77797E-02   1.00361E+04   7.91434E+03   2.71470E-04
 2.56000E+02   5.12000E+01   9.00000E-01   0.00000E+00   0.00000E+00   0.00000E+00   8.29380E-06   1.81832E-02   1.89409E+00   9.85991E-02   3.18039E-02   3.03264E-07   3.77646E-02   7.43204E-02   7.47278E-06   1.93074E-09   1.15182E-09   1.41858E-01   6.48130E-02   9.60339E+03   7.37436E+03   2.16718E-04
 2.56000E+02   5.12000E+01   1.00000E+00   0.00000E+00   0.00000E+00   0.00000E+00   7.58483E-06   1.87568E-02   1.82007E+00   5.56680E-02   1.11500E-02   2.02766E-06   1.53436E-02   4.30522E-02   7.37173E-06   1.46883E-09   1.18194E-09   1.01606E-01   4.16813E-02   5.26022E+03   4.24089E+03   1.74009E-04
 2.56000E+02   5.12000E+01   1.10000E+00   0.00000E+00   0.00000E+00   0.00000E+00   7.04193E-06   1.93390E-02   1.68025E+00   1.07936E-03   1.26092E-03   1.73335E-06   8.66217E-03   8.47313E-04   5.90787E-06   9.00763E-10   1.61389E-09   6.79061E-02   2.28272E-02   1.70212E+02   8.21452E+02   1.87043E-04
 2.56000E+02   5.12000E+01   1.20000E+00   0.00000E+00   0.00000E+00   0.00000E+00   7.23416E-06   1.96346E-02   1.62403E+00   9.25993E-04   1.14241E-03   1.48461E-06   9.45411E-04   7.52941E-04   5.07753E-06   7.72630E-09   1.97455E-08   3.33423E-02   1.11322E-02   1.50642E+02   1.33549E+02   2.14447E-03
 2.56000E+02   5.12000E+01   1.30000E+00   0.00000E+00   0.00000E+00   0.00000E+00   8.38887E-06   1.95558E-02   1.60936E+00   7.54549E-04   1.05605E-03   1.16927E-06   8.83222E-04   6.50414E-04   3.82677E-06   3.20958E-08   7.30649E-08   1.07664E-02   3.63323E-03   1.35342E+02   1.21493E+02   8.19641E-03
 2.56000E+02   5.12000E+01   1.40000E+00   0.00000E+00   0.00000E+00   0.00000E+00   1.02917E-05   1.91378E-02   1.68534E+00   6.03806E-04   1.00296E-03   8.26336E-07   8.45136E-04   5.59199E-04   2.71327E-06   7.63621E-08   1.63825E-07   9.04042E-04   5.97660E-04   1.26472E+02   1.13061E+02   1.87077E-02
 2.56000E+02   5.12000E+01   1.50000E+00   0.00000E+00   0.00000E+00   0.00000E+00   1.26587E-05   1.85034E-02   1.71857E+00   5.01148E-04   9.80511E-04   5.47754E-07   8.24783E-04   4.88031E-04   1.80153E-06   1.38949E-07   2.82744E-07   4.01169E-04   5.04638E-04   1.23162E+02   1.07540E+02   3.28083E-02
 2.56000E+02   5.12000E+01   1.60000E+00   0.00000E+00   0.00000E+00   0.00000E+00   1.53144E-05   1.76523E-02   1.83677E+00   4.50287E-04   9.76128E-04   3.32128E-07   8.14780E-04   4.32729E-04   1.09445E-06   2.15462E-07   4.16802E-07   4.25373E-04   4.93023E-04   1.22344E+02   1.03652E+02   4.91859E-02
 2.56000E+02   5.12000E+01   1.70000E+00   0.00000E+00   0.00000E+00   0.00000E+00   1.81679E-05   1.66265E-02   1.88546E+00   4.34262E-04   9.76553E-04   1.77081E-07   8.09092E-04   3.88400E-04   5.85943E-07   2.99339E-07   5.54081E-07   4.66299E-04   4.90483E-04   1.21576E+02   1.00560E+02   6.64569E-02
 2.56000E+02   5.12000E+01   1.80000E+00   0.00000E+00   0.00000E+00   0.00000E+00   2.11474E-05   1.55246E-02   1.75739E+00   4.34352E-04   9.73788E-04   7.33193E-08   8.02288E-04   3.53406E-04   2.45182E-07   3.84362E-07   6.85829E-07   5.28983E-04   4.92760E-04   1.19940E+02   9.76749E+01   8.34517E-02
 2.56000E+02   5.12000E+01   1.90000E+00   0.00000E+00   0.00000E+00   0.00000E+00   2.42043E-05   1.44107E-02   1.71209E+00   4.40653E-04   9.62394E-04   7.81109E-09   7.89192E-04   3.26861E-04   2.93406E-08   4.65713E-07   8.06559E-07   6.16120E-04   4.97733E-04   1.17206E+02   9.44464E+01   9.93516E-02
 2.56000E+02   5.12000E+01   2.00000E+00   0.00000E+00   0.00000E+00   0.00000E+00   2.73257E-05   1.33728E-02   1.67268E+00   4.46880E-04   9.40679E-04   3.85632E-08   7.67387E-04   3.08887E-04   1.25073E-07   5.40241E-07   9.13516E-07   7.27708E-04   5.05353E-04   1.13424E+02   9.06661E+01   1.13684E-01
 2.56000E+02   5.12000E+01   2.10000E+00   0.00000E+00   0.00000E+00   0.00000E+00   3.05136E-05   1.25074E-02   1.63966E+00   4.49487E-04   9.10513E-04   6.89526E-08   7.38927E-04   3.00086E-04   2.26858E-07   6.06297E-07   1.00609E-06   8.62224E-04   5.17533E-04   1.08907E+02   8.66181E+01   1.26259E-01
 2.56000E+02   5.12000E+01   2.20000E+00   0.00000E+00   0.00000E+00   0.00000E+00   3.37694E-05   1.18547E-02   1.60549E+00   4.47786E-04   8.74530E-04   9.25103E-08   7.07380E-04   2.99483E-04   3.06630E-07   6.63860E-07   1.08578E-06   1.01757E-03   5.36536E-04   1.04001E+02   8.27003E+01   1.37177E-01
 2.56000E+02   5.12000E+01   2.30000E+00   0.00000E+00   0.00000E+00   0.00000E+00   3.71021E-05   1.13822E-02   1.55569E+00   4.42252E-04   8.35530E-04   1.13160E-07   6.75406E-04   3.03209E-04   3.76924E-07   7.14440E-07   1.15613E-06   1.19145E-03   5.63852E-04   9.90181E+01   7.90755E+01   1.46820E-01
 2.56000E+02   5.12000E+01   2.40000E+00   0.00000E+00   0.00000E+00   0.00000E+00   4.05389E-05   1.10377E-02   1.48369E+00   4.33899E-04   7.96268E-04   1.33058E-07   6.45037E-04   3.07461E-04   4.44756E-07   7.60225E-07   1.22054E-06   1.38153E-03   6.00142E-04   9.42392E+01   7.57778E+01   1.55619E-01
 2.56000E+02   5.12000E+01   2.50000E+00   0.00000E+00   0.00000E+00   0.00000E+00   4.41187E-05   1.07447E-02   1.40570E+00   4.23521E-04   7.57902E-04   1.53170E-07   6.17531E-04   3.11128E-04   5.13385E-07   8.02931E-07   1.28119E-06   1.58569E-03   6.45184E-04   8.97031E+01   7.28123E+01   1.63880E-01
 2.56000E+02   5.12000E+01   2.60000E+00   0.00000E+00   0.00000E+00   0.00000E+00   4.78929E-05   1.04425E-02   1.32730E+00   4.11699E-04   7.20001E-04   1.73550E-07   5.93238E-04   3.14767E-04   5.83086E-07   8.43564E-07   1.33949E-06   1.80216E-03   6.98148E-04   8.52229E+01   7.01425E+01   1.71795E-01
 2.56000E+02   5.12000E+01   2.70000E+00   0.00000E+00   0.00000E+00   0.00000E+00   5.19062E-05   1.01180E-02   1.24105E+00   3.99083E-04   6.82540E-04   1.92971E-07   5.71485E-04   3.18462E-04   6.49849E-07   8.82462E-07   1.39561E-06   2.02957E-03   7.58089E-04   8.06770E+01   6.76408E+01   1.79411E-01
 2.56000E+02   5.12000E+01   2.80000E+00   0.00000E+00   0.00000E+00   0.00000E+00   5.61781E-05   9.78523E-03   1.15151E+00   3.86354E-04   6.45605E-04   2.10405E-07   5.51409E-04   3.21676E-04   7.10381E-07   9.19609E-07   1.44961E-06   2.26701E-03   8.24146E-04   7.60503E+01   6.51824E+01   1.86728E-01
 2.56000E+02   5.12000E+01   2.90000E+00   0.00000E+00   0.00000E+00   0.00000E+00   6.06963E-05   9.45178E-03   1.06263E+00   3.73694E-04   6.09785E-04   2.25616E-07   5.32899E-04   3.23992E-04   7.63942E-07   9.54816E-07   1.50120E-06   2.51401E-03   8.95712E-04   7.14155E+01   6.27505E+01   1.93712E-01
 2.56000E+02   5.12000E+01   3.00000E+00   0.00000E+00   0.00000E+00   0.00000E+00   6.54281E-05   9.12141E-03   9.85761E-01   3.61013E-04   5.76352E-04   2.38831E-07   5.16712E-04   3.25400E-04   8.11247E-07   9.87854E-07   1.54999E-06   2.77028E-03   9.72388E-04   6.69304E+01   6.04446E+01   2.00311E-01
 2.56000E+02   5.12000E+01   3.10000E+00   0.00000E+00   0.00000E+00   0.00000E+00   7.03425E-05   8.78756E-03   9.25674E-01   3.48206E-04   5.46244E-04   2.50455E-07   5.03437E-04   3.26060E-04   8.53554E-07   1.01846E-06   1.59515E-06   3.03569E-03   1.05382E-03   6.27214E+01   5.83606E+01   2.06443E-01
 2.56000E+02   5.12000E+01   3.20000E+00   0.00000E+00   0.00000E+00   0.00000E+00   7.54247E-05   8.45502E-03   8.75428E-01   3.35714E-04   5.19897E-04   2.60907E-07   4.92909E-04   3.26230E-04   8.92202E-07   1.04454E-06   1.62564E-06   3.31008E-03   1.13964E-03   5.88695E+01   5.65238E+01   2.11091E-01
 2.56000E+02   5.12000E+01   3.30000E+00   0.00000E+00   0.00000E+00   0.00000E+00   8.06720E-05   8.13736E-03   8.31017E-01   3.24253E-04   4.97373E-04   2.70543E-07   4.84523E-04   3.26262E-04   9.28356E-07   1.06767E-06   1.61685E-06   3.59320E-03   1.22949E-03   5.54208E+01   5.49117E+01   2.12343E-01
 2.56000E+02   5.12000E+01   3.40000E+00   0.00000E+00   0.00000E+00   0.00000E+00   8.60861E-05   7.84872E-03   7.87876E-01   3.14207E-04   4.78313E-04   2.79635E-07   4.77646E-04   3.26421E-04   9.62910E-07   1.12294E-06   1.55508E-06   3.88479E-03   1.32304E-03   5.23727E+01   5.34950E+01   2.11529E-01
 2.56000E+02   5.12000E+01   3.50000E+00   0.00000E+00   0.00000E+00   0.00000E+00   9.16672E-05   7.59644E-03   7.43897E-01   3.05379E-04   4.62043E-04   2.88368E-07   4.71733E-04   3.26773E-04   9.96486E-07   1.31160E-06   1.48082E-06   4.18462E-03   1.41998E-03   4.96764E+01   5.22478E+01   2.20341E-01
 2.56000E+02   5.12000E+01   3.60000E+00   0.00000E+00   0.00000E+00   0.00000E+00   9.74123E-05   7.38023E-03   6.99583E-01   2.97433E-04   4.47890E-04   2.97399E-07   4.66257E-04   3.27158E-04   1.03819E-06   1.75336E-06   1.54584E-06   4.49249E-03   1.52009E-03   4.72749E+01   5.11310E+01   2.62711E-01
 2.56000E+02   5.12000E+01   3.70000E+00   0.00000E+00   0.00000E+00   0.00000E+00   1.03314E-04   7.19177E-03   6.58513E-01   2.90132E-04   4.35297E-04   3.16490E-07   4.60740E-04   3.27159E-04   1.15408E-06   2.49153E-06   1.95848E-06   4.80828E-03   1.62318E-03   4.51187E+01   5.00890E+01   3.56808E-01
 2.56000E+02   5.12000E+01   3.80000E+00   0.00000E+00   0.00000E+00   0.00000E+00   1.09367E-04   7.01815E-03   6.22930E-01   2.83400E-04   4.23858E-04   3.96810E-07   4.54916E-04   3.26369E-04   1.48148E-06   3.50180E-06   2.76864E-06   5.13196E-03   1.72918E-03   4.31734E+01   4.90783E+01   5.01413E-01
 2.56000E+02   5.12000E+01   3.90000E+00   0.00000E+00   0.00000E+00   0.00000E+00   1.15571E-04   6.84785E-03   5.91291E-01   2.77218E-04   4.13498E-04   6.08550E-07   4.48815E-04   3.24571E-04   2.15673E-06   4.74289E-06   3.89730E-06   5.46349E-03   1.83801E-03   4.14314E+01   4.80860E+01   6.87591E-01
 2.56000E+02   5.12000E+01   4.00000E+00   0.00000E+00   0.00000E+00   0.00000E+00   1.21932E-04   6.67687E-03   5.60989E-01   2.71412E-04   4.04414E-04   9.54543E-07   4.42679E-04   3.21704E-04   3.18958E-06   6.17073E-06   5.27500E-06   5.80279E-03   1.94962E-03   3.99025E+01   4.71192E+01   9.07297E-01
 2.56000E+02   5.12000E+01   4.10000E+00   0.00000E+00   0.00000E+00   0.00000E+00   1.28455E-04   6.50631E-03   5.30850E-01   2.65693E-04   3.96723E-04   1.40073E-06   4.36765E-04   3.17779E-04   4.50658E-06   7.74268E-06   6.85686E-06   6.14962E-03   2.06391E-03   3.85845E+01   4.61826E+01   1.15410E+00
 2.56000E+02   5.12000E+01   4.20000E+00   0.00000E+00   0.00000E+00   0.00000E+00   1.35134E-04   6.33796E-03   5.02070E-01   2.59848E-04   3.90533E-04   1.91138E-06   4.31319E-04   3.12863E-04   6.01498E-06   9.41822E-06   8.59156E-06   6.50364E-03   2.18076E-03   3.74733E+01   4.52760E+01   1.42110E+00
 2.56000E+02   5.12000E+01   4.30000E+00   0.00000E+00   0.00000E+00   0.00000E+00   1.41960E-04   6.17305E-03   4.76213E-01   2.53775E-04   3.86004E-04   2.45231E-06   4.26607E-04   3.07087E-04   7.61938E-06   1.11499E-05   1.04062E-05   6.86443E-03   2.30001E-03   3.65710E+01   4.44020E+01   1.69884E+00
 2.56000E+02   5.12000E+01   4.40000E+00   0.00000E+00   0.00000E+00   0.00000E+00   1.48923E-04   6.01379E-03   4.53587E-01   2.47504E-04   3.83313E-04   2.99411E-06   4.22910E-04   3.00618E-04   9.23137E-06   1.28756E-05   1.22206E-05   7.23144E-03   2.42147E-03   3.58851E+01   4.35693E+01   1.97593E+00
 2.56000E+02   5.12000E+01   4.50000E+00   0.00000E+00   0.00000E+00   0.00000E+00   1.56010E-04   5.86345E-03   4.33324E-01   2.41149E-04   3.82676E-04   3.51444E-06   4.20492E-04   2.93639E-04   1.07784E-05   1.45200E-05   1.39590E-05   7.59739E-03   2.54271E-03   3.54326E+01   4.27921E+01   2.24300E+00
 2.56000E+02   5.12000E+01   4.60000E+00   0.00000E+00   0.00000E+00   0.00000E+00   1.63210E-04   5.72601E-03   4.15640E-01   2.34848E-04   3.84295E-04   3.99522E-06   4.19563E-04   2.86340E-04   1.22007E-05   1.60088E-05   1.55497E-05   7.96632E-03   2.66508E-03   3.52363E+01   4.20874E+01   2.48379E+00
 2.56000E+02   5.12000E+01   4.70000E+00   0.00000E+00   0.00000E+00   0.00000E+00   1.70508E-04   5.60411E-03   4.01859E-01   2.28751E-04   3.88278E-04   4.41968E-06   4.20253E-04   2.78903E-04   1.34446E-05   1.72819E-05   1.69274E-05   8.34002E-03   2.78915E-03   3.53127E+01   4.14747E+01   2.69113E+00
 2.56000E+02   5.12000E+01   4.80000E+00   0.00000E+00   0.00000E+00   0.00000E+00   1.77889E-04   5.49819E-03   3.93266E-01   2.23023E-04   3.94601E-04   4.77355E-06   4.22592E-04   2.71497E-04   1.44640E-05   1.82918E-05   1.80329E-05   8.71766E-03   2.91464E-03   3.56663E+01   4.09719E+01   2.85705E+00
 2.56000E+02   5.12000E+01   4.90000E+00   0.00000E+00   0.00000E+00   0.00000E+00   1.85337E-04   5.40854E-03   3.90014E-01   2.17821E-04   4.03104E-04   5.04697E-06   4.26505E-04   2.64273E-04   1.52271E-05   1.90025E-05   1.88145E-05   9.09836E-03   3.04125E-03   3.62868E+01   4.05942E+01   2.97510E+00
 2.56000E+02   5.12000E+01   5.00000E+00   0.00000E+00   0.00000E+00   0.00000E+00   1.92837E-04   5.33559E-03   3.91710E-01   2.13288E-04   4.13493E-04   5.23387E-06   4.31822E-04   2.57362E-04   1.57159E-05   1.93860E-05   1.92368E-05   9.48123E-03   3.16866E-03   3.71494E+01   4.03524E+01   3.04067E+00
 5.12000E+02   1.02400E+02   5.00000E-01   0.00000E+00   0.00000E+00   0.00000E+00   1.99868E-06   8.46937E-03   2.73181E+00   1.60769E-01   1.31516E-01   0.00000E+00   1.23221E-01   1.32885E-01   0.00000E+00   9.66564E-07   9.52521E-07   2.28028E-01   1.19248E-01   4.38829E+02   4.31536E+02   5.33671E-01
 5.12000E+02   1.02400E+02   6.00000E-01   0.00000E+00   0.00000E+00   0.00000E+00   1.99893E-06   8.47236E-03   2.66795E+00   1.60769E-01   1.19332E-01   0.00000E+00   1.21305E-01   1.32885E-01   0.00000E+00   1.74572E-07   2.56038E-08   2.28028E-01   1.17595E-01   2.05025E+04   8.05462E+03   6.54427E-02
 5.12000E+02   1.02400E+02   7.00000E-01   0.00000E+00   0.00000E+00   0.00000E+00   2.00368E-06   8.52889E-03   2.36600E+00   1.57391E-01   1.03157E-01   0.00000E+00   1.06323E-01   1.27458E-01   0.00000E+00   2.51656E-08   6.38668E-10   2.28028E-01   1.13019E-01   3.26005E+04   2.69807E+04   9.33503E-03
 5.12000E+02   1.02400E+02   8.00000E-01   0.00000E+00   0.00000E+00   0.00000E+00   1.98850E-06   8.62194E-03   1.89491E+00   1.32125E-01   6.99711E-02   0.00000E+00   7.63778E-02   1.03691E-01   0.00000E+00   1.46733E-09   1.24920E-09   1.97036E-01   9.29526E-02   3.78939E+04   3.03799E+04   7.68301E-04
 5.12000E+02   1.02400E+02   9.00000E-01   0.00000E+00   0.00000E+00   0.00000E+00   1.88472E-06   8.81585E-03   1.76949E+00   9.45746E-02   3.18665E-02   5.36338E-07   4.41323E-02   6.27394E-02   4.96186E-06   1.14491E-09   1.01653E-09   1.48253E-01   6.48268E-02   3.52959E+04   2.84533E+04   5.72091E-04
 5.12000E+02   1.02400E+02   1.00000E+00   0.00000E+00   0.00000E+00   0.00000E+00   1.68927E-06   9.13846E-03   1.77893E+00   3.25732E-02   8.55507E-03   2.64645E-06   1.63669E-02   2.22772E-02   6.91686E-06   7.40188E-10   7.38661E-10   1.02564E-01   3.71449E-02   1.24870E+04   1.02447E+04   3.84777E-04
 5.12000E+02   1.02400E+02   1.10000E+00   0.00000E+00   0.00000E+00   0.00000E+00   1.51720E-06   9.45563E-03   1.66929E+00   5.28634E-04   5.68264E-04   2.09023E-06   6.57411E-03   3.83184E-04   7.76656E-06   6.41002E-10   1.56828E-09   6.23983E-02   2.09166E-02   3.30013E+02   2.44182E+03   6.89619E-04
 5.12000E+02   1.02400E+02   1.20000E+00   0.00000E+00   0.00000E+00   0.00000E+00   1.54645E-06   9.61334E-03   1.60249E+00   4.52856E-04   5.18170E-04   1.70101E-06   4.59429E-04   3.38324E-04   5.73674E-06   7.72188E-09   1.88229E-08   3.42916E-02   1.14344E-02   2.92648E+02   2.41292E+02   8.34762E-03
 5.12000E+02   1.02400E+02   1.30000E+00   0.00000E+00   0.00000E+00   0.00000E+00   1.84525E-06   9.57347E-03   1.49876E+00   3.70762E-04   4.80534E-04   1.24623E-06   4.27789E-04   2.87090E-04   4.30498E-06   3.26553E-08   6.97970E-08   8.51716E-03   2.85143E-03   2.61562E+02   2.19798E+02   3.21762E-02
 5.12000E+02   1.02400E+02   1.40000E+00   0.00000E+00   0.00000E+00   0.00000E+00   2.32951E-06   9.37534E-03   1.52336E+00   2.98283E-04   4.54290E-04   8.83557E-07   4.06135E-04   2.42670E-04   2.99425E-06   7.96261E-08   1.58183E-07   1.80823E-04   2.47632E-04   2.39776E+02   2.05485E+02   7.48111E-02
 5.12000E+02   1.02400E+02   1.50000E+00   0.00000E+00   0.00000E+00   0.00000E+00   2.91495E-06   9.06210E-03   1.59328E+00   2.44205E-04   4.38327E-04   5.86992E-07   3.93129E-04   2.09812E-04   1.97934E-06   1.46107E-07   2.75572E-07   1.90464E-04   2.32527E-04   2.26291E+02   1.97031E+02   1.32971E-01
 5.12000E+02   1.02400E+02   1.60000E+00   0.00000E+00   0.00000E+00   0.00000E+00   3.55983E-06   8.64220E-03   1.70022E+00   2.08237E-04   4.30626E-04   3.56356E-07   3.86126E-04   1.86660E-04   1.19524E-06   2.25961E-07   4.08807E-07   2.06721E-04   2.24962E-04   2.18009E+02   1.91662E+02   2.00771E-01
 5.12000E+02   1.02400E+02   1.70000E+00   0.00000E+00   0.00000E+00   0.00000E+00   4.24536E-06   8.13469E-03   1.71799E+00   1.85815E-04   4.28653E-04   1.89996E-07   3.82184E-04   1.70319E-04   6.36533E-07   3.11913E-07   5.45239E-07   2.31407E-04   2.22834E-04   2.12664E+02   1.87264E+02   2.71979E-01
 5.12000E+02   1.02400E+02   1.80000E+00   0.00000E+00   0.00000E+00   0.00000E+00   4.95514E-06   7.58277E-03   1.61327E+00   1.72698E-04   4.28542E-04   7.82855E-08   3.78178E-04   1.59107E-04   2.66054E-07   3.97642E-07   6.76227E-07   2.65806E-04   2.24217E-04   2.08579E+02   1.82591E+02   3.41805E-01
 5.12000E+02   1.02400E+02   1.90000E+00   0.00000E+00   0.00000E+00   0.00000E+00   5.67819E-06   7.02193E-03   1.59042E+00   1.65806E-04   4.25735E-04   8.06966E-09   3.71007E-04   1.51576E-04   3.36068E-08   4.78688E-07   7.96468E-07   3.10438E-04   2.27483E-04   2.04090E+02   1.76718E+02   4.07045E-01
 5.12000E+02   1.02400E+02   2.00000E+00   0.00000E+00   0.00000E+00   0.00000E+00   6.41406E-06   6.49016E-03   1.58012E+00   1.62561E-04   4.18156E-04   4.20472E-08   1.38678E-02   1.38633E-02   1.32589E-07   5.52420E-07   9.03403E-07   3.65292E-04   6.53912E-03   1.98349E+02   1.69604E+02   4.65931E-01
 5.12000E+02   1.02400E+02   2.10000E+00   0.00000E+00   0.00000E+00   0.00000E+00   7.16438E-06   6.03004E-03   1.54319E+00   1.60546E-04   4.06393E-04   7.43836E-08   1.38679E-02   1.38639E-02   2.41606E-07   6.17598E-07   9.96229E-07   4.30094E-04   6.53965E-03   1.91482E+02   1.61879E+02   5.17704E-01
 5.12000E+02   1.02400E+02   2.20000E+00   0.00000E+00   0.00000E+00   0.00000E+00   7.92902E-06   5.66459E-03   1.52805E+00   1.57897E-04   3.91884E-04   9.93613E-08   1.38679E-02   1.38645E-02   3.27183E-07   6.74444E-07   1.07666E-06   5.04398E-04   6.54028E-03   1.83933E+02   1.54075E+02   5.62877E-01
 5.12000E+02   1.02400E+02   2.30000E+00   0.00000E+00   0.00000E+00   0.00000E+00   8.70993E-06   5.38567E-03   1.49705E+00   1.53629E-04   3.75865E-04   1.21252E-07   1.38679E-02   1.38651E-02   4.02567E-07   7.24668E-07   1.14791E-06   5.87593E-04   6.54106E-03   1.76060E+02   1.46480E+02   6.02949E-01
 5.12000E+02   1.02400E+02   2.40000E+00   0.00000E+00   0.00000E+00   0.00000E+00   9.51346E-06   5.17469E-03   1.42184E+00   1.47647E-04   3.59174E-04   1.42381E-07   1.38678E-02   1.38656E-02   4.75076E-07   7.70354E-07   1.21328E-06   6.78868E-04   6.54202E-03   1.68085E+02   1.39278E+02   6.39625E-01
 5.12000E+02   1.02400E+02   2.50000E+00   0.00000E+00   0.00000E+00   0.00000E+00   1.03487E-05   4.99927E-03   1.33698E+00   1.40646E-04   3.42255E-04   1.63787E-07   1.38677E-02   1.38661E-02   5.48150E-07   8.13129E-07   1.27497E-06   7.77217E-04   6.54320E-03   1.60087E+02   1.32587E+02   6.74131E-01
 5.12000E+02   1.02400E+02   2.60000E+00   0.00000E+00   0.00000E+00   0.00000E+00   1.12282E-05   4.83072E-03   1.25322E+00   1.33606E-04   3.25006E-04   1.85526E-07   1.38676E-02   1.38664E-02   6.22086E-07   8.53917E-07   1.33399E-06   8.81678E-04   6.54462E-03   1.51924E+02   1.26389E+02   7.07117E-01
 5.12000E+02   1.02400E+02   2.70000E+00   0.00000E+00   0.00000E+00   0.00000E+00   1.21637E-05   4.66093E-03   1.17223E+00   1.27220E-04   3.07200E-04   2.06284E-07   1.38675E-02   1.38668E-02   6.92523E-07   8.93127E-07   1.39094E-06   9.91473E-04   6.54631E-03   1.43418E+02   1.20619E+02   7.38915E-01
 5.12000E+02   1.02400E+02   2.80000E+00   0.00000E+00   0.00000E+00   0.00000E+00   1.31610E-05   4.49330E-03   1.08819E+00   1.21739E-04   2.88681E-04   2.24934E-07   1.38673E-02   1.38671E-02   7.56041E-07   9.30710E-07   1.44557E-06   1.10610E-03   6.54829E-03   1.34494E+02   1.15198E+02   7.69459E-01
 5.12000E+02   1.02400E+02   2.90000E+00   0.00000E+00   0.00000E+00   0.00000E+00   1.42178E-05   4.33015E-03   1.00245E+00   1.17098E-04   2.69678E-04   2.41196E-07   1.38673E-02   1.38674E-02   8.12014E-07   9.66562E-07   1.49774E-06   1.22537E-03   6.55060E-03   1.25296E+02   1.10048E+02   7.98658E-01
 5.12000E+02   1.02400E+02   3.00000E+00   0.00000E+00   0.00000E+00   0.00000E+00   1.53263E-05   4.16942E-03   9.25742E-01   1.13057E-04   2.51040E-04   2.55325E-07   1.38672E-02   1.38676E-02   8.61304E-07   1.00044E-06   1.54709E-06   1.34926E-03   6.55326E-03   1.16207E+02   1.05273E+02   8.26308E-01
 5.12000E+02   1.02400E+02   3.10000E+00   0.00000E+00   0.00000E+00   0.00000E+00   1.64788E-05   4.00480E-03   8.64414E-01   1.09308E-04   2.33614E-04   2.67770E-07   1.38672E-02   1.38678E-02   9.05289E-07   1.03200E-06   1.59306E-06   1.47780E-03   6.55629E-03   1.07559E+02   1.00970E+02   8.52117E-01
 5.12000E+02   1.02400E+02   3.20000E+00   0.00000E+00   0.00000E+00   0.00000E+00   1.76721E-05   3.83505E-03   8.14851E-01   1.05647E-04   2.17834E-04   2.78992E-07   1.38672E-02   1.38679E-02   9.45396E-07   1.05857E-06   1.62995E-06   1.61091E-03   6.55972E-03   9.95040E+01   9.71322E+01   8.73465E-01
 5.12000E+02   1.02400E+02   3.30000E+00   0.00000E+00   0.00000E+00   0.00000E+00   1.89066E-05   3.66494E-03   7.71075E-01   1.01981E-04   2.03793E-04   2.89382E-07   1.38671E-02   1.38679E-02   9.82873E-07   1.07492E-06   1.64466E-06   1.74839E-03   6.56357E-03   9.20596E+01   9.37170E+01   8.84391E-01
 5.12000E+02   1.02400E+02   3.40000E+00   0.00000E+00   0.00000E+00   0.00000E+00   2.01830E-05   3.50164E-03   7.26917E-01   9.83383E-05   1.91398E-04   2.99229E-07   1.38670E-02   1.38679E-02   1.01868E-06   1.08235E-06   1.62449E-06   1.89001E-03   6.56785E-03   8.52012E+01   9.06584E+01   8.80466E-01
 5.12000E+02   1.02400E+02   3.50000E+00   0.00000E+00   0.00000E+00   0.00000E+00   2.15006E-05   3.35065E-03   6.80309E-01   9.48758E-05   1.80490E-04   3.08728E-07   1.38668E-02   1.38679E-02   1.05347E-06   1.10202E-06   1.56890E-06   2.03560E-03   6.57261E-03   7.89189E+01   8.78799E+01   8.66687E-01
 5.12000E+02   1.02400E+02   3.60000E+00   0.00000E+00   0.00000E+00   0.00000E+00   2.28578E-05   3.21465E-03   6.33786E-01   9.17659E-05   1.70919E-04   3.19126E-07   1.38666E-02   1.38677E-02   1.09307E-06   1.18349E-06   1.50295E-06   2.18507E-03   6.57782E-03   7.32169E+01   8.52964E+01   8.66038E-01
 5.12000E+02   1.02400E+02   3.70000E+00   0.00000E+00   0.00000E+00   0.00000E+00   2.42520E-05   3.09160E-03   5.90756E-01   8.90593E-05   1.62557E-04   3.38715E-07   1.38663E-02   1.38674E-02   1.17316E-06   1.39064E-06   1.48876E-06   2.33840E-03   6.58350E-03   6.80953E+01   8.28313E+01   9.21651E-01
 5.12000E+02   1.02400E+02   3.80000E+00   0.00000E+00   0.00000E+00   0.00000E+00   2.56817E-05   2.97645E-03   5.53307E-01   8.67217E-05   1.55278E-04   3.84908E-07   1.38657E-02   1.38669E-02   1.34553E-06   1.75683E-06   1.61188E-06   2.49555E-03   6.58963E-03   6.35375E+01   8.04179E+01   1.07503E+00
 5.12000E+02   1.02400E+02   3.90000E+00   0.00000E+00   0.00000E+00   0.00000E+00   2.71471E-05   2.86467E-03   5.20283E-01   8.46902E-05   1.48991E-04   4.81102E-07   1.38649E-02   1.38662E-02   1.66002E-06   2.26891E-06   1.92787E-06   2.65644E-03   6.59623E-03   5.95257E+01   7.80253E+01   1.33724E+00
 5.12000E+02   1.02400E+02   4.00000E+00   0.00000E+00   0.00000E+00   0.00000E+00   2.86499E-05   2.75518E-03   4.89418E-01   8.28856E-05   1.43654E-04   6.37906E-07   1.38639E-02   1.38653E-02   2.13566E-06   2.89314E-06   2.43143E-06   2.82097E-03   6.60335E-03   5.60525E+01   7.56631E+01   1.69311E+00
 5.12000E+02   1.02400E+02   4.10000E+00   0.00000E+00   0.00000E+00   0.00000E+00   3.01912E-05   2.64827E-03   4.59017E-01   8.12196E-05   1.39195E-04   8.47474E-07   1.38627E-02   1.38642E-02   2.75401E-06   3.59861E-06   3.08575E-06   2.98903E-03   6.61101E-03   5.30844E+01   7.33464E+01   2.12158E+00
 5.12000E+02   1.02400E+02   4.20000E+00   0.00000E+00   0.00000E+00   0.00000E+00   3.17704E-05   2.54415E-03   4.29872E-01   7.96049E-05   1.35574E-04   1.09349E-06   1.38613E-02   1.38629E-02   3.47547E-06   4.35754E-06   3.84847E-06   3.16048E-03   6.61924E-03   5.05854E+01   7.10891E+01   2.60159E+00
 5.12000E+02   1.02400E+02   4.30000E+00   0.00000E+00   0.00000E+00   0.00000E+00   3.33856E-05   2.44308E-03   4.03283E-01   7.79740E-05   1.32805E-04   1.35794E-06   1.38598E-02   1.38615E-02   4.25308E-06   5.13743E-06   4.67376E-06   3.33517E-03   6.62807E-03   4.85361E+01   6.89078E+01   3.10900E+00
 5.12000E+02   1.02400E+02   4.40000E+00   0.00000E+00   0.00000E+00   0.00000E+00   3.50346E-05   2.34593E-03   3.79732E-01   7.63156E-05   1.30945E-04   1.62497E-06   1.38582E-02   1.38599E-02   5.04228E-06   5.90368E-06   5.51564E-06   3.51289E-03   6.63752E-03   4.69363E+01   6.68186E+01   3.61845E+00
 5.12000E+02   1.02400E+02   4.50000E+00   0.00000E+00   0.00000E+00   0.00000E+00   3.67153E-05   2.25413E-03   3.58444E-01   7.46678E-05   1.30077E-04   1.88268E-06   1.38565E-02   1.38583E-02   5.80644E-06   6.62393E-06   6.33053E-06   3.69341E-03   6.64762E-03   4.58106E+01   6.48440E+01   4.10598E+00
 5.12000E+02   1.02400E+02   4.60000E+00   0.00000E+00   0.00000E+00   0.00000E+00   3.84253E-05   2.16979E-03   3.39219E-01   7.30980E-05   1.30292E-04   2.12167E-06   1.38547E-02   1.38566E-02   6.51493E-06   7.27026E-06   7.08000E-06   3.87646E-03   6.65839E-03   4.51948E+01   6.30136E+01   4.55062E+00
 5.12000E+02   1.02400E+02   4.70000E+00   0.00000E+00   0.00000E+00   0.00000E+00   4.01619E-05   2.09472E-03   3.23147E-01   7.16912E-05   1.31649E-04   2.33353E-06   1.38530E-02   1.38549E-02   7.14077E-06   7.81952E-06   7.72997E-06   4.06171E-03   6.66985E-03   4.51208E+01   6.13650E+01   4.93424E+00
 5.12000E+02   1.02400E+02   4.80000E+00   0.00000E+00   0.00000E+00   0.00000E+00   4.19214E-05   2.02997E-03   3.12185E-01   7.05452E-05   1.34159E-04   2.51112E-06   1.38512E-02   1.38532E-02   7.66133E-06   8.25278E-06   8.25201E-06   4.24885E-03   6.68200E-03   4.56074E+01   5.99426E+01   5.24193E+00
 5.12000E+02   1.02400E+02   4.90000E+00   0.00000E+00   0.00000E+00   0.00000E+00   4.37006E-05   1.97634E-03   3.06759E-01   6.97529E-05   1.37770E-04   2.64975E-06   2.18492E-02   2.18493E-02   8.06070E-06   8.55476E-06   8.62432E-06   4.43750E-03   1.04056E-02   4.66491E+01   5.88782E+01   5.46231E+00
 5.12000E+02   1.02400E+02   5.00000E+00   0.00000E+00   0.00000E+00   0.00000E+00   4.54959E-05   1.93459E-03   3.06600E-01   6.93865E-05   1.42369E-04   2.74671E-06   2.18477E-02   2.18479E-02   8.32944E-06   8.71443E-06   8.83211E-06   4.62730E-03   1.04142E-02   4.82116E+01   5.80212E+01   5.58781E+00
