        Grid    Cell/Diam.            PU        Center        Center        Center        Radius       Tangent     Curvature      Sigma_xx      Sigma_xy      Sigma_xz      Sigma_yx      Sigma_yy      Sigma_yz      Sigma_zx      Sigma_zy      Sigma_zz       StressT        XForce        YForce        ZForce
        Size                      Spread             X             Y             Z         Error         Error         Error         Error         Error         Error         Error         Error         Error         Error         Error         Error         Error         Error         Error         Error
 1.60000E+01   3.20000E+00   5.00000E-01   0.00000E+00   0.00000E+00   0.00000E+00   2.23785E-03   2.45071E-01   7.45602E-01   1.74398E-01   8.05193E-02   1.27125E-02   9.71000E-02   1.50457E-01   5.91269E-02   6.60771E-02   5.31861E-02   2.17977E-01   1.18945E-01   3.20148E+01   3.04953E+01   2.52109E+01
 1.60000E+01   3.20000E+00   6.00000E-01   0.00000E+00   0.00000E+00   0.00000E+00   2.23299E-03   2.44165E-01   7.49384E-01   1.74398E-01   7.69409E-02   1.27125E-02   5.39464E-02   1.50457E-01   5.68902E-02   3.76424E-02   5.31861E-02   2.17977E-01   1.14037E-01   3.56814E+02   6.61396E+02   4.06525E+02
 1.60000E+01   3.20000E+00   7.00000E-01   0.00000E+00   0.00000E+00   0.00000E+00   2.23425E-03   2.41703E-01   7.71076E-01   1.69482E-01   6.34162E-02   1.27125E-02   5.39194E-02   1.47076E-01   5.63699E-02   3.20843E-02   4.14434E-02   2.03154E-01   1.07828E-01   3.10245E+02   3.31905E+02   2.84157E+02
 1.60000E+01   3.20000E+00   8.00000E-01   0.00000E+00   0.00000E+00   0.00000E+00   2.23653E-03   2.37958E-01   8.09156E-01   1.21935E-01   4.11435E-02   1.27125E-02   3.51333E-02   1.04844E-01   3.99340E-02   3.18202E-02   3.91100E-02   1.72997E-01   8.36752E-02   4.26322E+03   3.51399E+03   6.36088E+03
 1.60000E+01   3.20000E+00   9.00000E-01   0.00000E+00   0.00000E+00   0.00000E+00   2.24305E-03   2.33429E-01   8.27075E-01   8.38224E-02   3.37885E-02   9.17135E-03   2.87270E-02   8.34767E-02   2.28247E-02   1.27792E-02   1.19074E-02   7.21263E-02   4.95242E-02   2.04829E+03   3.23105E+01   4.09604E+03
 1.60000E+01   3.20000E+00   1.00000E+00   0.00000E+00   0.00000E+00   0.00000E+00   2.26107E-03   2.26888E-01   7.90018E-01   6.07846E-02   1.74342E-02   9.16603E-03   2.34175E-02   8.34561E-02   2.01188E-02   1.22211E-02   1.07613E-02   7.19752E-02   4.40283E-02   2.86402E+02   3.04903E+02   8.69280E+03
 1.60000E+01   3.20000E+00   1.10000E+00   0.00000E+00   0.00000E+00   0.00000E+00   2.29349E-03   2.17961E-01   7.39906E-01   3.53791E-02   9.81976E-03   3.62614E-03   1.51201E-02   2.20557E-02   1.27178E-02   3.23918E-03   6.22675E-03   3.30083E-02   1.93703E-02   6.48008E+03   6.48001E+03   4.10033E+03
 1.60000E+01   3.20000E+00   1.20000E+00   0.00000E+00   0.00000E+00   0.00000E+00   2.33046E-03   2.08106E-01   7.11791E-01   1.70735E-02   8.43066E-03   3.65243E-03   7.64406E-03   2.01250E-02   9.60572E-03   2.75682E-03   5.54220E-03   3.03724E-02   1.45007E-02   3.75002E+03   3.74940E+03   4.26919E+03
 1.60000E+01   3.20000E+00   1.30000E+00   0.00000E+00   0.00000E+00   0.00000E+00   2.35741E-03   1.97818E-01   6.81111E-01   1.18175E-02   7.30594E-03   1.42291E-03   6.51759E-03   8.12158E-03   5.84969E-03   2.66860E-03   5.12533E-03   1.32024E-02   7.78464E-03   3.93263E+03   3.74674E+03   3.93081E+03
 1.60000E+01   3.20000E+00   1.40000E+00   0.00000E+00   0.00000E+00   0.00000E+00   2.36825E-03   1.86661E-01   6.40122E-01   1.13259E-02   4.67810E-03   1.26043E-03   5.77223E-03   8.22152E-03   6.02511E-03   2.76966E-03   3.45075E-03   1.24137E-02   7.16971E-03   4.31118E+03   3.74116E+03   4.74042E+03
 1.60000E+01   3.20000E+00   1.50000E+00   0.00000E+00   0.00000E+00   0.00000E+00   2.36483E-03   1.75031E-01   5.96237E-01   1.08386E-02   3.85750E-03   1.05664E-03   5.34254E-03   8.31960E-03   6.25970E-03   2.81204E-03   3.20299E-03   1.23909E-02   7.00886E-03   5.30791E+03   5.78628E+03   9.24050E+03
 1.60000E+01   3.20000E+00   1.60000E+00   0.00000E+00   0.00000E+00   0.00000E+00   2.35148E-03   1.63742E-01   5.59794E-01   1.03584E-02   3.33297E-03   8.44816E-04   5.12356E-03   8.39194E-03   6.49026E-03   2.97316E-03   3.06935E-03   1.24264E-02   6.91692E-03   5.29106E+03   6.47043E+03   7.57901E+03
 1.60000E+01   3.20000E+00   1.70000E+00   0.00000E+00   0.00000E+00   0.00000E+00   2.33313E-03   1.53370E-01   5.28790E-01   9.89025E-03   3.04953E-03   6.64333E-04   4.97771E-03   8.42195E-03   6.71977E-03   3.12726E-03   3.06717E-03   1.25007E-02   6.86274E-03   4.26974E+03   6.01076E+03   7.49034E+03
 1.60000E+01   3.20000E+00   1.80000E+00   0.00000E+00   0.00000E+00   0.00000E+00   2.31347E-03   1.44200E-01   4.97523E-01   9.45156E-03   2.93691E-03   5.70761E-04   4.84088E-03   8.41163E-03   6.94770E-03   3.24492E-03   3.19373E-03   1.25938E-02   6.83191E-03   6.57535E+03   6.90393E+03   7.29610E+03
 1.60000E+01   3.20000E+00   1.90000E+00   0.00000E+00   0.00000E+00   0.00000E+00   2.29532E-03   1.36029E-01   4.60781E-01   9.05176E-03   2.95575E-03   6.03670E-04   4.70298E-03   8.37617E-03   7.16750E-03   3.33326E-03   3.42316E-03   1.27009E-02   6.82177E-03   8.84359E+03   7.57573E+03   7.56612E+03
 1.60000E+01   3.20000E+00   2.00000E+00   0.00000E+00   0.00000E+00   0.00000E+00   2.28166E-03   1.28714E-01   4.23428E-01   8.70687E-03   3.08121E-03   7.39276E-04   4.56451E-03   8.34232E-03   7.37361E-03   3.40284E-03   3.73762E-03   1.28430E-02   6.84057E-03   9.60385E+03   9.31641E+03   8.45198E+03
 1.60000E+01   3.20000E+00   2.10000E+00   0.00000E+00   0.00000E+00   0.00000E+00   2.27843E-03   1.22383E-01   3.89143E-01   8.45104E-03   3.29939E-03   9.34255E-04   4.43185E-03   8.33159E-03   7.57006E-03   3.46779E-03   4.13350E-03   1.30501E-02   6.90376E-03   1.05659E+04   9.30534E+03   8.36756E+03
 1.60000E+01   3.20000E+00   2.20000E+00   0.00000E+00   0.00000E+00   0.00000E+00   2.29759E-03   1.17194E-01   3.59814E-01   8.34409E-03   3.60551E-03   1.16472E-03   4.32409E-03   8.38354E-03   7.76953E-03   3.54459E-03   4.60841E-03   1.33513E-02   7.03472E-03   1.12632E+04   1.02339E+04   8.77592E+03
 1.60000E+01   3.20000E+00   2.30000E+00   0.00000E+00   0.00000E+00   0.00000E+00   2.35812E-03   1.13319E-01   3.36649E-01   8.43863E-03   3.99174E-03   1.42172E-03   4.27142E-03   8.57065E-03   7.99013E-03   3.64727E-03   5.15433E-03   1.37641E-02   7.25740E-03   1.20987E+04   1.04383E+04   9.08696E+03
 1.60000E+01   3.20000E+00   2.40000E+00   0.00000E+00   0.00000E+00   0.00000E+00   2.48208E-03   1.10927E-01   3.20897E-01   8.78313E-03   4.45183E-03   1.70080E-03   4.30549E-03   8.96673E-03   8.25492E-03   3.79023E-03   5.75863E-03   1.42999E-02   7.59351E-03   1.14467E+04   1.02203E+04   8.99953E+03
 1.60000E+01   3.20000E+00   2.50000E+00   0.00000E+00   0.00000E+00   0.00000E+00   2.68855E-03   1.10111E-01   3.11330E-01   9.40918E-03   4.98667E-03   1.99971E-03   4.44686E-03   9.62858E-03   8.57968E-03   3.98461E-03   6.41495E-03   1.49701E-02   8.05967E-03   1.23720E+04   1.10670E+04   1.02912E+04
 1.60000E+01   3.20000E+00   2.60000E+00   0.00000E+00   0.00000E+00   0.00000E+00   2.98951E-03   1.10812E-01   3.07563E-01   1.03233E-02   5.59291E-03   2.31375E-03   4.72178E-03   1.05810E-02   8.96565E-03   4.23656E-03   7.13259E-03   1.57893E-02   8.66645E-03   1.27158E+04   1.19308E+04   9.87916E+03
 1.60000E+01   3.20000E+00   2.70000E+00   0.00000E+00   0.00000E+00   0.00000E+00   3.38969E-03   1.12861E-01   3.09417E-01   1.15114E-02   6.26322E-03   2.63740E-03   5.16298E-03   1.18164E-02   9.40743E-03   4.55033E-03   7.92459E-03   1.67703E-02   9.41765E-03   1.30487E+04   1.26103E+04   1.09489E+04
 1.60000E+01   3.20000E+00   2.80000E+00   0.00000E+00   0.00000E+00   0.00000E+00   3.88982E-03   1.16061E-01   3.14864E-01   1.29471E-02   6.98921E-03   2.96773E-03   5.79305E-03   1.33135E-02   9.90401E-03   4.92952E-03   8.79812E-03   1.79181E-02   1.03115E-02   1.29727E+04   1.35204E+04   1.22813E+04
 1.60000E+01   3.20000E+00   2.90000E+00   0.00000E+00   0.00000E+00   0.00000E+00   4.48887E-03   1.20241E-01   3.24595E-01   1.46003E-02   7.76303E-03   3.30482E-03   6.61466E-03   1.50506E-02   1.04580E-02   5.37686E-03   9.75494E-03   1.92292E-02   1.13423E-02   1.30592E+04   1.33045E+04   1.26787E+04
 1.60000E+01   3.20000E+00   3.00000E+00   0.00000E+00   0.00000E+00   0.00000E+00   5.18457E-03   1.25200E-01   3.36655E-01   1.64432E-02   8.57654E-03   3.64966E-03   7.61166E-03   1.70100E-02   1.10736E-02   5.89387E-03   1.07990E-02   2.06971E-02   1.25028E-02   1.31656E+04   1.33543E+04   1.28382E+04
 1.60000E+01   3.20000E+00   3.10000E+00   0.00000E+00   0.00000E+00   0.00000E+00   5.97424E-03   1.30724E-01   3.50152E-01   1.84520E-02   9.42067E-03   4.00357E-03   8.75488E-03   1.91786E-02   1.17555E-02   6.48085E-03   1.19372E-02   2.23184E-02   1.37861E-02   1.35175E+04   1.33466E+04   1.30046E+04
 1.60000E+01   3.20000E+00   3.20000E+00   0.00000E+00   0.00000E+00   0.00000E+00   6.85566E-03   1.36650E-01   3.64617E-01   2.06051E-02   1.02854E-02   4.36749E-03   1.00076E-02   2.15489E-02   1.25056E-02   7.14028E-03   1.31720E-02   2.40935E-02   1.51852E-02   1.27899E+04   1.37050E+04   1.34320E+04
 1.60000E+01   3.20000E+00   3.30000E+00   0.00000E+00   0.00000E+00   0.00000E+00   7.82667E-03   1.42877E-01   3.80930E-01   2.28808E-02   1.11607E-02   4.74112E-03   1.13337E-02   2.41149E-02   1.33187E-02   7.87362E-03   1.44972E-02   2.60220E-02   1.66908E-02   1.34106E+04   1.31762E+04   1.23452E+04
 1.60000E+01   3.20000E+00   3.40000E+00   0.00000E+00   0.00000E+00   0.00000E+00   8.88533E-03   1.49308E-01   4.01302E-01   2.52580E-02   1.20368E-02   5.12274E-03   1.27041E-02   2.68695E-02   1.41826E-02   8.67667E-03   1.58971E-02   2.81004E-02   1.82916E-02   1.10121E+04   1.18375E+04   1.16167E+04
 1.60000E+01   3.20000E+00   3.50000E+00   0.00000E+00   0.00000E+00   0.00000E+00   1.00308E-02   1.55817E-01   4.22153E-01   2.77185E-02   1.29055E-02   5.51024E-03   1.40996E-02   2.98041E-02   1.50817E-02   9.54060E-03   1.73511E-02   3.03238E-02   1.99761E-02   9.68898E+03   1.07500E+04   1.13167E+04
 1.60000E+01   3.20000E+00   3.60000E+00   0.00000E+00   0.00000E+00   0.00000E+00   1.12641E-02   1.62344E-01   4.40003E-01   3.02487E-02   1.37616E-02   5.90235E-03   1.54810E-02   4.86182E-02   3.14392E-02   1.04568E-02   1.88398E-02   3.26907E-02   2.63818E-02   6.99967E+03   7.82110E+03   7.08375E+03
 1.60000E+01   3.20000E+00   3.70000E+00   0.00000E+00   0.00000E+00   0.00000E+00   1.25868E-02   1.68907E-01   4.53267E-01   3.28395E-02   1.46039E-02   6.29911E-03   1.67989E-02   5.24980E-02   3.63026E-02   1.14202E-02   2.03463E-02   3.52042E-02   2.88121E-02   7.75402E+03   1.04382E+04   1.03043E+04
 1.60000E+01   3.20000E+00   3.80000E+00   0.00000E+00   0.00000E+00   0.00000E+00   1.39999E-02   1.75574E-01   4.63212E-01   3.54843E-02   1.54339E-02   6.70142E-03   1.79963E-02   5.52305E-02   3.75081E-02   1.24292E-02   2.18574E-02   3.78689E-02   3.05317E-02   1.70432E+03   2.89670E+03   3.34392E+03
 1.60000E+01   3.20000E+00   3.90000E+00   0.00000E+00   0.00000E+00   0.00000E+00   1.55027E-02   1.82431E-01   4.71629E-01   3.81770E-02   1.62544E-02   7.11089E-03   1.91508E-02   5.71991E-02   3.83824E-02   1.34844E-02   2.33630E-02   4.06879E-02   3.20886E-02   2.02897E+03   3.32926E+03   4.08397E+03
 1.60000E+01   3.20000E+00   4.00000E+00   0.00000E+00   0.00000E+00   0.00000E+00   1.70926E-02   1.89581E-01   4.79739E-01   4.09123E-02   1.70681E-02   7.52932E-03   2.03103E-02   5.93558E-02   3.91257E-02   1.45874E-02   2.48548E-02   4.36614E-02   3.37065E-02   2.05005E+03   3.09853E+03   3.72574E+03
 1.60000E+01   3.20000E+00   4.10000E+00   0.00000E+00   0.00000E+00   0.00000E+00   1.87651E-02   1.97131E-01   4.88683E-01   4.36848E-02   1.78770E-02   7.95845E-03   2.15278E-02   6.16801E-02   3.99219E-02   1.57397E-02   2.63265E-02   4.67861E-02   3.54067E-02   2.05006E+03   3.09853E+03   3.72574E+03
 1.60000E+01   3.20000E+00   4.20000E+00   0.00000E+00   0.00000E+00   0.00000E+00   2.05149E-02   2.05183E-01   4.98814E-01   4.64896E-02   1.86815E-02   8.39984E-03   2.27897E-02   6.41522E-02   4.07639E-02   1.69422E-02   2.77736E-02   5.00560E-02   3.71804E-02   2.32939E+03   2.87950E+03   4.08425E+03
 1.60000E+01   3.20000E+00   4.30000E+00   0.00000E+00   0.00000E+00   0.00000E+00   2.23353E-02   2.13822E-01   5.10164E-01   4.93222E-02   1.94816E-02   8.85454E-03   2.40834E-02   6.67533E-02   4.16456E-02   1.81949E-02   2.91935E-02   5.34637E-02   3.90195E-02   2.32939E+03   2.87951E+03   4.08425E+03
 1.60000E+01   3.20000E+00   4.40000E+00   0.00000E+00   0.00000E+00   0.00000E+00   2.42199E-02   2.23103E-01   5.22901E-01   5.55154E-02   2.76630E-02   9.32322E-03   2.53975E-02   6.94660E-02   4.25624E-02   1.94969E-02   3.05852E-02   5.70013E-02   4.18741E-02   2.88258E+03   4.22824E+03   4.42481E+03
 1.60000E+01   3.20000E+00   4.50000E+00   0.00000E+00   0.00000E+00   0.00000E+00   2.61617E-02   2.33049E-01   5.37190E-01   6.38845E-02   3.82593E-02   9.80613E-03   2.67225E-02   7.22742E-02   4.35112E-02   2.08463E-02   3.19482E-02   6.06594E-02   4.54690E-02   1.64666E+03   2.62819E+03   2.89726E+03
 1.60000E+01   3.20000E+00   4.60000E+00   0.00000E+00   0.00000E+00   0.00000E+00   2.81539E-02   2.43642E-01   5.53123E-01   7.41045E-02   5.01851E-02   1.03032E-02   2.80498E-02   7.51627E-02   4.44891E-02   2.22409E-02   3.32821E-02   6.44279E-02   4.97605E-02   1.61998E+03   7.51129E+01   2.36600E+03
 1.60000E+01   3.20000E+00   4.70000E+00   0.00000E+00   0.00000E+00   0.00000E+00   3.01900E-02   2.54839E-01   5.70823E-01   8.61769E-02   6.58848E-02   1.08140E-02   2.93724E-02   7.81176E-02   4.54939E-02   2.36754E-02   4.69311E-02   8.15226E-02   5.80498E-02   1.61999E+03   7.52491E+01   2.36602E+03
 1.60000E+01   3.20000E+00   4.80000E+00   0.00000E+00   0.00000E+00   0.00000E+00   3.22635E-02   2.66576E-01   5.90315E-01   1.02019E-01   8.08246E-02   1.13382E-02   3.06840E-02   8.11262E-02   4.65238E-02   2.51470E-02   5.03809E-02   8.77912E-02   6.46653E-02   1.64666E+03   1.14675E+03   1.67389E+03
 1.60000E+01   3.20000E+00   4.90000E+00   0.00000E+00   0.00000E+00   0.00000E+00   3.43684E-02   2.78778E-01   6.11463E-01   1.12093E-01   8.86843E-02   1.18667E-02   3.56943E-02   8.53956E-02   4.75771E-02   2.66525E-02   5.36999E-02   9.41034E-02   6.98014E-02   1.18483E+03   1.64667E+03   1.14678E+03
 1.60000E+01   3.20000E+00   5.00000E+00   0.00000E+00   0.00000E+00   0.00000E+00   3.64989E-02   2.91365E-01   6.34088E-01   1.16887E-01   9.34183E-02   1.23989E-02   4.14948E-02   9.10675E-02   4.86115E-02   4.57499E-02   5.98236E-02   1.05955E-01   7.58799E-02   2.05071E+03   1.67228E+03   1.62008E+03
 3.20000E+01   6.40000E+00   5.00000E-01   0.00000E+00   0.00000E+00   0.00000E+00   5.55365E-05   4.64632E-02   1.08591E-01   1.26879E-01   6.88181E-02   1.77321E-02   6.53316E-02   1.06190E-01   4.24102E-02   3.95627E-02   4.82085E-02   1.46419E-01   8.42085E-02   4.46903E+01   3.94944E+01   4.49310E+01
 3.20000E+01   6.40000E+00   6.00000E-01   0.00000E+00   0.00000E+00   0.00000E+00   5.55227E-05   4.64378E-02   1.05729E-01   1.26879E-01   5.46038E-02   1.34388E-02   5.74977E-02   1.06190E-01   3.82546E-02   3.61120E-02   4.08146E-02   1.44909E-01   8.11548E-02   8.05683E+02   7.64040E+02   8.46714E+02
 3.20000E+01   6.40000E+00   7.00000E-01   0.00000E+00   0.00000E+00   0.00000E+00   5.54292E-05   4.60718E-02   1.08083E-01   1.23600E-01   4.83483E-02   1.34384E-02   5.22801E-02   9.83577E-02   2.95846E-02   2.91015E-02   2.68961E-02   1.43128E-01   7.68358E-02   7.41458E+04   7.53395E+04   7.55791E+04
 3.20000E+01   6.40000E+00   8.00000E-01   0.00000E+00   0.00000E+00   0.00000E+00   5.60532E-05   4.50393E-02   1.27313E-01   9.77332E-02   3.55102E-02   1.12057E-02   3.89892E-02   8.08021E-02   2.24673E-02   2.55042E-02   1.68482E-02   1.16192E-01   6.13978E-02   2.71074E+04   2.33085E+04   2.41549E+04
 3.20000E+01   6.40000E+00   9.00000E-01   0.00000E+00   0.00000E+00   0.00000E+00   5.94269E-05   4.26965E-02   1.48942E-01   6.36038E-02   1.81343E-02   7.19408E-03   2.34872E-02   6.73163E-02   1.54331E-02   1.10890E-02   8.02018E-03   8.77043E-02   4.42552E-02   7.97362E+04   5.24289E+04   5.24289E+04
 3.20000E+01   6.40000E+00   1.00000E+00   0.00000E+00   0.00000E+00   0.00000E+00   6.76779E-05   3.93010E-02   1.54816E-01   3.20943E-02   6.54338E-03   5.10723E-03   1.25785E-02   3.81289E-02   1.22205E-02   8.31533E-03   6.68130E-03   5.90228E-02   2.67868E-02   3.58999E+04   1.73399E+04   1.46544E+04
 3.20000E+01   6.40000E+00   1.10000E+00   0.00000E+00   0.00000E+00   0.00000E+00   7.94615E-05   3.55298E-02   1.49926E-01   2.32772E-02   3.93557E-03   2.43955E-03   5.17613E-03   2.61098E-02   5.97354E-03   3.16349E-03   1.64107E-03   3.19413E-02   1.61259E-02   4.54047E+04   4.54047E+04   4.54047E+04
 3.20000E+01   6.40000E+00   1.20000E+00   0.00000E+00   0.00000E+00   0.00000E+00   9.17337E-05   3.18430E-02   1.43250E-01   1.73812E-02   1.72910E-03   1.50002E-03   1.67939E-03   2.68142E-03   2.66468E-03   1.62206E-03   1.41826E-03   1.77681E-02   8.46434E-03   8.60765E+04      Infinity   8.65720E+04
 3.20000E+01   6.40000E+00   1.30000E+00   0.00000E+00   0.00000E+00   0.00000E+00   1.02917E-04   2.84578E-02   1.35486E-01   1.23417E-02   1.48093E-03   7.07485E-04   1.13387E-03   1.30392E-03   1.19527E-03   1.01965E-03   1.17203E-03   4.50588E-03   4.49866E-03   2.43473E+00   1.86364E+01   4.76006E+00
 3.20000E+01   6.40000E+00   1.40000E+00   0.00000E+00   0.00000E+00   0.00000E+00   1.12737E-04   2.54016E-02   1.27694E-01   1.23335E-02   1.29264E-03   2.12598E-04   9.53523E-04   1.25131E-03   5.43311E-04   9.03703E-04   1.08420E-03   1.88708E-03   4.24468E-03   5.20176E+04   5.20176E+04   5.20176E+04
 3.20000E+01   6.40000E+00   1.50000E+00   0.00000E+00   0.00000E+00   0.00000E+00   1.21160E-04   2.26374E-02   1.19476E-01   1.23220E-02   1.04179E-03   1.75311E-04   8.07881E-04   1.19895E-03   4.71613E-04   8.37546E-04   4.94245E-04   1.84753E-03   4.21136E-03   8.29057E+04   6.93701E+04   7.09010E+04
 3.20000E+01   6.40000E+00   1.60000E+00   0.00000E+00   0.00000E+00   0.00000E+00   1.27941E-04   2.01455E-02   1.11349E-01   1.23093E-02   9.09678E-04   1.55890E-04   6.88745E-04   1.14950E-03   4.36697E-04   7.88690E-04   4.13411E-04   1.82162E-03   4.19614E-03   1.13696E+04   4.74813E+02   5.71917E+04
 3.20000E+01   6.40000E+00   1.70000E+00   0.00000E+00   0.00000E+00   0.00000E+00   1.32725E-04   1.79271E-02   1.02580E-01   1.22979E-02   8.04218E-04   1.39903E-04   5.91854E-04   1.10452E-03   4.07271E-04   7.53336E-04   3.52435E-04   1.80590E-03   4.18453E-03   5.29880E+04   4.87587E+04   4.13219E+04
 3.20000E+01   6.40000E+00   1.80000E+00   0.00000E+00   0.00000E+00   0.00000E+00   1.35157E-04   1.59696E-02   9.45487E-02   1.22888E-02   7.19953E-04   1.29084E-04   5.17521E-04   1.06417E-03   3.84904E-04   7.27305E-04   3.08528E-04   1.79621E-03   4.17596E-03   1.14301E+01   1.65323E+00   1.84660E+00
 3.20000E+01   6.40000E+00   1.90000E+00   0.00000E+00   0.00000E+00   0.00000E+00   1.34917E-04   1.42455E-02   8.75113E-02   1.22815E-02   6.50590E-04   1.23826E-04   4.66761E-04   1.02832E-03   3.69869E-04   7.04505E-04   2.80211E-04   1.78710E-03   4.16941E-03   5.59432E+02   2.20789E+01   9.00927E+02
 3.20000E+01   6.40000E+00   2.00000E+00   0.00000E+00   0.00000E+00   0.00000E+00   1.32077E-04   1.27333E-02   8.02779E-02   1.22761E-02   5.90604E-04   1.23256E-04   4.37609E-04   9.98378E-04   3.61795E-04   6.77511E-04   2.66014E-04   1.77366E-03   4.16416E-03   8.43798E+00   1.45672E+00   1.46009E+03
 3.20000E+01   6.40000E+00   2.10000E+00   0.00000E+00   0.00000E+00   0.00000E+00   1.27272E-04   1.14352E-02   7.22959E-02   1.22730E-02   5.37229E-04   1.26274E-04   4.25814E-04   9.75803E-04   3.60531E-04   6.41936E-04   2.64064E-04   1.75530E-03   4.16011E-03   1.55158E+00   1.39225E+00   1.34868E+03
 3.20000E+01   6.40000E+00   2.20000E+00   0.00000E+00   0.00000E+00   0.00000E+00   1.21705E-04   1.03729E-02   6.39113E-02   1.22721E-02   4.92303E-04   1.32175E-04   4.28398E-04   9.63237E-04   3.66788E-04   5.97860E-04   2.74104E-04   1.73480E-03   4.15736E-03   3.05629E+02   1.34970E+00   1.98613E+00
 3.20000E+01   6.40000E+00   2.30000E+00   0.00000E+00   0.00000E+00   0.00000E+00   1.17358E-04   9.55484E-03   5.64335E-02   1.22727E-02   4.62178E-04   1.41116E-04   4.46389E-04   9.65939E-04   3.81894E-04   5.48361E-04   2.97245E-04   1.71784E-03   4.15627E-03   1.59234E+00   1.34425E+03   2.00110E+00
 3.20000E+01   6.40000E+00   2.40000E+00   0.00000E+00   0.00000E+00   0.00000E+00   1.17238E-04   8.99888E-03   5.07497E-02   1.22746E-02   4.57573E-04   1.54246E-04   4.85136E-04   9.93962E-04   4.08186E-04   4.99336E-04   3.34876E-04   1.71102E-03   4.15770E-03   1.63082E+00   1.30190E+00   2.04609E+00
 3.20000E+01   6.40000E+00   2.50000E+00   0.00000E+00   0.00000E+00   0.00000E+00   1.24996E-04   8.70890E-03   4.69813E-02   1.22780E-02   4.88465E-04   1.73314E-04   5.52221E-04   1.06112E-03   4.48743E-04   4.63526E-04   3.88338E-04   1.72155E-03   4.16307E-03   2.71101E+02   8.42250E+02   2.09871E+00
 3.20000E+01   6.40000E+00   2.60000E+00   0.00000E+00   0.00000E+00   0.00000E+00   1.43478E-04   8.65538E-03   4.48380E-02   1.22837E-02   5.57295E-04   1.99838E-04   6.52934E-04   1.17986E-03   5.06148E-04   4.63052E-04   4.57589E-04   1.75809E-03   4.17436E-03   1.74272E+00   2.65743E+02   2.16082E+00
 3.20000E+01   6.40000E+00   2.70000E+00   0.00000E+00   0.00000E+00   0.00000E+00   1.73454E-04   8.80445E-03   4.37934E-02   1.22923E-02   6.59905E-04   2.34027E-04   7.87702E-04   1.35673E-03   5.80980E-04   5.19867E-04   5.40982E-04   1.82992E-03   4.19393E-03   2.71103E+02   8.42277E+02   2.23400E+00
 3.20000E+01   6.40000E+00   2.80000E+00   0.00000E+00   0.00000E+00   0.00000E+00   2.14045E-04   9.13266E-03   4.38594E-02   1.23059E-02   7.91063E-04   2.76360E-04   9.55283E-04   1.59276E-03   6.72179E-04   6.39525E-04   6.36494E-04   1.94504E-03   4.22475E-03   1.90486E+00   1.42359E+00   2.31776E+00
 3.20000E+01   6.40000E+00   2.90000E+00   0.00000E+00   0.00000E+00   0.00000E+00   2.63956E-04   9.64593E-03   4.46162E-02   1.23258E-02   9.46602E-04   3.26713E-04   1.15502E-03   1.88647E-03   7.77864E-04   8.13570E-04   7.42745E-04   2.10922E-03   4.26992E-03   2.00334E+00   1.50105E+00   2.41137E+00
 3.20000E+01   6.40000E+00   3.00000E+00   0.00000E+00   0.00000E+00   0.00000E+00   3.22214E-04   1.03305E-02   4.61812E-02   1.23537E-02   1.12431E-03   3.84947E-04   1.38670E-03   2.23616E-03   8.96458E-04   1.03142E-03   8.59756E-04   2.32615E-03   4.33291E-03   2.11236E+00   1.59605E+00   1.34442+148
 3.20000E+01   6.40000E+00   3.10000E+00   0.00000E+00   0.00000E+00   0.00000E+00   3.88254E-04   1.11708E-02   4.83839E-02   1.23913E-02   1.32318E-03   4.50839E-04   1.65065E-03   2.64060E-03   1.02725E-03   1.28495E-03   9.88503E-04   2.59621E-03   4.41738E-03   2.23184E+00   4.28958E+02   2.63180E+00
 3.20000E+01   6.40000E+00   3.20000E+00   0.00000E+00   0.00000E+00   0.00000E+00   4.61806E-04   1.21552E-02   5.09833E-02   1.24407E-02   1.54354E-03   5.24337E-04   1.94701E-03   3.09857E-03   1.16994E-03   1.56919E-03   1.12993E-03   2.91770E-03   4.52698E-03   2.36216E+00   1.83941E+00   2.76137E+00
 3.20000E+01   6.40000E+00   3.30000E+00   0.00000E+00   0.00000E+00   0.00000E+00   5.42787E-04   1.32598E-02   5.35053E-02   1.25045E-02   1.78648E-03   6.05771E-04   2.27575E-03   3.60917E-03   1.32431E-03   1.88217E-03   1.28412E-03   3.28867E-03   4.66530E-03   2.50380E+00   1.98804E+00   2.90596E+00
 3.20000E+01   6.40000E+00   3.40000E+00   0.00000E+00   0.00000E+00   0.00000E+00   6.31232E-04   1.44663E-02   5.56575E-02   1.25855E-02   2.05317E-03   6.95338E-04   2.63761E-03   4.17237E-03   1.49015E-03   2.22297E-03   1.44468E-03   3.70441E-03   4.83542E-03   1.01898E+03   2.19793E+00   3.10368E+00
 3.20000E+01   6.40000E+00   3.50000E+00   0.00000E+00   0.00000E+00   0.00000E+00   7.27210E-04   1.57549E-02   5.77141E-02   1.26872E-02   2.34462E-03   7.92788E-04   3.03503E-03   4.78959E-03   1.66731E-03   2.59108E-03   1.61844E-03   4.16691E-03   5.04115E-03   2.82111E+00   2.34245E+00   3.24545E+00
 3.20000E+01   6.40000E+00   3.60000E+00   0.00000E+00   0.00000E+00   0.00000E+00   8.30766E-04   1.71151E-02   5.99771E-02   1.28128E-02   2.66124E-03   8.97590E-04   3.47189E-03   5.46350E-03   1.85559E-03   2.98525E-03   1.80627E-03   4.67483E-03   5.28554E-03   2.99552E+00   2.55207E+00   3.42974E+00
 3.20000E+01   6.40000E+00   3.70000E+00   0.00000E+00   0.00000E+00   0.00000E+00   9.41930E-04   1.85332E-02   6.24193E-02   1.29657E-02   3.00273E-03   1.00960E-03   3.95275E-03   6.19727E-03   2.05474E-03   3.40350E-03   2.00815E-03   5.22576E-03   5.57098E-03   1.23733E+03   2.77835E+00      Infinity
 3.20000E+01   6.40000E+00   3.80000E+00   0.00000E+00   0.00000E+00   0.00000E+00   1.06069E-03   1.99916E-02   6.50696E-02   1.17735E-02   3.36651E-03   1.20141E-03   4.48280E-03   6.99464E-03   2.26442E-03   3.84361E-03   2.22386E-03   5.81661E-03   5.56869E-03   1.85460E+02   3.04047E+00   7.28427E+35
 3.20000E+01   6.40000E+00   3.90000E+00   0.00000E+00   0.00000E+00   0.00000E+00   1.18700E-03   2.14806E-02   6.78766E-02   1.24388E-02   3.75366E-03   1.45120E-03   5.06878E-03   7.86084E-03   2.48422E-03   4.30364E-03   2.45305E-03   6.44421E-03   6.06120E-03   3.38132E+00   4.30144E+02   4.07923E+00
 3.20000E+01   6.40000E+00   4.00000E+00   0.00000E+00   0.00000E+00   0.00000E+00   1.32074E-03   2.29941E-02   7.07538E-02   1.31540E-02   4.15152E-03   1.73729E-03   5.72129E-03   8.80481E-03   2.71364E-03   4.78191E-03   2.69533E-03   7.10596E-03   6.59569E-03   3.59760E+00   3.78450E+00   4.32493E+00
 3.20000E+01   6.40000E+00   4.10000E+00   0.00000E+00   0.00000E+00   0.00000E+00   1.46177E-03   2.45216E-02   7.35891E-02   1.39142E-02   4.56665E-03   2.04393E-03   6.45955E-03   9.84357E-03   2.95195E-03   5.27688E-03   2.95028E-03   7.79981E-03   7.17526E-03   7.11224E+02   4.90652+123      Infinity
 3.20000E+01   6.40000E+00   4.20000E+00   0.00000E+00   0.00000E+00   0.00000E+00   1.60990E-03   2.60498E-02   7.63091E-02   1.47164E-02   5.00057E-03   2.36374E-03   7.32189E-03   1.10121E-02   3.19842E-03   5.78699E-03   3.21744E-03   8.52387E-03   7.80860E-03   4.22871E+02   4.22609E+00   4.84747E+00
 3.20000E+01   6.40000E+00   4.30000E+00   0.00000E+00   0.00000E+00   0.00000E+00   1.76489E-03   2.75629E-02   7.90339E-02   1.55570E-02   5.45215E-03   2.69232E-03   8.40248E-03   1.23990E-02   3.45234E-03   6.31058E-03   3.49638E-03   9.27621E-03   8.52020E-03      Infinity   4.57925E+00   5.12768E+00
 3.20000E+01   6.40000E+00   4.40000E+00   0.00000E+00   0.00000E+00   0.00000E+00   1.92642E-03   2.90474E-02   8.20293E-02   1.64324E-02   5.92007E-03   3.02674E-03   1.01959E-02   1.44957E-02   3.71299E-03   6.84567E-03   3.78669E-03   1.00547E-02   9.45399E-03   4.50440E+00   4.99983E+00   5.98628E+00
 3.20000E+01   6.40000E+00   4.50000E+00   0.00000E+00   0.00000E+00   0.00000E+00   2.09413E-03   3.04919E-02   8.54463E-02   1.73314E-02   6.40281E-03   3.36488E-03   1.10681E-02   1.56888E-02   3.97970E-03   7.39337E-03   4.08808E-03   1.08564E-02   1.01457E-02   4.76612E+00   5.35562E+00   5.71958E+00
 3.20000E+01   6.40000E+00   4.60000E+00   0.00000E+00   0.00000E+00   0.00000E+00   2.26762E-03   3.18874E-02   8.92685E-02   1.78810E-02   6.89656E-03   3.70520E-03   1.13350E-02   1.63627E-02   4.25175E-03   7.96455E-03   4.40043E-03   1.16737E-02   1.06165E-02   1.41010E+02   6.17752E+00      Infinity
 3.20000E+01   6.40000E+00   4.70000E+00   0.00000E+00   0.00000E+00   0.00000E+00   2.44643E-03   3.32269E-02   9.33691E-02   1.84868E-02   7.40233E-03   4.04657E-03   1.16298E-02   1.70746E-02   4.52842E-03   8.54493E-03   4.72364E-03   1.25097E-02   1.11158E-02   5.20017E+00   6.24962E+00   6.34582E+00
 3.20000E+01   6.40000E+00   4.80000E+00   0.00000E+00   0.00000E+00   0.00000E+00   2.63011E-03   3.45047E-02   9.76518E-02   1.91455E-02   7.91870E-03   4.38821E-03   1.21898E-02   1.78170E-02   4.80900E-03   9.13297E-03   7.34256E-03   1.41523E-02   1.19037E-02   5.39962E+00   7.01338E+00   9.54257E+00
 3.20000E+01   6.40000E+00   4.90000E+00   0.00000E+00   0.00000E+00   0.00000E+00   2.81818E-03   3.57176E-02   1.02069E-01   1.98525E-02   8.44391E-03   4.72952E-03   1.28452E-02   1.86560E-02   5.09289E-03   9.72695E-03   8.60337E-03   1.54341E-02   1.26210E-02   5.66479E+00   7.28615E+00   1.10531E+01
 3.20000E+01   6.40000E+00   5.00000E+00   0.00000E+00   0.00000E+00   0.00000E+00   3.01014E-03   3.68660E-02   1.06565E-01   2.06262E-02   8.97608E-03   5.06996E-03   1.34991E-02   1.95320E-02   5.37945E-03   1.03256E-02   1.09905E-02   1.74609E-02   1.35674E-02   8.87920E+02   7.73048E+00   7.71810E+00
 6.40000E+01   1.28000E+01   5.00000E-01   0.00000E+00   0.00000E+00   0.00000E+00   4.11401E-06   8.80782E-03   3.20963E-02   8.96969E-02   4.75088E-02   1.63336E-02   4.49696E-02   8.33839E-02   2.90234E-02   2.90938E-02   3.21034E-02   1.05005E-01   6.08186E-02   7.81169E+01   6.97151E+01   1.08325E+02
 6.40000E+01   1.28000E+01   6.00000E-01   0.00000E+00   0.00000E+00   0.00000E+00   4.13775E-06   8.80121E-03   2.85886E-02   8.91414E-02   4.26865E-02   1.63336E-02   4.21752E-02   8.23444E-02   2.72784E-02   2.61487E-02   2.97716E-02   1.04551E-01   5.94788E-02   1.66217E+02   1.49413E+02   1.58506E+02
 6.40000E+01   1.28000E+01   7.00000E-01   0.00000E+00   0.00000E+00   0.00000E+00   4.12530E-06   8.70423E-03   3.06865E-02   8.54561E-02   2.96145E-02   1.31613E-02   3.06694E-02   7.80384E-02   2.40581E-02   2.17771E-02   2.47637E-02   1.03614E-01   5.55635E-02   3.72025E+03   3.78428E+03   3.80544E+03
 6.40000E+01   1.28000E+01   8.00000E-01   0.00000E+00   0.00000E+00   0.00000E+00   4.12256E-06   8.46985E-03   3.81591E-02   6.97890E-02   2.12040E-02   9.40310E-03   2.15506E-02   6.05886E-02   1.87546E-02   1.54647E-02   1.75444E-02   8.42173E-02   4.41402E-02   3.07175E+02   2.86790E+02   3.31915E+02
 6.40000E+01   1.28000E+01   9.00000E-01   0.00000E+00   0.00000E+00   0.00000E+00   4.36964E-06   8.04487E-03   4.40170E-02   5.25276E-02   1.23340E-02   7.90034E-03   1.34216E-02   4.53449E-02   1.01977E-02   9.86320E-03   8.12544E-03   5.94854E-02   3.16505E-02   2.64217E+05   2.64216E+05   2.64217E+05
 6.40000E+01   1.28000E+01   1.00000E+00   0.00000E+00   0.00000E+00   0.00000E+00   4.97934E-06   7.41537E-03   4.57773E-02   3.26917E-02   6.85756E-03   5.03327E-03   7.01084E-03   2.86282E-02   6.03727E-03   7.71799E-03   5.85426E-03   3.84580E-02   2.00531E-02   1.14409E+05   1.14409E+05   1.14409E+05
 6.40000E+01   1.28000E+01   1.10000E+00   0.00000E+00   0.00000E+00   0.00000E+00   5.78287E-06   6.69575E-03   4.40125E-02   2.03190E-02   3.14268E-03   3.10490E-03   3.21773E-03   1.21459E-02   3.82275E-03   6.48920E-03   2.50661E-03   2.09971E-02   1.10259E-02   1.02684E+02   5.94130E+01   8.81544E+01
 6.40000E+01   1.28000E+01   1.20000E+00   0.00000E+00   0.00000E+00   0.00000E+00   6.56094E-06   5.96163E-03   4.14433E-02   5.65231E-03   1.18396E-03   1.43294E-03   8.51296E-04   5.93030E-03   1.62820E-03   5.93737E-03   8.42606E-04   1.36520E-02   5.73767E-03   2.90888E+01   2.27564E+01   4.44671E+01
 6.40000E+01   1.28000E+01   1.30000E+00   0.00000E+00   0.00000E+00   0.00000E+00   7.22762E-06   5.24495E-03   3.94810E-02   3.43104E-04   3.31179E-04   4.46349E-04   4.85451E-04   4.33994E-04   4.00566E-04   5.88896E-03   3.00838E-04   6.95399E-03   3.05759E-03   3.25145E+00   3.85231E+00   1.78707E+01
 6.40000E+01   1.28000E+01   1.40000E+00   0.00000E+00   0.00000E+00   0.00000E+00   7.80226E-06   4.56931E-03   3.76775E-02   3.36402E-04   2.52013E-04   1.08470E-04   2.52078E-04   2.73073E-04   1.30120E-04   5.87196E-03   2.29179E-04   5.98277E-03   2.80217E-03   1.46318E+00   1.67644E+00   3.75379E+00
 6.40000E+01   1.28000E+01   1.50000E+00   0.00000E+00   0.00000E+00   0.00000E+00   8.31727E-06   3.94750E-03   3.57232E-02   3.29802E-04   2.04585E-04   4.35762E-05   1.30729E-04   2.34083E-04   8.31083E-05   5.86942E-03   1.83235E-04   5.95765E-03   2.79302E-03   1.27787E+00   1.05893E+00   2.23727E+00
 6.40000E+01   1.28000E+01   1.60000E+00   0.00000E+00   0.00000E+00   0.00000E+00   8.77314E-06   3.37652E-03   3.33924E-02   3.23585E-04   1.66860E-04   3.67873E-05   1.06654E-04   2.22986E-04   7.15041E-05   5.86837E-03   1.46873E-04   5.95580E-03   2.79148E-03   1.23241E+00   9.82226E-01   2.14672E+00
 6.40000E+01   1.28000E+01   1.70000E+00   0.00000E+00   0.00000E+00   0.00000E+00   9.13914E-06   2.85168E-03   3.09441E-02   3.18045E-04   1.34973E-04   3.04195E-05   8.71366E-05   2.13121E-04   6.29881E-05   5.86781E-03   1.19405E-04   5.95473E-03   2.79049E-03   1.20307E+00   9.07368E-01   2.10729E+00
 6.40000E+01   1.28000E+01   1.80000E+00   0.00000E+00   0.00000E+00   0.00000E+00   9.37496E-06   2.38782E-03   2.85053E-02   3.13540E-04   1.07983E-04   2.50100E-05   7.14051E-05   2.04850E-04   5.81648E-05   5.86760E-03   1.00781E-04   5.95438E-03   2.78995E-03   1.18645E+00   8.37202E-01   2.11078E+00
 6.40000E+01   1.28000E+01   1.90000E+00   0.00000E+00   0.00000E+00   0.00000E+00   9.43877E-06   2.00677E-03   2.58209E-02   3.10204E-04   8.66428E-05   2.11680E-05   5.96635E-05   1.98317E-04   5.70691E-05   5.86764E-03   9.10556E-05   5.95466E-03   2.78978E-03   1.17945E+00   7.73658E-01   2.14711E+00
 6.40000E+01   1.28000E+01   2.00000E+00   0.00000E+00   0.00000E+00   0.00000E+00   9.30968E-06   1.71707E-03   2.30612E-02   3.07998E-04   7.21189E-05   1.92063E-05   5.21886E-05   1.93737E-04   5.90975E-05   5.86785E-03   9.00384E-05   5.95547E-03   2.78990E-03   1.17976E+00   7.18771E-01   2.20686E+00
 6.40000E+01   1.28000E+01   2.10000E+00   0.00000E+00   0.00000E+00   0.00000E+00   9.00977E-06   1.51573E-03   2.04296E-02   3.06835E-04   6.47571E-05   1.89907E-05   4.86897E-05   1.91286E-04   6.33841E-05   5.86816E-03   9.66281E-05   5.95673E-03   2.79024E-03   1.18458E+00   6.71512E-01   2.28214E+00
 6.40000E+01   1.28000E+01   2.20000E+00   0.00000E+00   0.00000E+00   0.00000E+00   8.61027E-06   1.39018E-03   1.79838E-02   3.06567E-04   6.32929E-05   2.01225E-05   4.82910E-05   1.91167E-04   6.95215E-05   5.86851E-03   1.09209E-04   5.95837E-03   2.79077E-03   1.19288E+00   6.35277E-01   2.36885E+00
 6.40000E+01   1.28000E+01   2.30000E+00   0.00000E+00   0.00000E+00   0.00000E+00   8.24370E-06   1.32268E-03   1.58967E-02   3.07252E-04   6.54174E-05   2.22036E-05   5.00961E-05   1.94080E-04   7.80369E-05   5.86892E-03   1.26539E-04   5.96045E-03   2.79151E-03   1.20391E+00   6.10580E-01   2.46495E+00
 6.40000E+01   1.28000E+01   2.40000E+00   0.00000E+00   0.00000E+00   0.00000E+00   8.13515E-06   1.28627E-03   1.43474E-02   3.09170E-04   6.94756E-05   2.49775E-05   5.35753E-05   2.01338E-04   9.02637E-05   5.86940E-03   1.47798E-04   5.96301E-03   2.79249E-03   1.21746E+00   5.97256E-01   2.56933E+00
 6.40000E+01   1.28000E+01   2.50000E+00   0.00000E+00   0.00000E+00   0.00000E+00   8.59273E-06   1.26068E-03   1.36382E-02   3.12722E-04   7.49275E-05   2.83087E-05   5.85039E-05   2.14604E-04   1.07674E-04   5.87001E-03   1.72152E-04   5.96612E-03   2.79377E-03   1.23298E+00   5.94182E-01   2.68184E+00
 6.40000E+01   1.28000E+01   2.60000E+00   0.00000E+00   0.00000E+00   0.00000E+00   9.90095E-06   1.24021E-03   1.33816E-02   3.18467E-04   8.17152E-05   3.21732E-05   6.47240E-05   2.35467E-04   1.31257E-04   5.87073E-03   1.98768E-04   5.96979E-03   2.79542E-03   1.25044E+00   5.99749E-01   2.80205E+00
 6.40000E+01   1.28000E+01   2.70000E+00   0.00000E+00   0.00000E+00   0.00000E+00   1.21761E-05   1.22885E-03   1.31915E-02   3.27086E-04   8.97693E-05   3.66585E-05   7.20979E-05   2.65360E-04   1.61668E-04   5.87154E-03   2.26759E-04   5.97402E-03   2.79749E-03   1.27073E+00   6.12102E-01   2.92686E+00
 6.40000E+01   1.28000E+01   2.80000E+00   0.00000E+00   0.00000E+00   0.00000E+00   1.53692E-05   1.23400E-03   1.30260E-02   3.39262E-04   9.89726E-05   4.19088E-05   8.05423E-05   3.05233E-04   1.99272E-04   5.87237E-03   2.55685E-04   5.97879E-03   2.80004E-03   1.29486E+00   6.29545E-01   3.05382E+00
 6.40000E+01   1.28000E+01   2.90000E+00   0.00000E+00   0.00000E+00   0.00000E+00   1.93790E-05   1.26490E-03   1.29637E-02   3.55617E-04   1.09292E-04   4.80593E-05   9.00706E-05   3.55424E-04   2.44146E-04   5.87318E-03   2.85530E-04   5.98413E-03   2.80318E-03   1.32298E+00   6.50687E-01   3.18382E+00
 6.40000E+01   1.28000E+01   3.00000E+00   0.00000E+00   0.00000E+00   0.00000E+00   2.41231E-05   1.33229E-03   1.30038E-02   3.76725E-04   1.20860E-04   5.52199E-05   1.00772E-04   4.15734E-04   2.96089E-04   5.87396E-03   3.16483E-04   5.99010E-03   2.80704E-03   1.35469E+00   6.74603E-01   3.31960E+00
 6.40000E+01   1.28000E+01   3.10000E+00   0.00000E+00   0.00000E+00   0.00000E+00   2.95554E-05   1.43984E-03   1.30855E-02   4.03124E-04   1.33890E-04   6.34614E-05   1.12763E-04   4.85568E-04   3.54652E-04   5.87474E-03   3.48810E-04   5.99684E-03   2.81178E-03   1.38959E+00   7.00923E-01   3.46497E+00
 6.40000E+01   1.28000E+01   3.20000E+00   0.00000E+00   0.00000E+00   0.00000E+00   3.56619E-05   1.58679E-03   1.30821E-02   4.35308E-04   1.48585E-04   7.28451E-05   1.26163E-04   5.64224E-04   4.19345E-04   5.87553E-03   3.82682E-04   6.00450E-03   2.81759E-03   1.42740E+00   7.29732E-01   3.62371E+00
 6.40000E+01   1.28000E+01   3.30000E+00   0.00000E+00   0.00000E+00   0.00000E+00   4.24528E-05   1.77035E-03   1.29467E-02   4.73720E-04   1.65095E-04   8.34644E-05   1.41077E-04   6.51198E-04   4.89829E-04   5.87638E-03   4.17997E-04   6.01322E-03   2.82465E-03   1.46788E+00   7.61334E-01   3.79899E+00
 6.40000E+01   1.28000E+01   3.40000E+00   0.00000E+00   0.00000E+00   0.00000E+00   4.99512E-05   1.98515E-03   1.27230E-02   5.18745E-04   1.83555E-04   9.54508E-05   1.57606E-04   7.46421E-04   5.66079E-04   5.87729E-03   4.54454E-04   6.02314E-03   2.83317E-03   1.51105E+00   7.96228E-01   3.99301E+00
 6.40000E+01   1.28000E+01   3.50000E+00   0.00000E+00   0.00000E+00   0.00000E+00   5.81833E-05   2.22616E-03   1.25204E-02   5.70698E-04   2.04096E-04   1.08966E-04   1.75854E-04   8.50361E-04   6.48463E-04   5.87827E-03   4.91746E-04   6.03440E-03   2.84339E-03   1.55708E+00   8.35058E-01   4.20700E+00
 6.40000E+01   1.28000E+01   3.60000E+00   0.00000E+00   0.00000E+00   0.00000E+00   6.71689E-05   2.48915E-03   1.24257E-02   6.29833E-04   2.26851E-04   1.24175E-04   1.95931E-04   9.63735E-04   7.37530E-04   5.87932E-03   5.29682E-04   6.04718E-03   2.85560E-03   1.60641E+00   8.78664E-01   4.44164E+00
 6.40000E+01   1.28000E+01   3.70000E+00   0.00000E+00   0.00000E+00   0.00000E+00   7.69202E-05   2.77137E-03   1.24342E-02   6.96341E-04   2.51935E-04   1.41224E-04   2.17948E-04   1.08723E-03   8.33795E-04   5.88044E-03   5.68256E-04   6.06168E-03   2.87015E-03   1.65982E+00   9.27994E-01   4.69694E+00
 6.40000E+01   1.28000E+01   3.80000E+00   0.00000E+00   0.00000E+00   0.00000E+00   8.74473E-05   3.06803E-03   1.25452E-02   7.70316E-04   2.79407E-04   1.60248E-04   2.41993E-04   1.22137E-03   9.37681E-04   5.88151E-03   6.03837E-04   6.07576E-03   2.88672E-03   1.71823E+00   9.83990E-01   4.96877E+00
 6.40000E+01   1.28000E+01   3.90000E+00   0.00000E+00   0.00000E+00   0.00000E+00   9.87582E-05   3.37364E-03   1.27405E-02   8.51759E-04   3.09283E-04   1.81331E-04   2.68116E-04   1.36636E-03   1.04941E-03   5.88254E-03   6.37617E-04   6.08966E-03   2.90572E-03   1.78266E+00   1.04765E+00   5.25778E+00
 6.40000E+01   1.28000E+01   4.00000E+00   0.00000E+00   0.00000E+00   0.00000E+00   1.10855E-04   3.68459E-03   1.29972E-02   9.40554E-04   3.41551E-04   2.04516E-04   2.96326E-04   1.52214E-03   1.16893E-03   1.09147E-03   6.72978E-04   1.72493E-03   1.02382E-03   1.85386E+00   1.11992E+00   5.52130E+00
 6.40000E+01   1.28000E+01   4.10000E+00   0.00000E+00   0.00000E+00   0.00000E+00   1.23734E-04   3.99847E-03   1.33487E-02   1.03651E-03   3.76187E-04   2.29804E-04   3.26610E-04   1.68842E-03   1.29604E-03   1.14938E-03   7.10507E-04   1.81479E-03   1.10681E-03   1.93232E+00   1.20154E+00   5.84570E+00
 6.40000E+01   1.28000E+01   4.20000E+00   0.00000E+00   0.00000E+00   0.00000E+00   1.37380E-04   4.31418E-03   1.38473E-02   1.13939E-03   4.13169E-04   2.57198E-04   3.58939E-04   1.86486E-03   1.43045E-03   1.21386E-03   7.50804E-04   1.91237E-03   1.19639E-03   2.01837E+00   1.29292E+00   6.18694E+00
 6.40000E+01   1.28000E+01   4.30000E+00   0.00000E+00   0.00000E+00   0.00000E+00   1.51766E-04   4.63196E-03   1.45513E-02   1.24894E-03   4.52482E-04   2.86711E-04   3.93272E-04   2.05101E-03   1.57189E-03   1.28437E-03   7.94505E-04   2.01751E-03   1.29229E-03   2.11220E+00   1.39429E+00   6.54375E+00
 6.40000E+01   1.28000E+01   4.40000E+00   0.00000E+00   0.00000E+00   0.00000E+00   1.66862E-04   4.95146E-03   1.54827E-02   1.36487E-03   4.94114E-04   3.18326E-04   4.28806E-04   2.23587E-03   1.71409E-03   1.36037E-03   8.42315E-04   2.13002E-03   1.39150E-03   2.21406E+00   1.46004E+00   6.91455E+00
 6.40000E+01   1.28000E+01   4.50000E+00   0.00000E+00   0.00000E+00   0.00000E+00   1.82627E-04   5.27194E-03   1.66224E-02   1.48685E-03   5.38051E-04   3.51979E-04   4.64437E-04   2.42046E-03   1.85382E-03   1.44131E-03   8.94931E-04   2.24970E-03   1.49348E-03   2.32433E+00   1.53133E+00   7.29750E+00
 6.40000E+01   1.28000E+01   4.60000E+00   0.00000E+00   0.00000E+00   0.00000E+00   1.99017E-04   5.59314E-03   1.79410E-02   1.61451E-03   5.84267E-04   3.87570E-04   5.02274E-04   2.61366E-03   1.99729E-03   1.52663E-03   9.52915E-04   2.37628E-03   1.60056E-03   2.44337E+00   1.64993E+00   7.69107E+00
 6.40000E+01   1.28000E+01   4.70000E+00   0.00000E+00   0.00000E+00   0.00000E+00   2.15987E-04   5.91551E-03   1.94060E-02   1.74747E-03   6.32728E-04   4.25003E-04   5.42063E-04   2.81437E-03   2.14619E-03   1.57509E-03   1.01660E-03   2.48033E-03   1.70364E-03   2.57138E+00   1.77631E+00   8.09394E+00
 6.40000E+01   1.28000E+01   4.80000E+00   0.00000E+00   0.00000E+00   0.00000E+00   2.33490E-04   6.23978E-03   2.09897E-02   1.88533E-03   6.83383E-04   4.64187E-04   5.83488E-04   3.02136E-03   2.28894E-03   1.60889E-03   1.08599E-03   2.57803E-03   1.80614E-03   2.70846E+00   1.90547E+00   8.50440E+00
 6.40000E+01   1.28000E+01   4.90000E+00   0.00000E+00   0.00000E+00   0.00000E+00   2.51478E-04   6.56653E-03   2.26629E-02   2.02769E-03   7.36152E-04   5.05010E-04   6.26086E-04   3.13321E-03   2.34317E-03   1.64846E-03   1.16094E-03   2.68377E-03   1.88195E-03   2.85449E+00   2.10768E+00   8.92327E+00
 6.40000E+01   1.28000E+01   5.00000E+00   0.00000E+00   0.00000E+00   0.00000E+00   2.69897E-04   6.89624E-03   2.43988E-02   4.77531E-03   7.90925E-04   5.47349E-04   6.69977E-04   3.25795E-03   2.40673E-03   1.69364E-03   1.24111E-03   2.79744E-03   2.42255E-03   2.48513E+01   2.26986E+00   9.34993E+00
 1.28000E+02   2.56000E+01   5.00000E-01   0.00000E+00   0.00000E+00   0.00000E+00   6.14472E-07   1.69951E-03   9.29147E-03   7.36731E-02   4.29276E-02   1.68122E-02   4.14695E-02   6.65423E-02   2.37449E-02   2.32895E-02   2.51064E-02   8.62493E-02   5.04163E-02   1.73407E+02   1.16117E+02   2.10235E+02
 1.28000E+02   2.56000E+01   6.00000E-01   0.00000E+00   0.00000E+00   0.00000E+00   6.14078E-07   1.69627E-03   9.05305E-03   7.29140E-02   3.86422E-02   1.62125E-02   3.75858E-02   6.55428E-02   2.16880E-02   1.96051E-02   2.14293E-02   8.60431E-02   4.88745E-02   5.52081E+02   5.30782E+02   5.00198E+02
 1.28000E+02   2.56000E+01   7.00000E-01   0.00000E+00   0.00000E+00   0.00000E+00   6.14769E-07   1.67443E-03   1.06796E-02   7.08534E-02   3.08675E-02   1.40788E-02   3.22247E-02   6.21846E-02   1.83000E-02   1.66209E-02   1.71474E-02   8.52459E-02   4.62465E-02   8.09016E+02   7.65788E+02   6.46121E+02
 1.28000E+02   2.56000E+01   8.00000E-01   0.00000E+00   0.00000E+00   0.00000E+00   6.21846E-07   1.62296E-03   1.34638E-02   5.66684E-02   2.25463E-02   1.04886E-02   2.38958E-02   5.00800E-02   1.39341E-02   1.21072E-02   1.20110E-02   7.05904E-02   3.70835E-02   9.47541E+02   8.67219E+02   9.02782E+02
 1.28000E+02   2.56000E+01   9.00000E-01   0.00000E+00   0.00000E+00   0.00000E+00   6.43851E-07   1.52527E-03   1.62891E-02   4.35786E-02   1.29436E-02   7.51091E-03   1.36004E-02   3.83693E-02   9.79803E-03   7.44087E-03   7.51197E-03   5.41169E-02   2.77221E-02   8.87977E+02   8.14855E+02   7.97868E+02
 1.28000E+02   2.56000E+01   1.00000E+00   0.00000E+00   0.00000E+00   0.00000E+00   6.87639E-07   1.38276E-03   1.68649E-02   2.75313E-02   4.81336E-03   5.19027E-03   5.93307E-03   2.12884E-02   6.04864E-03   4.10991E-03   3.63609E-03   3.86241E-02   1.78107E-02   5.89210E+02   4.60678E+02   6.06860E+02
 1.28000E+02   2.56000E+01   1.10000E+00   0.00000E+00   0.00000E+00   0.00000E+00   7.46360E-07   1.22483E-03   1.52310E-02   1.02484E-02   1.70606E-03   2.71504E-03   2.82986E-03   8.20848E-03   3.12579E-03   2.15000E-03   2.18503E-03   2.16503E-02   8.68333E-03   2.15544E+02   1.95768E+02   3.78947E+02
 1.28000E+02   2.56000E+01   1.20000E+00   0.00000E+00   0.00000E+00   0.00000E+00   8.04424E-07   1.06721E-03   1.31626E-02   4.89263E-03   6.81625E-04   1.14219E-03   9.63670E-04   3.55365E-03   1.27286E-03   7.44853E-04   6.93110E-04   9.65296E-03   3.87440E-03   1.06685E+02   8.36778E+01   1.82755E+02
 1.28000E+02   2.56000E+01   1.30000E+00   0.00000E+00   0.00000E+00   0.00000E+00   8.52161E-07   9.16936E-04   1.19800E-02   1.44194E-03   2.35342E-04   3.47158E-04   1.08056E-04   1.24640E-03   4.22324E-04   2.37244E-04   2.05052E-04   2.39049E-03   1.04410E-03   2.41604E+01   2.77581E+01   5.34083E+01
 1.28000E+02   2.56000E+01   1.40000E+00   0.00000E+00   0.00000E+00   0.00000E+00   8.88667E-07   7.78107E-04   1.16069E-02   6.56795E-05   5.23217E-05   5.87031E-05   4.78205E-05   1.60518E-04   7.59004E-05   4.24935E-05   4.46517E-05   1.59692E-04   9.04386E-05   1.67872E+00   3.07077E+00   3.57099E+00
 1.28000E+02   2.56000E+01   1.50000E+00   0.00000E+00   0.00000E+00   0.00000E+00   9.16182E-07   6.53201E-04   1.15096E-02   6.41859E-05   3.87080E-05   1.45971E-05   2.23550E-05   4.51670E-05   1.88665E-05   2.33265E-05   3.62442E-05   9.47349E-05   4.66184E-05   8.32448E-01   7.75365E-01   1.86123E+00
 1.28000E+02   2.56000E+01   1.60000E+00   0.00000E+00   0.00000E+00   0.00000E+00   9.35941E-07   5.42225E-04   1.12702E-02   6.29856E-05   3.32135E-05   1.36718E-05   1.96096E-05   4.32726E-05   1.74533E-05   1.91099E-05   2.95438E-05   9.38885E-05   4.45621E-05   8.06846E-01   7.23611E-01   1.86885E+00
 1.28000E+02   2.56000E+01   1.70000E+00   0.00000E+00   0.00000E+00   0.00000E+00   9.47655E-07   4.44561E-04   1.07617E-02   6.20180E-05   2.87889E-05   1.28622E-05   1.75822E-05   4.15232E-05   1.62825E-05   1.58499E-05   2.42485E-05   9.35251E-05   4.31085E-05   7.90150E-01   6.71757E-01   1.89266E+00
 1.28000E+02   2.56000E+01   1.80000E+00   0.00000E+00   0.00000E+00   0.00000E+00   9.50609E-07   3.63704E-04   9.95018E-03   6.12718E-05   2.53224E-05   1.21698E-05   1.61520E-05   4.00070E-05   1.54123E-05   1.34331E-05   2.01513E-05   9.35097E-05   4.21283E-05   7.80846E-01   6.22429E-01   1.92448E+00
 1.28000E+02   2.56000E+01   1.90000E+00   0.00000E+00   0.00000E+00   0.00000E+00   9.45120E-07   3.05621E-04   9.03355E-03   6.07170E-05   2.28352E-05   1.15844E-05   1.52645E-05   3.87810E-05   1.48714E-05   1.17522E-05   1.71888E-05   9.36262E-05   4.14993E-05   7.77598E-01   5.78669E-01   1.95650E+00
 1.28000E+02   2.56000E+01   2.00000E+00   0.00000E+00   0.00000E+00   0.00000E+00   9.33366E-07   2.71865E-04   8.16102E-03   6.03018E-05   2.13177E-05   1.10539E-05   1.48519E-05   3.78691E-05   1.46423E-05   1.07160E-05   1.53023E-05   9.36959E-05   4.11095E-05   7.78564E-01   5.42638E-01   1.98368E+00
 1.28000E+02   2.56000E+01   2.10000E+00   0.00000E+00   0.00000E+00   0.00000E+00   9.19696E-07   2.58605E-04   7.37437E-03   5.99843E-05   2.06400E-05   1.05212E-05   1.48099E-05   3.72314E-05   1.46394E-05   1.02310E-05   1.43386E-05   9.37134E-05   4.08889E-05   7.81895E-01   5.15067E-01   2.00627E+00
 1.28000E+02   2.56000E+01   2.20000E+00   0.00000E+00   0.00000E+00   0.00000E+00   9.10370E-07   2.58815E-04   6.71594E-03   5.97474E-05   2.05889E-05   9.94479E-06   1.50311E-05   3.68296E-05   1.48002E-05   1.02548E-05   1.40748E-05   9.37846E-05   4.08150E-05   7.86162E-01   4.95853E-01   2.02730E+00
 1.28000E+02   2.56000E+01   2.30000E+00   0.00000E+00   0.00000E+00   0.00000E+00   9.12816E-07   2.66378E-04   6.18510E-03   5.95980E-05   2.09560E-05   9.29484E-06   1.54337E-05   3.66681E-05   1.51111E-05   1.07847E-05   1.43062E-05   9.40259E-05   4.08934E-05   7.90545E-01   4.84345E-01   2.05046E+00
 1.28000E+02   2.56000E+01   2.40000E+00   0.00000E+00   0.00000E+00   0.00000E+00   9.34970E-07   2.75978E-04   5.80513E-03   5.95698E-05   2.16080E-05   8.60450E-06   1.59725E-05   3.67678E-05   1.55807E-05   1.18129E-05   1.49561E-05   9.44766E-05   4.11343E-05   7.94896E-01   4.79085E-01   2.07672E+00
 1.28000E+02   2.56000E+01   2.50000E+00   0.00000E+00   0.00000E+00   0.00000E+00   9.85424E-07   2.83382E-04   5.68780E-03   5.97199E-05   2.24888E-05   8.01015E-06   1.66340E-05   3.71832E-05   1.62749E-05   1.33291E-05   1.60672E-05   9.51693E-05   4.15713E-05   7.99177E-01   4.78271E-01   2.10649E+00
 1.28000E+02   2.56000E+01   2.60000E+00   0.00000E+00   0.00000E+00   0.00000E+00   1.07309E-06   2.87073E-04   5.71539E-03   6.01197E-05   2.35808E-05   7.74519E-06   1.74162E-05   3.80262E-05   1.73099E-05   1.53137E-05   1.76583E-05   9.62014E-05   4.22695E-05   8.03354E-01   4.80548E-01   2.14126E+00
 1.28000E+02   2.56000E+01   2.70000E+00   0.00000E+00   0.00000E+00   0.00000E+00   1.20582E-06   2.87580E-04   5.69086E-03   6.08638E-05   2.48688E-05   8.11926E-06   1.83131E-05   3.94345E-05   1.87671E-05   1.77406E-05   1.96896E-05   9.77251E-05   4.33129E-05   8.07903E-01   4.85268E-01   2.18332E+00
 1.28000E+02   2.56000E+01   2.80000E+00   0.00000E+00   0.00000E+00   0.00000E+00   1.38853E-06   2.86009E-04   5.61286E-03   6.20888E-05   2.63218E-05   9.39307E-06   1.93145E-05   4.15515E-05   2.06714E-05   2.05730E-05   2.20865E-05   9.98951E-05   4.47872E-05   8.13638E-01   4.91997E-01   2.23557E+00
 1.28000E+02   2.56000E+01   2.90000E+00   0.00000E+00   0.00000E+00   0.00000E+00   1.62208E-06   2.83364E-04   5.55850E-03   6.39871E-05   2.79093E-05   1.16506E-05   2.04168E-05   4.45222E-05   2.30313E-05   2.37705E-05   2.47698E-05   1.02806E-04   4.67691E-05   8.21027E-01   4.99831E-01   2.29893E+00
 1.28000E+02   2.56000E+01   3.00000E+00   0.00000E+00   0.00000E+00   0.00000E+00   1.90441E-06   2.81135E-04   5.57390E-03   6.67949E-05   2.96308E-05   1.48344E-05   2.16348E-05   4.84864E-05   2.58573E-05   2.73228E-05   2.77037E-05   1.06541E-04   4.93425E-05   8.29816E-01   5.07727E-01   2.37293E+00
 1.28000E+02   2.56000E+01   3.10000E+00   0.00000E+00   0.00000E+00   0.00000E+00   2.23336E-06   2.80938E-04   5.61691E-03   7.07620E-05   3.15148E-05   1.88531E-05   2.29930E-05   5.35599E-05   2.91617E-05   3.12418E-05   3.09138E-05   1.11190E-04   5.25976E-05   8.39336E-01   5.14931E-01   2.45736E+00
 1.28000E+02   2.56000E+01   3.20000E+00   0.00000E+00   0.00000E+00   0.00000E+00   2.60914E-06   2.83708E-04   5.56136E-03   7.61299E-05   3.35976E-05   2.36453E-05   2.45145E-05   5.98282E-05   3.29580E-05   3.55489E-05   3.44495E-05   1.16842E-04   5.66204E-05   8.48854E-01   5.20871E-01   2.55251E+00
 1.28000E+02   2.56000E+01   3.30000E+00   0.00000E+00   0.00000E+00   0.00000E+00   3.03415E-06   2.89842E-04   5.39433E-03   8.31140E-05   3.59127E-05   2.91759E-05   2.62224E-05   6.73671E-05   3.72575E-05   4.02714E-05   3.83519E-05   1.23571E-04   6.14865E-05   8.57725E-01   5.25263E-01   2.65912E+00
 1.28000E+02   2.56000E+01   3.40000E+00   0.00000E+00   0.00000E+00   0.00000E+00   3.51204E-06   2.99413E-04   5.14415E-03   9.18784E-05   3.84862E-05   3.54199E-05   2.81460E-05   7.62401E-05   4.20705E-05   4.54328E-05   4.26425E-05   1.31381E-04   6.72439E-05   8.65540E-01   5.28397E-01   2.77678E+00
 1.28000E+02   2.56000E+01   3.50000E+00   0.00000E+00   0.00000E+00   0.00000E+00   4.04693E-06   3.11865E-04   4.86157E-03   1.02531E-04   4.13409E-05   4.23496E-05   3.03165E-05   8.64991E-05   4.74160E-05   5.10623E-05   4.73240E-05   1.40240E-04   7.39211E-05   8.72193E-01   5.31075E-01   2.90449E+00
 1.28000E+02   2.56000E+01   3.60000E+00   0.00000E+00   0.00000E+00   0.00000E+00   4.64226E-06   3.26813E-04   4.60742E-03   1.15123E-04   4.45001E-05   4.99415E-05   3.27659E-05   9.81966E-05   5.33286E-05   5.72181E-05   5.23988E-05   1.50100E-04   8.15390E-05   8.77730E-01   5.34145E-01   3.04122E+00
 1.28000E+02   2.56000E+01   3.70000E+00   0.00000E+00   0.00000E+00   0.00000E+00   5.29990E-06   3.44530E-04   4.42138E-03   1.29655E-04   4.79896E-05   5.81872E-05   3.55259E-05   1.11382E-04   5.98532E-05   6.39634E-05   5.78840E-05   1.60899E-04   9.01111E-05   8.82286E-01   5.38335E-01   3.18603E+00
 1.28000E+02   2.56000E+01   3.80000E+00   0.00000E+00   0.00000E+00   0.00000E+00   6.02054E-06   3.65543E-04   4.32976E-03   1.46097E-04   5.18351E-05   6.70831E-05   3.86264E-05   1.26101E-04   6.70450E-05   7.13406E-05   6.37966E-05   1.72594E-04   9.96483E-05   8.86218E-01   5.44549E-01   3.33853E+00
 1.28000E+02   2.56000E+01   3.90000E+00   0.00000E+00   0.00000E+00   0.00000E+00   6.80443E-06   3.90036E-04   4.30957E-03   1.64397E-04   5.60586E-05   7.66202E-05   4.20943E-05   1.42387E-04   7.49651E-05   7.93676E-05   7.01475E-05   1.85169E-04   1.10158E-04   8.90272E-01   5.54103E-01   3.49883E+00
 1.28000E+02   2.56000E+01   4.00000E+00   0.00000E+00   0.00000E+00   0.00000E+00   7.65164E-06   4.17946E-04   4.32129E-03   1.84501E-04   6.06753E-05   8.67893E-05   4.59539E-05   1.60252E-04   8.36674E-05   8.80471E-05   7.69368E-05   1.98622E-04   1.21641E-04   8.95477E-01   5.68551E-01   3.66689E+00
 1.28000E+02   2.56000E+01   4.10000E+00   0.00000E+00   0.00000E+00   0.00000E+00   8.56161E-06   4.49327E-04   4.37864E-03   2.06345E-04   6.56911E-05   9.75859E-05   5.02237E-05   1.79672E-04   9.31878E-05   9.73680E-05   8.41495E-05   2.12948E-04   1.34087E-04   9.02951E-01   5.89406E-01   3.84222E+00
 1.28000E+02   2.56000E+01   4.20000E+00   0.00000E+00   0.00000E+00   0.00000E+00   9.53275E-06   4.84257E-04   4.50683E-03   2.29854E-04   7.11041E-05   1.09016E-04   5.49155E-05   2.00602E-04   1.03546E-04   1.07307E-04   9.17622E-05   2.28142E-04   1.47473E-04   9.13772E-01   6.17974E-01   4.02443E+00
 1.28000E+02   2.56000E+01   4.30000E+00   0.00000E+00   0.00000E+00   0.00000E+00   1.05624E-05   5.22795E-04   4.72083E-03   2.54950E-04   7.69081E-05   1.21093E-04   6.00350E-05   2.22983E-04   1.14752E-04   1.17836E-04   9.97514E-05   2.44193E-04   1.61774E-04   9.28941E-01   6.55323E-01   4.21307E+00
 1.28000E+02   2.56000E+01   4.40000E+00   0.00000E+00   0.00000E+00   0.00000E+00   1.16471E-05   5.65146E-04   5.01120E-03   2.81551E-04   8.30960E-05   1.33824E-04   6.55857E-05   2.46745E-04   1.26802E-04   1.28925E-04   1.08093E-04   2.61096E-04   1.76957E-04   9.49339E-01   7.02267E-01   4.40783E+00
 1.28000E+02   2.56000E+01   4.50000E+00   0.00000E+00   0.00000E+00   0.00000E+00   1.27830E-05   6.11731E-04   5.34826E-03   3.09563E-04   8.96614E-05   1.47204E-04   7.15708E-05   2.71800E-04   1.39678E-04   1.40542E-04   1.16764E-04   2.78842E-04   1.92983E-04   9.75725E-01   7.59252E-01   4.60852E+00
 1.28000E+02   2.56000E+01   4.60000E+00   0.00000E+00   0.00000E+00   0.00000E+00   1.39666E-05   6.63161E-04   5.72477E-03   3.38709E-04   9.60760E-05   1.61215E-04   7.79907E-05   2.98044E-04   1.53352E-04   1.52653E-04   1.25742E-04   2.97419E-04   2.09748E-04   1.00875E+00   8.25056E-01   4.81498E+00
 1.28000E+02   2.56000E+01   4.70000E+00   0.00000E+00   0.00000E+00   0.00000E+00   1.51940E-05   7.19939E-04   6.13573E-03   3.69064E-04   1.02807E-04   1.75832E-04   8.48513E-05   3.25392E-04   1.67805E-04   1.65218E-04   1.35003E-04   3.16806E-04   2.27259E-04   1.04914E+00   9.02914E-01   5.02707E+00
 1.28000E+02   2.56000E+01   4.80000E+00   0.00000E+00   0.00000E+00   0.00000E+00   1.64613E-05   7.82325E-04   6.57405E-03   4.00539E-04   1.09957E-04   1.91020E-04   9.21629E-05   3.53702E-04   1.82970E-04   1.78194E-04   1.44520E-04   3.36975E-04   2.45466E-04   1.09751E+00   9.90789E-01   5.24483E+00
 1.28000E+02   2.56000E+01   4.90000E+00   0.00000E+00   0.00000E+00   0.00000E+00   1.77645E-05   8.50558E-04   7.03280E-03   4.33027E-04   1.17516E-04   2.06745E-04   9.99310E-05   3.82894E-04   1.98798E-04   1.91535E-04   1.54272E-04   3.57890E-04   2.64313E-04   1.15445E+00   1.08970E+00   5.46847E+00
 1.28000E+02   2.56000E+01   5.00000E+00   0.00000E+00   0.00000E+00   0.00000E+00   1.90998E-05   9.24998E-04   7.50441E-03   4.66417E-04   1.25469E-04   2.22965E-04   1.08160E-04   4.12859E-04   2.15233E-04   2.05203E-04   1.64236E-04   3.79504E-04   2.83741E-04   1.22048E+00   1.20000E+00   5.69815E+00
