        Grid    Cell/Diam.            PU        Center        Center        Center        Radius       Tangent     Curvature      Sigma_xx      Sigma_xy      Sigma_xz      Sigma_yx      Sigma_yy      Sigma_yz      Sigma_zx      Sigma_zy      Sigma_zz       StressT        XForce        YForce        ZForce
        Size                      Spread             X             Y             Z         Error         Error         Error         Error         Error         Error         Error         Error         Error         Error         Error         Error         Error         Error         Error         Error
 1.60000E+01   3.20000E+00   5.00000E-01   0.00000E+00   0.00000E+00   0.00000E+00   1.24714E-03   1.23459E-02   8.90607E-01   3.29882E-01   1.64505E-01   0.00000E+00   2.58835E-01   2.85789E-01   0.00000E+00   1.03367E-16   3.19352E-17   4.68127E-01   2.36572E-01   2.96304E+00   2.42337E+00   2.27000E-15
 1.60000E+01   3.20000E+00   6.00000E-01   0.00000E+00   0.00000E+00   0.00000E+00   1.24703E-03   1.23390E-02   9.07640E-01   3.29882E-01   1.64505E-01   0.00000E+00   1.96763E-01   2.85789E-01   0.00000E+00   7.94918E-12   3.28083E-17   4.68127E-01   2.29835E-01   3.03402E+01   3.03457E+01   2.76541E+01
 1.60000E+01   3.20000E+00   7.00000E-01   0.00000E+00   0.00000E+00   0.00000E+00   1.23967E-03   1.19327E-02   1.12635E+00   3.29882E-01   1.64505E-01   0.00000E+00   1.22479E-01   2.85789E-01   0.00000E+00   5.80476E-10   1.28278E-13   4.68127E-01   2.24029E-01   2.96304E+00   5.79544E+00   1.31347E-08
 1.60000E+01   3.20000E+00   8.00000E-01   0.00000E+00   0.00000E+00   0.00000E+00   1.21380E-03   1.13985E-02   1.48893E+00   1.85987E-01   1.37180E-02   0.00000E+00   1.22468E-01   2.40023E-01   0.00000E+00   1.69560E-09   2.36185E-12   4.18646E-01   1.77217E-01   2.47751E+01   2.20083E+01   1.40156E+01
 1.60000E+01   3.20000E+00   9.00000E-01   0.00000E+00   0.00000E+00   0.00000E+00   1.18828E-03   1.07414E-02   1.63020E+00   1.85949E-01   1.49302E-02   0.00000E+00   5.75142E-02   1.85973E-01   0.00000E+00   9.90039E-09   5.06875E-12   2.19115E-01   1.15809E-01   9.57874E+02   8.29547E+02   1.26714E+03
 1.60000E+01   3.20000E+00   1.00000E+00   0.00000E+00   0.00000E+00   0.00000E+00   1.23817E-03   9.81799E-03   1.57121E+00   6.18970E-03   1.42196E-02   0.00000E+00   2.47787E-02   3.20411E-03   2.78114E-07   7.59848E-09   7.37975E-11   1.06558E-01   3.68472E-02   9.57866E+02   1.12320E+03   1.12320E+03
 1.60000E+01   3.20000E+00   1.10000E+00   0.00000E+00   0.00000E+00   0.00000E+00   1.40298E-03   8.73455E-03   1.41292E+00   5.76280E-03   1.25934E-02   7.72549E-09   1.94971E-02   3.02769E-03   5.74035E-07   5.74509E-09   8.51905E-10   1.06591E-01   3.64276E-02   4.78932E+02   5.86570E+02   5.86570E+02
 1.60000E+01   3.20000E+00   1.20000E+00   0.00000E+00   0.00000E+00   0.00000E+00   1.63850E-03   7.66577E-03   1.26751E+00   5.46752E-03   1.05283E-02   5.02991E-09   1.58233E-02   3.23194E-03   3.79229E-07   3.84912E-08   7.01164E-09   1.06675E-01   3.61801E-02   4.78932E+02   5.86570E+02   5.86570E+02
 1.60000E+01   3.20000E+00   1.30000E+00   0.00000E+00   0.00000E+00   0.00000E+00   1.87465E-03   6.70851E-03   1.17875E+00   5.24266E-03   8.23029E-03   3.28703E-09   1.32777E-02   3.69149E-03   2.66572E-07   1.18436E-07   1.97349E-08   3.14980E-02   1.19130E-02   3.38658E+02   5.86570E+02   5.87780E+02
 1.60000E+01   3.20000E+00   1.40000E+00   0.00000E+00   0.00000E+00   0.00000E+00   2.07224E-03   5.84150E-03   1.09507E+00   5.08253E-03   6.02982E-03   2.14288E-09   1.15737E-02   4.29609E-03   1.74641E-07   2.24580E-07   8.81456E-08   2.02858E-02   8.34074E-03   4.78932E+02   5.86570E+02   5.86570E+02
 1.60000E+01   3.20000E+00   1.50000E+00   0.00000E+00   0.00000E+00   0.00000E+00   2.22221E-03   5.01644E-03   1.01388E+00   4.97732E-03   4.21244E-03   1.40309E-09   1.06047E-02   4.92891E-03   1.09117E-07   5.23941E-07   2.21833E-07   2.09705E-02   8.29344E-03   4.78932E+02   5.86570E+02   5.86570E+02
 1.60000E+01   3.20000E+00   1.60000E+00   0.00000E+00   0.00000E+00   0.00000E+00   2.32822E-03   4.29163E-03   9.72137E-01   4.90523E-03   2.96412E-03   4.54113E-09   1.00796E-02   5.51238E-03   1.22021E-07   1.11890E-06   4.05810E-07   2.15475E-02   8.36081E-03   5.61861E-02   2.31759E-01   3.06151E-05
 1.60000E+01   3.20000E+00   1.70000E+00   0.00000E+00   0.00000E+00   0.00000E+00   2.39399E-03   3.68639E-03   9.32863E-01   4.84423E-03   2.39491E-03   2.20889E-08   9.69480E-03   5.94546E-03   5.08367E-07   1.93346E-06   6.17073E-07   2.19801E-02   8.44369E-03   5.90580E-02   2.35952E-01   5.38624E-03
 1.60000E+01   3.20000E+00   1.80000E+00   0.00000E+00   0.00000E+00   0.00000E+00   2.41977E-03   3.16116E-03   8.75100E-01   4.78392E-03   2.42928E-03   3.77835E-08   9.29241E-03   6.13590E-03   1.23397E-06   2.86388E-06   8.34342E-07   2.22880E-02   8.49535E-03   6.62398E-02   2.35539E-01   5.38652E-03
 1.60000E+01   3.20000E+00   1.90000E+00   0.00000E+00   0.00000E+00   0.00000E+00   2.40576E-03   2.65063E-03   7.91994E-01   4.72381E-03   2.77213E-03   3.40125E-08   8.86982E-03   6.12806E-03   2.08521E-06   3.81770E-06   1.04251E-06   2.24654E-02   8.50437E-03   7.47256E-02   1.61408E+00   9.92700E-01
 1.60000E+01   3.20000E+00   2.00000E+00   0.00000E+00   0.00000E+00   0.00000E+00   2.35513E-03   2.14562E-03   7.10410E-01   4.66871E-03   3.10744E-03   1.46118E-08   8.49595E-03   6.01821E-03   2.90858E-06   4.72781E-06   1.23218E-06   2.25100E-02   8.47580E-03   2.19363E+00   2.26758E-01   1.57397E+00
 1.60000E+01   3.20000E+00   2.10000E+00   0.00000E+00   0.00000E+00   0.00000E+00   2.27576E-03   1.68764E-03   6.40148E-01   4.62315E-03   3.27572E-03   4.86501E-08   8.16959E-03   5.88919E-03   3.62491E-06   5.55191E-06   1.39831E-06   2.24172E-02   8.40673E-03   8.61458E-02   2.23683E-01   5.45305E-01
 1.60000E+01   3.20000E+00   2.20000E+00   0.00000E+00   0.00000E+00   0.00000E+00   2.17376E-03   1.29035E-03   5.71812E-01   4.58786E-03   3.26035E-03   1.06154E-07   7.85371E-03   5.77678E-03   4.19866E-06   6.27007E-06   1.53797E-06   2.22095E-02   8.29989E-03   1.22644E+00   4.26306E+00   2.07076E+00
 1.60000E+01   3.20000E+00   2.30000E+00   0.00000E+00   0.00000E+00   0.00000E+00   2.06204E-03   9.78329E-04   5.17892E-01   4.56151E-03   3.10161E-03   1.65967E-07   7.55022E-03   5.68502E-03   4.62361E-06   6.86322E-06   1.64591E-06   2.19157E-02   8.16531E-03   5.75891E-01   2.18134E-01   1.74566E-04
 1.60000E+01   3.20000E+00   2.40000E+00   0.00000E+00   0.00000E+00   0.00000E+00   1.96892E-03   7.89685E-04   4.73974E-01   4.54289E-03   2.85056E-03   2.20046E-07   7.30084E-03   5.63224E-03   4.90949E-06   7.30907E-06   1.71828E-06   2.15749E-02   8.02265E-03   7.92741E-02   2.18050E-01   2.35166E-02
 1.60000E+01   3.20000E+00   2.50000E+00   0.00000E+00   0.00000E+00   0.00000E+00   1.94119E-03   7.22897E-04   4.39488E-01   4.53163E-03   2.56227E-03   2.64004E-07   7.09026E-03   5.65309E-03   5.06870E-06   7.59864E-06   1.75475E-06   2.12344E-02   7.88973E-03   2.11661E+01   2.14084E-01   6.07237E-01
 1.60000E+01   3.20000E+00   2.60000E+00   0.00000E+00   0.00000E+00   0.00000E+00   2.03290E-03   7.37784E-04   4.09365E-01   4.52895E-03   2.28816E-03   2.95954E-07   6.89126E-03   5.78238E-03   5.11649E-06   7.73712E-06   1.75853E-06   2.09547E-02   7.78725E-03   6.77697E-02   6.08180E-01   1.45136E+00
 1.60000E+01   3.20000E+00   2.70000E+00   0.00000E+00   0.00000E+00   0.00000E+00   2.28619E-03   8.01242E-04   3.83655E-01   4.54111E-03   2.05512E-03   3.15528E-07   6.71557E-03   6.03613E-03   5.08530E-06   7.73942E-06   1.73466E-06   2.07798E-02   7.73290E-03   6.28352E-02   2.13527E-01   1.64841E-02
 1.60000E+01   3.20000E+00   2.80000E+00   0.00000E+00   0.00000E+00   0.00000E+00   2.71185E-03   9.08881E-04   3.69002E-01   4.57569E-03   1.87258E-03   3.25395E-07   6.59245E-03   6.41126E-03   5.00192E-06   7.62460E-06   1.68892E-06   2.07359E-02   7.73869E-03   5.91150E-02   2.16289E-01   8.37763E-02
 1.60000E+01   3.20000E+00   2.90000E+00   0.00000E+00   0.00000E+00   0.00000E+00   3.29968E-03   1.07154E-03   3.55192E-01   4.64003E-03   1.74329E-03   3.28698E-07   6.55801E-03   6.88522E-03   4.88176E-06   7.41310E-06   1.62681E-06   2.08461E-02   7.81411E-03   3.48478E+00   6.81154E-01   1.97700E-04
 1.60000E+01   3.20000E+00   3.00000E+00   0.00000E+00   0.00000E+00   0.00000E+00   4.03550E-03   1.30308E-03   3.51328E-01   4.74291E-03   1.67324E-03   3.27722E-07   6.66075E-03   7.42966E-03   4.73398E-06   7.12491E-06   1.55281E-06   2.11236E-02   7.96567E-03   2.20245E+00   2.25407E-01   1.57397E+00
 1.60000E+01   3.20000E+00   3.10000E+00   0.00000E+00   0.00000E+00   0.00000E+00   4.90845E-03   1.60542E-03   3.64293E-01   4.89649E-03   1.68151E-03   3.23882E-07   6.94527E-03   8.02366E-03   4.56388E-06   6.77674E-06   1.47058E-06   2.15903E-02   8.20270E-03   2.10846E+01   2.11673E+01   2.49849E-02
 1.60000E+01   3.20000E+00   3.20000E+00   0.00000E+00   0.00000E+00   0.00000E+00   5.91186E-03   1.96510E-03   4.01017E-01   5.11318E-03   1.79388E-03   3.17336E-07   7.41515E-03   8.66076E-03   4.37461E-06   6.29162E-06   1.36284E-06   2.22794E-02   8.53573E-03   6.42054E-02   1.59366E+00   9.88224E-01
 1.60000E+01   3.20000E+00   3.30000E+00   0.00000E+00   0.00000E+00   0.00000E+00   7.04207E-03   2.36821E-03   4.57996E-01   5.40556E-03   2.01206E-03   3.07780E-07   8.02091E-03   9.35765E-03   4.16755E-06   5.26930E-06   1.15506E-06   2.32281E-02   8.97351E-03   7.44606E-02   2.64471E-01   1.13054E-01
 1.60000E+01   3.20000E+00   3.40000E+00   0.00000E+00   0.00000E+00   0.00000E+00   8.29826E-03   2.81612E-03   5.21416E-01   5.77930E-03   2.30754E-03   2.95018E-07   8.68266E-03   1.01496E-02   3.94313E-06   2.96558E-06   7.12750E-07   2.44803E-02   9.52431E-03   8.90368E-02   2.83828E-01   2.38093E-02
 1.60000E+01   3.20000E+00   3.50000E+00   0.00000E+00   0.00000E+00   0.00000E+00   9.68379E-03   3.32301E-03   5.78972E-01   6.22022E-03   2.63454E-03   2.78918E-07   9.31311E-03   1.10578E-02   3.70276E-06   1.54667E-06   2.07197E-07   2.60801E-02   1.01916E-02   1.57758E+00   2.60453E+00   2.62307E+00
 1.60000E+01   3.20000E+00   3.60000E+00   0.00000E+00   0.00000E+00   0.00000E+00   1.12076E-02   3.90223E-03   6.26917E-01   6.68750E-03   2.94036E-03   2.44689E-07   9.84494E-03   1.20663E-02   3.30502E-06   8.88813E-06   1.83906E-06   2.80712E-02   1.09741E-02   2.37231E+00   2.59363E+01   3.27343E+00
 1.60000E+01   3.20000E+00   3.70000E+00   0.00000E+00   0.00000E+00   0.00000E+00   1.28848E-02   4.54687E-03   6.67140E-01   7.12761E-03   3.17822E-03   8.45431E-08   1.02432E-02   1.31393E-02   1.61028E-06   1.99285E-05   4.72864E-06   3.04980E-02   1.18724E-02   1.86190E+01   1.51925E+01   1.00232E+00
 1.60000E+01   3.20000E+00   3.80000E+00   0.00000E+00   0.00000E+00   0.00000E+00   1.47338E-02   5.24037E-03   6.95841E-01   7.49766E-03   3.33632E-03   4.44599E-07   1.04989E-02   1.42439E-02   4.87021E-06   3.51315E-05   9.64401E-06   3.34053E-02   1.28943E-02   1.58015E-01   3.67595E-01   7.22550E-02
 1.60000E+01   3.20000E+00   3.90000E+00   0.00000E+00   0.00000E+00   0.00000E+00   1.67726E-02   5.97211E-03   7.10008E-01   7.77598E-03   3.45439E-03   1.61373E-06   1.06188E-02   1.53645E-02   1.72361E-05   5.49886E-05   1.76903E-05   3.68327E-02   1.40550E-02   1.71479E-01   2.00076E+00   3.84528E+00
 1.60000E+01   3.20000E+00   4.00000E+00   0.00000E+00   0.00000E+00   0.00000E+00   1.90135E-02   6.73663E-03   7.13010E-01   7.95995E-03   3.61608E-03   3.82655E-06   1.06194E-02   1.65021E-02   3.83628E-05   8.02031E-05   3.00776E-05   4.08025E-02   1.53709E-02   1.83868E-01   4.07894E-01   2.27114E-03
 1.60000E+01   3.20000E+00   4.10000E+00   0.00000E+00   0.00000E+00   0.00000E+00   2.14612E-02   7.53293E-03   7.10688E-01   8.05983E-03   3.92237E-03   7.45681E-06   1.05296E-02   1.76666E-02   6.95411E-05   1.11357E-04   4.78902E-05   4.53169E-02   1.68555E-02   7.87126E-01   4.29671E-01   1.88681E+00
 1.60000E+01   3.20000E+00   4.20000E+00   0.00000E+00   0.00000E+00   0.00000E+00   2.41135E-02   8.36393E-03   7.02118E-01   8.09269E-03   4.44913E-03   1.28370E-05   1.03899E-02   1.88705E-02   1.11263E-04   1.48427E-04   7.17322E-05   5.03616E-02   1.85163E-02   2.10844E-01   4.52635E-01   5.69757E-01
 1.60000E+01   3.20000E+00   4.30000E+00   0.00000E+00   0.00000E+00   0.00000E+00   2.69625E-02   9.23611E-03   6.90677E-01   8.07823E-03   5.21804E-03   2.02839E-05   1.02479E-02   2.01246E-02   1.63188E-04   1.91035E-04   1.01594E-04   5.59077E-02   2.03531E-02   2.28608E-01   4.77502E-01   5.94825E-03
 1.60000E+01   3.20000E+00   4.40000E+00   0.00000E+00   0.00000E+00   0.00000E+00   2.99966E-02   1.01545E-02   6.82345E-01   1.85996E-01   1.82305E-01   3.00811E-05   1.01543E-02   2.14367E-02   2.24479E-04   2.37887E-04   1.20833E-03   1.15195E-01   9.52561E-02   4.16392E+00   5.05121E-01   2.11736E-01
 1.60000E+01   3.20000E+00   4.50000E+00   0.00000E+00   0.00000E+00   0.00000E+00   3.32014E-02   1.11241E-02   6.81280E-01   1.85993E-01   1.81294E-01   4.23907E-05   1.01573E-02   2.28107E-02   2.93768E-04   2.89786E-04   1.13755E-03   1.33240E-01   9.76608E-02   4.15469E+00   5.35716E-01   2.10664E-01
 1.60000E+01   3.20000E+00   4.60000E+00   0.00000E+00   0.00000E+00   0.00000E+00   3.65620E-02   1.21515E-02   6.89187E-01   2.62908E-01   2.60452E-01   5.72511E-05   1.02981E-02   2.42464E-02   3.69292E-04   3.45380E-04   1.68981E-03   1.85026E-01   1.38198E-01   2.98217E-01   5.70546E-01   1.81527E-01
 1.60000E+01   3.20000E+00   4.70000E+00   0.00000E+00   0.00000E+00   0.00000E+00   4.00632E-02   1.32456E-02   7.06155E-01   2.62979E-01   2.59191E-01   7.45874E-05   1.06069E-02   2.57400E-02   4.49171E-04   4.01049E-04   1.63346E-03   2.06421E-01   1.41314E-01   4.39633E+00   9.72036E-01   7.66016E-01
 1.60000E+01   3.20000E+00   4.80000E+00   0.00000E+00   0.00000E+00   0.00000E+00   4.36911E-02   1.44182E-02   7.30094E-01   2.63050E-01   2.76013E-01   9.29165E-05   1.10981E-02   2.72852E-02   5.31454E-04   4.54800E-04   1.60476E-03   2.26916E-01   1.48226E-01   2.39302E+00   6.46218E-01   1.57449E+00
 1.60000E+01   3.20000E+00   4.90000E+00   0.00000E+00   0.00000E+00   0.00000E+00   4.74326E-02   1.56858E-02   7.61377E-01   3.22245E-01   3.06837E-01   1.10985E-04   1.17702E-02   2.88738E-02   6.13647E-04   5.03836E-04   1.58547E-03   2.46733E-01   1.69916E-01   2.05863E+00   2.33023E+00   3.20763E-01
 1.60000E+01   3.20000E+00   5.00000E+00   0.00000E+00   0.00000E+00   0.00000E+00   5.12756E-02   1.70689E-02   8.00614E-01   3.22278E-01   3.05531E-01   1.28464E-04   7.74929E-02   8.99434E-02   6.91398E-04   5.45739E-04   1.56700E-03   2.66008E-01   1.77034E-01   2.05669E+00   2.21120E+00   2.47490E-01
 3.20000E+01   6.40000E+00   5.00000E-01   0.00000E+00   0.00000E+00   0.00000E+00   2.32704E-05   2.54299E-04   1.18127E-01   2.43232E-01   1.67897E-01   0.00000E+00   1.52258E-01   2.06763E-01   0.00000E+00   2.09902E-09   1.93742E-08   3.28570E-01   1.70373E-01   2.15674E+00   1.55969E+00   8.36066E-07
 3.20000E+01   6.40000E+00   6.00000E-01   0.00000E+00   0.00000E+00   0.00000E+00   2.32727E-05   2.54234E-04   1.09692E-01   2.43232E-01   1.20440E-01   0.00000E+00   1.26929E-01   2.06763E-01   0.00000E+00   2.69681E-10   2.67448E-08   3.28570E-01   1.63465E-01   4.72670E+01   5.45731E+01   5.14754E+01
 3.20000E+01   6.40000E+00   7.00000E-01   0.00000E+00   0.00000E+00   0.00000E+00   2.32941E-05   2.53478E-04   1.00123E-01   2.43232E-01   1.20440E-01   0.00000E+00   1.26929E-01   2.06763E-01   0.00000E+00   1.06790E-10   4.87770E-11   3.28570E-01   1.63465E-01   5.98250E+01   2.35738E+01   3.78496E+01
 3.20000E+01   6.40000E+00   8.00000E-01   0.00000E+00   0.00000E+00   0.00000E+00   2.35015E-05   2.52015E-04   1.39800E-01   2.06270E-01   1.14948E-01   0.00000E+00   1.20130E-01   2.02114E-01   0.00000E+00   3.33791E-11   2.82016E-10   2.83940E-01   1.45931E-01   4.49279E+03   2.34628E+03   3.83146E+03
 3.20000E+01   6.40000E+00   9.00000E-01   0.00000E+00   0.00000E+00   0.00000E+00   2.67667E-05   2.51804E-04   1.83538E-01   1.52060E-01   6.11466E-02   0.00000E+00   7.27694E-02   1.15050E-01   3.61114E-10   1.45603E-11   1.14267E-10   2.28389E-01   1.04112E-01   2.34628E+03   5.48614E+00   5.39583E-09
 3.20000E+01   6.40000E+00   1.00000E+00   0.00000E+00   0.00000E+00   0.00000E+00   3.44774E-05   2.60276E-04   2.16572E-01   3.22083E-03   1.06849E-02   1.72012E-08   3.07157E-02   2.57779E-03   1.83312E-08   9.55187E-12   4.75096E-11   1.53725E-01   5.23937E-02   5.18964E-01   1.51558E+00   1.86582E-02
 3.20000E+01   6.40000E+00   1.10000E+00   0.00000E+00   0.00000E+00   0.00000E+00   4.41510E-05   2.72718E-04   2.27703E-01   3.20115E-03   4.08336E-03   1.15724E-08   3.81394E-03   2.27075E-03   1.07085E-08   5.35846E-09   1.41588E-09   8.58193E-02   2.86968E-02   1.14536E-01   6.36306E-02   2.72476E-07
 3.20000E+01   6.40000E+00   1.20000E+00   0.00000E+00   0.00000E+00   0.00000E+00   5.40590E-05   2.75027E-04   2.18507E-01   3.18043E-03   3.56859E-03   7.76452E-09   3.09967E-03   2.08666E-03   8.72846E-09   6.36014E-08   3.70508E-08   3.28531E-02   1.11362E-02   8.88162E-02   4.93520E-02   3.70397E-06
 3.20000E+01   6.40000E+00   1.30000E+00   0.00000E+00   0.00000E+00   0.00000E+00   6.41091E-05   2.59897E-04   1.99338E-01   3.16563E-03   3.22843E-03   5.16420E-09   2.59519E-03   1.96710E-03   5.72185E-09   1.92622E-07   1.54344E-07   4.39851E-03   2.36632E-03   7.42461E-02   4.00750E-02   1.22934E-05
 3.20000E+01   6.40000E+00   1.40000E+00   0.00000E+00   0.00000E+00   0.00000E+00   7.46747E-05   2.31915E-04   1.84704E-01   3.15767E-03   2.96447E-03   3.35905E-09   2.22310E-03   1.88028E-03   4.42957E-09   3.65458E-07   3.51637E-07   4.39759E-03   2.27487E-03   6.53571E-02   9.57864E+02   2.82373E-01
 3.20000E+01   6.40000E+00   1.50000E+00   0.00000E+00   0.00000E+00   0.00000E+00   8.57079E-05   1.96632E-04   1.70185E-01   3.15483E-03   2.74284E-03   2.09596E-09   1.93828E-03   1.81046E-03   2.77585E-09   5.51009E-07   5.88746E-07   4.39889E-03   2.20759E-03   5.93496E-02   2.94730E-02   3.91454E-05
 3.20000E+01   6.40000E+00   1.60000E+00   0.00000E+00   0.00000E+00   0.00000E+00   9.65680E-05   1.55808E-04   1.57063E-01   3.15535E-03   2.56122E-03   8.69633E-10   1.70661E-03   1.74812E-03   1.52566E-08   7.26462E-07   8.17660E-07   4.40105E-03   2.15648E-03   3.45363E+03   1.35462E+03   4.28370E+03
 3.20000E+01   6.40000E+00   1.70000E+00   0.00000E+00   0.00000E+00   0.00000E+00   1.06454E-04   1.17300E-04   1.44006E-01   3.15797E-03   2.41525E-03   1.11158E-08   1.51161E-03   1.68963E-03   8.25155E-08   8.80040E-07   1.00983E-06   4.40420E-03   2.11720E-03   5.17661E-02   2.50155E-02   6.45400E-05
 3.20000E+01   6.40000E+00   1.80000E+00   0.00000E+00   0.00000E+00   0.00000E+00   1.14894E-04   8.70734E-05   1.30699E-01   3.16200E-03   2.30514E-03   3.28894E-08   1.35914E-03   1.63719E-03   1.75154E-07   1.01000E-06   1.15637E-06   4.40785E-03   2.08882E-03   4.94662E-02   2.52865E-02   7.40938E-05
 3.20000E+01   6.40000E+00   1.90000E+00   0.00000E+00   0.00000E+00   0.00000E+00   1.21615E-04   6.48353E-05   1.20704E-01   3.16655E-03   2.22408E-03   6.42192E-08   1.25892E-03   1.59436E-03   2.66049E-07   1.11968E-06   1.25954E-06   4.41148E-03   2.06993E-03   1.64851E+01   3.95980E+01   3.66606E+01
 3.20000E+01   6.40000E+00   2.00000E+00   0.00000E+00   0.00000E+00   0.00000E+00   1.27205E-04   4.83899E-05   1.12430E-01   3.17075E-03   2.16218E-03   1.00136E-07   1.20662E-03   1.56224E-03   3.44673E-07   1.21323E-06   1.32624E-06   4.41630E-03   2.05829E-03   1.60408E+01   2.90882E-02   8.74994E-05
 3.20000E+01   6.40000E+00   2.10000E+00   0.00000E+00   0.00000E+00   0.00000E+00   1.33180E-04   3.52672E-05   1.04682E-01   3.17442E-03   2.10998E-03   1.34862E-07   1.18767E-03   1.53701E-03   4.07947E-07   1.29347E-06   1.36441E-06   4.42344E-03   2.05125E-03   1.60408E+01   3.15149E-02   9.20212E-05
 3.20000E+01   6.40000E+00   2.20000E+00   0.00000E+00   0.00000E+00   0.00000E+00   1.41440E-04   2.40188E-05   9.42221E-02   3.17788E-03   2.06229E-03   1.64310E-07   1.18609E-03   1.51600E-03   4.57086E-07   1.35902E-06   1.37825E-06   4.43438E-03   2.04724E-03   4.22333E-02   3.36486E-02   9.52526E-05
 3.20000E+01   6.40000E+00   2.30000E+00   0.00000E+00   0.00000E+00   0.00000E+00   1.53893E-04   1.51826E-05   8.51628E-02   3.18213E-03   2.01579E-03   1.86399E-07   1.18917E-03   1.49854E-03   4.94413E-07   1.40674E-06   1.36841E-06   4.45179E-03   2.04580E-03   3.81585E-02   3.50870E-02   9.70884E-05
 3.20000E+01   6.40000E+00   2.40000E+00   0.00000E+00   0.00000E+00   0.00000E+00   1.71848E-04   9.51478E-06   7.85299E-02   3.18842E-03   1.97201E-03   2.00419E-07   1.18969E-03   1.48415E-03   5.22242E-07   1.43448E-06   1.33781E-06   4.47872E-03   2.04754E-03   3.36724E-02   3.55920E-02   9.75248E-05
 3.20000E+01   6.40000E+00   2.50000E+00   0.00000E+00   0.00000E+00   0.00000E+00   1.95764E-04   7.45583E-06   7.60261E-02   3.19705E-03   1.93890E-03   2.06660E-07   1.18590E-03   1.47279E-03   5.42428E-07   1.44153E-06   1.29115E-06   4.51778E-03   2.05389E-03   3.00874E-02   3.51059E-02   9.66587E-05
 3.20000E+01   6.40000E+00   2.60000E+00   0.00000E+00   0.00000E+00   0.00000E+00   2.25894E-04   8.58670E-06   7.63596E-02   3.20745E-03   1.92681E-03   2.06185E-07   1.17997E-03   1.46390E-03   5.56332E-07   1.42792E-06   1.23318E-06   4.57135E-03   2.06648E-03   2.89604E-02   3.37057E-02   9.46186E-05
 3.20000E+01   6.40000E+00   2.70000E+00   0.00000E+00   0.00000E+00   0.00000E+00   2.62566E-04   1.17137E-05   7.67555E-02   3.21867E-03   1.94045E-03   2.00975E-07   1.17482E-03   1.45736E-03   5.66046E-07   1.39504E-06   1.16803E-06   4.64194E-03   2.08638E-03   3.07283E-02   3.18964E-02   9.15720E-05
 3.20000E+01   6.40000E+00   2.80000E+00   0.00000E+00   0.00000E+00   0.00000E+00   3.06163E-04   1.59866E-05   7.60016E-02   3.22973E-03   1.97548E-03   1.93081E-07   1.17128E-03   1.45405E-03   5.71686E-07   1.34550E-06   1.09882E-06   4.73166E-03   2.11367E-03   3.44859E-02   3.00409E-02   8.77083E-05
 3.20000E+01   6.40000E+00   2.90000E+00   0.00000E+00   0.00000E+00   0.00000E+00   3.56800E-04   2.09344E-05   7.58734E-02   3.23978E-03   2.02458E-03   1.83879E-07   1.17001E-03   1.45428E-03   5.71851E-07   1.28291E-06   1.02770E-06   4.84351E-03   2.14835E-03   3.91046E-02   2.84033E-02   8.32297E-05
 3.20000E+01   6.40000E+00   3.00000E+00   0.00000E+00   0.00000E+00   0.00000E+00   4.14197E-04   2.65773E-05   7.75292E-02   3.24913E-03   2.08155E-03   1.74104E-07   1.17267E-03   1.45671E-03   5.66048E-07   1.21126E-06   9.56156E-07   4.98164E-03   2.19098E-03   4.37078E-02   2.73862E-02   7.83350E-05
 3.20000E+01   6.40000E+00   3.10000E+00   0.00000E+00   0.00000E+00   0.00000E+00   4.77984E-04   3.33240E-05   8.14969E-02   3.25882E-03   2.14192E-03   1.64081E-07   1.18120E-03   1.45875E-03   5.54976E-07   1.13355E-06   8.84652E-07   5.15107E-03   2.24263E-03   4.78052E-02   2.05003E+02   7.31521E-05
 3.20000E+01   6.40000E+00   3.20000E+00   0.00000E+00   0.00000E+00   0.00000E+00   5.48080E-04   4.19255E-05   8.75644E-02   3.26927E-03   2.20256E-03   1.53865E-07   1.19643E-03   1.45905E-03   5.39722E-07   1.04221E-06   7.99849E-07   5.35771E-03   2.30470E-03   5.11733E-02   2.89090E-02   6.69287E-05
 3.20000E+01   6.40000E+00   3.30000E+00   0.00000E+00   0.00000E+00   0.00000E+00   6.24873E-04   5.25014E-05   9.37856E-02   3.28031E-03   2.26045E-03   1.43423E-07   1.21780E-03   1.45876E-03   5.21160E-07   9.04269E-07   6.62484E-07   5.60631E-03   2.37842E-03   5.37175E-02   2.05003E+02   5.70662E-05
 3.20000E+01   6.40000E+00   3.40000E+00   0.00000E+00   0.00000E+00   0.00000E+00   7.08945E-04   6.43484E-05   9.82470E-02   3.29152E-03   2.31540E-03   1.32693E-07   1.24627E-03   1.46069E-03   4.99768E-07   6.87744E-07   4.39700E-07   5.89980E-03   2.46508E-03   5.55438E-02   3.58830E-02   4.15640E-05
 3.20000E+01   6.40000E+00   3.50000E+00   0.00000E+00   0.00000E+00   0.00000E+00   8.00729E-04   7.65029E-05   1.00516E-01   3.30240E-03   2.37084E-03   1.21659E-07   1.28545E-03   1.46668E-03   4.75638E-07   6.28984E-07   4.02224E-07   6.23988E-03   2.56615E-03   5.67949E-02   2.05003E+02   4.04995E-05
 3.20000E+01   6.40000E+00   3.60000E+00   0.00000E+00   0.00000E+00   0.00000E+00   9.00317E-04   8.82223E-05   1.00615E-01   3.31243E-03   2.42994E-03   1.10729E-07   1.33855E-03   1.47724E-03   4.44950E-07   1.37324E-06   1.04722E-06   6.62825E-03   2.68296E-03   5.75638E-02   4.73864E-02   9.44477E-05
 3.20000E+01   6.40000E+00   3.70000E+00   0.00000E+00   0.00000E+00   0.00000E+00   1.00761E-03   9.93240E-05   1.00107E-01   3.32116E-03   2.49410E-03   1.01887E-07   1.40638E-03   1.49306E-03   3.76690E-07   2.82135E-06   2.11240E-06   7.06683E-03   2.81657E-03   5.79753E-02   2.05003E+02   1.91012E-04
 3.20000E+01   6.40000E+00   3.80000E+00   0.00000E+00   0.00000E+00   0.00000E+00   1.12256E-03   1.10017E-04   9.97736E-02   3.32881E-03   2.56273E-03   1.00878E-07   1.48737E-03   1.51610E-03   4.23677E-07   4.90265E-06   3.57483E-06   7.55618E-03   2.96751E-03   5.81178E-02   6.23799E-02   3.27307E-04
 3.20000E+01   6.40000E+00   3.90000E+00   0.00000E+00   0.00000E+00   0.00000E+00   1.24521E-03   1.21088E-04   1.00428E-01   3.33572E-03   2.63436E-03   1.26072E-07   1.57926E-03   1.54943E-03   1.14536E-06   7.64606E-06   5.50097E-06   8.09540E-03   3.13577E-03   5.80446E-02   7.09940E-02   5.06494E-04
 3.20000E+01   6.40000E+00   4.00000E+00   0.00000E+00   0.00000E+00   0.00000E+00   1.37575E-03   1.33110E-04   1.00440E-01   3.34206E-03   2.70750E-03   1.96881E-07   1.67991E-03   1.59670E-03   2.59800E-06   1.10646E-05   7.96320E-06   8.68287E-03   3.32104E-03   5.77837E-02   8.03266E-02   7.30924E-04
 3.20000E+01   6.40000E+00   4.10000E+00   0.00000E+00   0.00000E+00   0.00000E+00   1.51431E-03   1.45955E-04   9.92121E-02   3.34787E-03   2.78104E-03   3.17609E-07   1.78844E-03   1.66161E-03   4.81298E-06   1.51712E-05   1.09912E-05   9.31658E-03   3.52296E-03   5.73557E-02   9.04463E-02   1.00170E-03
 3.20000E+01   6.40000E+00   4.20000E+00   0.00000E+00   0.00000E+00   0.00000E+00   1.66084E-03   1.59250E-04   9.70113E-02   3.35306E-03   2.85568E-03   4.88846E-07   1.90544E-03   1.74718E-03   7.82136E-06   1.99492E-05   1.45409E-05   9.99384E-03   3.74104E-03   5.68699E-02   1.01462E-01   1.31650E-03
 3.20000E+01   6.40000E+00   4.30000E+00   0.00000E+00   0.00000E+00   0.00000E+00   1.81516E-03   1.73170E-04   9.47266E-02   3.35751E-03   2.93245E-03   7.13667E-07   2.03104E-03   1.85520E-03   1.16217E-05   2.52528E-05   1.85256E-05   1.07115E-02   3.97458E-03   5.64368E-02   1.13402E-01   1.66590E-03
 3.20000E+01   6.40000E+00   4.40000E+00   0.00000E+00   0.00000E+00   0.00000E+00   1.97705E-03   1.87905E-04   9.27549E-02   3.36106E-03   3.01224E-03   1.00069E-06   2.16501E-03   1.98630E-03   1.61635E-05   3.08321E-05   2.28536E-05   1.14660E-02   4.22261E-03   5.60995E-02   1.26245E-01   2.03562E-03
 3.20000E+01   6.40000E+00   4.50000E+00   0.00000E+00   0.00000E+00   0.00000E+00   2.14627E-03   2.03576E-04   9.18054E-02   3.36351E-03   3.09561E-03   1.36315E-06   2.30613E-03   2.14014E-03   2.13233E-05   3.64094E-05   2.74119E-05   1.22535E-02   4.48386E-03   5.58680E-02   1.39913E-01   2.40972E-03
 3.20000E+01   6.40000E+00   4.60000E+00   0.00000E+00   0.00000E+00   0.00000E+00   2.32256E-03   2.20473E-04   9.14409E-02   3.36470E-03   3.18278E-03   1.80932E-06   2.45226E-03   2.31543E-03   2.69486E-05   4.17153E-05   3.20268E-05   1.30698E-02   4.75686E-03   5.57405E-02   1.54270E-01   2.77135E-03
 3.20000E+01   6.40000E+00   4.70000E+00   0.00000E+00   0.00000E+00   0.00000E+00   2.50557E-03   2.38626E-04   9.13455E-02   3.36452E-03   3.27384E-03   2.32884E-06   2.60076E-03   2.51001E-03   3.28657E-05   4.64656E-05   3.64780E-05   1.39108E-02   5.04003E-03   5.57138E-02   1.69925E-01   5.48063E-03
 3.20000E+01   6.40000E+00   4.80000E+00   0.00000E+00   0.00000E+00   0.00000E+00   2.69485E-03   2.57897E-04   9.20281E-02   3.36296E-03   3.36884E-03   2.89425E-06   3.79126E-02   2.72122E-03   3.88796E-05   5.03873E-05   4.05356E-05   1.47724E-02   1.36856E-02   3.37514E+00   1.29475E+00   3.38362E-03
 3.20000E+01   6.40000E+00   4.90000E+00   0.00000E+00   0.00000E+00   0.00000E+00   2.88997E-03   2.78536E-04   9.36025E-02   3.36004E-03   3.46817E-03   3.46825E-06   5.30721E-02   3.46365E-02   4.47123E-05   5.32563E-05   4.39678E-05   1.56505E-02   2.18190E-02   5.91459E-02   1.84467E-01   3.60148E-03
 3.20000E+01   6.40000E+00   5.00000E+00   0.00000E+00   0.00000E+00   0.00000E+00   3.09050E-03   3.00478E-04   9.57023E-02   3.35587E-03   3.57219E-03   4.00947E-06   5.30954E-02   3.46363E-02   5.01582E-05   5.49212E-05   4.65684E-05   1.65415E-02   2.18999E-02   5.64344E-02   1.87849E-01   3.73980E-03
 6.40000E+01   1.28000E+01   5.00000E-01   0.00000E+00   0.00000E+00   0.00000E+00   4.13220E-06   1.77465E-05   4.11517E-02   1.93897E-01   1.39637E-01   0.00000E+00   1.26956E-01   1.71528E-01   0.00000E+00   6.46710E-09   4.73429E-10   2.80071E-01   1.41843E-01   1.34763E+00   1.07944E+00   5.86902E-07
 6.40000E+01   1.28000E+01   6.00000E-01   0.00000E+00   0.00000E+00   0.00000E+00   4.13289E-06   1.77359E-05   3.72416E-02   1.93897E-01   1.23352E-01   0.00000E+00   1.26956E-01   1.71528E-01   0.00000E+00   4.79535E-11   4.26696E-13   2.80071E-01   1.40155E-01   4.83992E+01   4.37336E+01   4.34042E-09
 6.40000E+01   1.28000E+01   7.00000E-01   0.00000E+00   0.00000E+00   0.00000E+00   4.16402E-06   1.76134E-05   5.63186E-02   1.90502E-01   9.20320E-02   0.00000E+00   9.66071E-02   1.71528E-01   0.00000E+00   1.24705E-11   6.16725E-12   2.80071E-01   1.34146E-01   4.42345E+01   1.07583E+01   5.92117E+00
 6.40000E+01   1.28000E+01   8.00000E-01   0.00000E+00   0.00000E+00   0.00000E+00   4.30447E-06   1.74738E-05   7.75418E-02   1.59349E-01   8.29001E-02   0.00000E+00   8.59381E-02   1.34513E-01   0.00000E+00   1.98983E-12   7.59735E-12   2.37407E-01   1.12598E-01   1.72487E+04   1.72487E+04   6.97801E-10
 6.40000E+01   1.28000E+01   9.00000E-01   0.00000E+00   0.00000E+00   0.00000E+00   4.60896E-06   1.73568E-05   8.04963E-02   1.10314E-01   1.97914E-02   1.64640E-09   2.97333E-02   9.17999E-02   7.74053E-10   1.08754E-12   1.81007E-12   1.49114E-01   7.00056E-02   1.72487E+04   1.72487E+04   1.58284E+04
 6.40000E+01   1.28000E+01   1.00000E+00   0.00000E+00   0.00000E+00   0.00000E+00   5.02719E-06   1.72083E-05   7.34255E-02   6.62170E-02   1.97922E-02   5.78958E-09   7.97740E-03   6.13509E-02   1.95165E-07   5.24728E-13   1.26690E-12   1.10783E-01   4.81628E-02   1.23818E+02   1.23787E+02   1.58289E+04
 6.40000E+01   1.28000E+01   1.10000E+00   0.00000E+00   0.00000E+00   0.00000E+00   5.45446E-06   1.69088E-05   6.66221E-02   2.50825E-03   1.92877E-03   7.18022E-09   1.51009E-03   9.33328E-04   1.31509E-07   9.57388E-11   1.57798E-10   7.34376E-02   2.45090E-02   5.20859E-02   8.73209E-02   1.89307E-08
 6.40000E+01   1.28000E+01   1.20000E+00   0.00000E+00   0.00000E+00   0.00000E+00   5.80550E-06   1.59043E-05   6.18314E-02   2.50541E-03   1.76199E-03   7.37890E-09   1.23860E-03   9.32306E-04   9.70579E-08   2.25589E-09   3.48528E-09   3.90463E-02   1.30656E-02   5.35463E+01   6.85413E+03   1.58285E+04
 6.40000E+01   1.28000E+01   1.30000E+00   0.00000E+00   0.00000E+00   0.00000E+00   6.05572E-06   1.40587E-05   5.67264E-02   2.50269E-03   1.66052E-03   6.57093E-09   1.18334E-03   9.32322E-04   7.12928E-08   9.39365E-09   1.41924E-08   1.05329E-02   3.68529E-03   3.33722E-02   2.33141E-02   2.79810E+03
 6.40000E+01   1.28000E+01   1.40000E+00   0.00000E+00   0.00000E+00   0.00000E+00   6.23515E-06   1.17336E-05   5.38979E-02   2.49943E-03   1.59542E-03   5.33977E-09   1.14451E-03   9.33042E-04   4.88640E-08   2.18942E-08   3.20899E-08   2.97055E-03   1.48313E-03   2.85721E-02   2.21251E-02   3.56213E-06
 6.40000E+01   1.28000E+01   1.50000E+00   0.00000E+00   0.00000E+00   0.00000E+00   6.35781E-06   9.36764E-06   5.42502E-02   2.49580E-03   1.55145E-03   4.04428E-09   1.11659E-03   9.34026E-04   3.10487E-08   3.80626E-08   5.29708E-08   2.97042E-03   1.47492E-03   2.50756E-02   2.14314E-02   5.96614E-06
 6.40000E+01   1.28000E+01   1.60000E+00   0.00000E+00   0.00000E+00   0.00000E+00   6.41478E-06   7.12238E-06   5.48915E-02   2.49215E-03   1.52066E-03   2.83155E-09   1.09611E-03   9.34465E-04   1.84919E-08   5.58729E-08   7.22724E-08   2.97030E-03   1.46896E-03   2.24006E-02   2.10965E-02   8.38445E-06
 6.40000E+01   1.28000E+01   1.70000E+00   0.00000E+00   0.00000E+00   0.00000E+00   6.40378E-06   5.09550E-06   5.28396E-02   2.48868E-03   1.49789E-03   3.77903E-09   1.07996E-03   9.33527E-04   2.08275E-08   7.38904E-08   8.76873E-08   2.97019E-03   1.46428E-03   2.03582E-02   2.10121E-02   1.06015E-05
 6.40000E+01   1.28000E+01   1.80000E+00   0.00000E+00   0.00000E+00   0.00000E+00   6.34687E-06   3.40157E-06   4.99473E-02   2.48570E-03   1.48098E-03   9.96891E-09   1.06678E-03   9.31372E-04   4.33290E-08   9.11184E-08   9.87968E-08   2.97008E-03   1.46055E-03   1.89408E-02   2.10737E-02   1.25408E-05
 6.40000E+01   1.28000E+01   1.90000E+00   0.00000E+00   0.00000E+00   0.00000E+00   6.26750E-06   2.10831E-06   4.63355E-02   2.48331E-03   1.46919E-03   1.86003E-08   1.05650E-03   9.28592E-04   7.01281E-08   1.06926E-07   1.06105E-07   2.96999E-03   1.45773E-03   1.81588E-02   6.85392E+03   6.85392E+03
 6.40000E+01   1.28000E+01   2.00000E+00   0.00000E+00   0.00000E+00   0.00000E+00   6.18897E-06   1.22774E-06   4.14948E-02   2.48148E-03   1.46171E-03   2.70222E-08   1.04909E-03   9.25696E-04   9.35438E-08   1.20985E-07   1.10442E-07   2.96993E-03   1.45573E-03   1.78936E-02   6.85392E+03   6.85392E+03
 6.40000E+01   1.28000E+01   2.10000E+00   0.00000E+00   0.00000E+00   0.00000E+00   6.14491E-06   6.92254E-07   3.67694E-02   2.48011E-03   1.45737E-03   3.38623E-08   1.04422E-03   9.22994E-04   1.10502E-07   1.33165E-07   1.12579E-07   2.96989E-03   1.45440E-03   1.79599E-02   2.16006E-02   1.66887E-05
 6.40000E+01   1.28000E+01   2.20000E+00   0.00000E+00   0.00000E+00   0.00000E+00   6.17040E-06   4.35210E-07   3.25724E-02   2.47928E-03   1.45501E-03   3.88328E-08   1.04147E-03   9.20540E-04   1.20645E-07   1.43236E-07   1.12892E-07   2.96988E-03   1.45358E-03   1.81995E-02   2.18032E-02   1.75563E-05
 6.40000E+01   1.28000E+01   2.30000E+00   0.00000E+00   0.00000E+00   0.00000E+00   6.29226E-06   3.58280E-07   2.95370E-02   2.47907E-03   1.45372E-03   4.20580E-08   1.04036E-03   9.18496E-04   1.24945E-07   1.50861E-07   1.11474E-07   2.96993E-03   1.45318E-03   3.44969E+00   2.19866E-02   1.81465E-05
 6.40000E+01   1.28000E+01   2.40000E+00   0.00000E+00   0.00000E+00   0.00000E+00   6.52721E-06   3.67007E-07   2.72752E-02   2.47939E-03   1.45291E-03   4.37001E-08   1.04040E-03   9.17099E-04   1.24810E-07   1.55884E-07   1.08594E-07   2.97006E-03   1.45308E-03   1.87666E-02   2.21286E-02   1.84613E-05
 6.40000E+01   1.28000E+01   2.50000E+00   0.00000E+00   0.00000E+00   0.00000E+00   6.88025E-06   3.96422E-07   2.67406E-02   2.48001E-03   1.45239E-03   4.39554E-08   1.04130E-03   9.16482E-04   1.21507E-07   1.58375E-07   1.04698E-07   2.97033E-03   1.45323E-03   1.90145E-02   2.22171E-02   1.85267E-05
 6.40000E+01   1.28000E+01   2.60000E+00   0.00000E+00   0.00000E+00   0.00000E+00   7.34897E-06   4.17709E-07   2.64463E-02   2.48068E-03   1.45219E-03   4.31022E-08   1.04286E-03   9.16585E-04   1.16187E-07   1.58476E-07   1.00158E-07   2.97082E-03   1.45358E-03   1.92756E-02   2.22801E-02   1.83716E-05
 6.40000E+01   1.28000E+01   2.70000E+00   0.00000E+00   0.00000E+00   0.00000E+00   7.93672E-06   4.24235E-07   2.68698E-02   2.48123E-03   1.45243E-03   4.15955E-08   1.04454E-03   9.17279E-04   1.10194E-07   1.56564E-07   9.52226E-08   2.97156E-03   1.45406E-03   1.95575E-02   2.23579E-02   1.80367E-05
 6.40000E+01   1.28000E+01   2.80000E+00   0.00000E+00   0.00000E+00   0.00000E+00   8.65275E-06   4.19851E-07   2.77976E-02   2.48153E-03   1.45319E-03   3.98290E-08   1.04569E-03   9.18484E-04   1.04167E-07   1.52986E-07   9.00403E-08   2.97254E-03   1.45460E-03   1.98432E-02   2.24652E-02   1.75547E-05
 6.40000E+01   1.28000E+01   2.90000E+00   0.00000E+00   0.00000E+00   0.00000E+00   9.50654E-06   4.06984E-07   2.92250E-02   2.48156E-03   1.45441E-03   3.79886E-08   1.04594E-03   9.20170E-04   9.82271E-08   1.48086E-07   8.46836E-08   2.97371E-03   1.45515E-03   2.01007E-02   2.25967E-02   1.69520E-05
 6.40000E+01   1.28000E+01   3.00000E+00   0.00000E+00   0.00000E+00   0.00000E+00   1.05039E-05   3.88051E-07   3.07463E-02   2.48133E-03   1.45590E-03   3.61320E-08   1.04530E-03   9.22301E-04   9.23372E-08   1.42121E-07   7.92605E-08   2.97494E-03   1.45565E-03   2.03308E-02   2.27387E-02   1.62494E-05
 6.40000E+01   1.28000E+01   3.10000E+00   0.00000E+00   0.00000E+00   0.00000E+00   1.16527E-05   3.67655E-07   3.18934E-02   2.48090E-03   1.45755E-03   3.42532E-08   1.04402E-03   9.24730E-04   8.64261E-08   1.35363E-07   7.38339E-08   2.97617E-03   1.45610E-03   2.05816E-02   2.28817E-02   1.54685E-05
 6.40000E+01   1.28000E+01   3.20000E+00   0.00000E+00   0.00000E+00   0.00000E+00   1.29740E-05   3.51169E-07   3.26800E-02   2.48038E-03   1.45930E-03   3.23274E-08   1.04250E-03   9.27216E-04   8.04564E-08   1.28274E-07   6.84785E-08   2.97739E-03   1.45652E-03   2.08853E-02   2.30305E-02   1.46517E-05
 6.40000E+01   1.28000E+01   3.30000E+00   0.00000E+00   0.00000E+00   0.00000E+00   1.45043E-05   3.41415E-07   3.28515E-02   2.47988E-03   1.46118E-03   3.03374E-08   1.04113E-03   9.29542E-04   7.44276E-08   1.21828E-07   6.32670E-08   2.97866E-03   1.45698E-03   2.12440E-02   2.31923E-02   1.38896E-05
 6.40000E+01   1.28000E+01   3.40000E+00   0.00000E+00   0.00000E+00   0.00000E+00   1.62840E-05   3.36352E-07   3.24593E-02   2.47951E-03   1.46321E-03   2.82824E-08   1.04029E-03   9.31573E-04   6.83681E-08   1.17468E-07   5.87357E-08   2.98008E-03   1.45754E-03   2.16250E-02   2.33648E-02   1.33312E-05
 6.40000E+01   1.28000E+01   3.50000E+00   0.00000E+00   0.00000E+00   0.00000E+00   1.83469E-05   3.33082E-07   3.16908E-02   2.47930E-03   1.46529E-03   2.61756E-08   1.04020E-03   9.33256E-04   6.23243E-08   1.17363E-07   5.76383E-08   2.98173E-03   1.45822E-03   2.19596E-02   2.35377E-02   1.33000E-05
 6.40000E+01   1.28000E+01   3.60000E+00   0.00000E+00   0.00000E+00   0.00000E+00   2.07244E-05   3.31756E-07   3.12282E-02   2.47928E-03   1.46726E-03   2.41092E-08   1.04092E-03   9.34671E-04   5.63833E-08   1.24292E-07   6.83743E-08   2.98366E-03   1.45903E-03   2.21737E-02   2.36962E-02   1.45311E-05
 6.40000E+01   1.28000E+01   3.70000E+00   0.00000E+00   0.00000E+00   0.00000E+00   2.34591E-05   3.38460E-07   3.14928E-02   2.47941E-03   1.46906E-03   2.24945E-08   1.04244E-03   9.36011E-04   5.17230E-08   1.38012E-07   1.01356E-07   2.98591E-03   1.45999E-03   2.22158E-02   2.38290E-02   1.79023E-05
 6.40000E+01   1.28000E+01   3.80000E+00   0.00000E+00   0.00000E+00   0.00000E+00   2.65984E-05   3.66352E-07   3.21273E-02   2.47963E-03   1.47068E-03   2.25387E-08   1.04476E-03   9.37405E-04   5.82927E-08   1.58034E-07   1.61791E-07   2.98852E-03   1.46109E-03   2.20671E-02   2.39333E-02   2.42702E-05
 6.40000E+01   1.28000E+01   3.90000E+00   0.00000E+00   0.00000E+00   0.00000E+00   3.01794E-05   4.32577E-07   3.24694E-02   2.47986E-03   1.47219E-03   2.77072E-08   1.04790E-03   9.38931E-04   9.85075E-08   1.92420E-07   2.52626E-07   2.99151E-03   1.46234E-03   2.17531E-02   2.40065E-02   3.46004E-05
 6.40000E+01   1.28000E+01   4.00000E+00   0.00000E+00   0.00000E+00   0.00000E+00   3.42209E-05   5.48009E-07   3.24407E-02   2.48000E-03   1.47365E-03   4.18553E-08   1.05187E-03   9.40604E-04   1.79749E-07   2.46830E-07   3.78870E-07   2.99491E-03   1.46374E-03   2.13223E-02   2.40453E-02   4.94131E-05
 6.40000E+01   1.28000E+01   4.10000E+00   0.00000E+00   0.00000E+00   0.00000E+00   3.87283E-05   7.15710E-07   3.23091E-02   2.47995E-03   1.47511E-03   6.56642E-08   1.05663E-03   9.42410E-04   2.99302E-07   3.19797E-07   5.45429E-07   2.99875E-03   1.46527E-03   2.08096E-02   2.40465E-02   6.88864E-05
 6.40000E+01   1.28000E+01   4.20000E+00   0.00000E+00   0.00000E+00   0.00000E+00   4.36941E-05   9.38277E-07   3.23472E-02   2.47962E-03   1.47666E-03   9.79217E-08   1.06217E-03   9.44350E-04   4.54317E-07   4.10088E-07   7.50299E-07   3.00306E-03   1.46695E-03   2.02461E-02   2.40092E-02   9.27662E-05
 6.40000E+01   1.28000E+01   4.30000E+00   0.00000E+00   0.00000E+00   0.00000E+00   4.90979E-05   1.22095E-06   3.25584E-02   2.47897E-03   1.47841E-03   1.37178E-07   1.06845E-03   9.46444E-04   6.41714E-07   5.20663E-07   9.85273E-07   3.00787E-03   1.46877E-03   1.96620E-02   2.39347E-02   1.20410E-04
 6.40000E+01   1.28000E+01   4.40000E+00   0.00000E+00   0.00000E+00   0.00000E+00   5.49089E-05   1.57121E-06   3.28931E-02   2.47801E-03   1.48049E-03   1.82071E-07   1.07546E-03   9.48686E-04   8.57219E-07   6.53943E-07   1.24167E-06   3.01321E-03   1.47077E-03   1.90912E-02   2.38245E-02   1.50969E-04
 6.40000E+01   1.28000E+01   4.50000E+00   0.00000E+00   0.00000E+00   0.00000E+00   6.10876E-05   1.99711E-06   3.34706E-02   2.47672E-03   1.48306E-03   2.31340E-07   1.08317E-03   9.51052E-04   1.09225E-06   8.04313E-07   1.51336E-06   3.01916E-03   1.47297E-03   1.85700E-02   2.36809E-02   1.83372E-04
 6.40000E+01   1.28000E+01   4.60000E+00   0.00000E+00   0.00000E+00   0.00000E+00   6.75878E-05   2.50485E-06   3.43264E-02   2.47512E-03   1.48622E-03   2.83372E-07   1.09158E-03   9.53512E-04   1.33522E-06   9.56965E-07   1.79620E-06   3.02577E-03   1.47539E-03   1.81343E-02   2.35069E-02   2.16284E-04
 6.40000E+01   1.28000E+01   4.70000E+00   0.00000E+00   0.00000E+00   0.00000E+00   7.43640E-05   3.09984E-06   3.55226E-02   2.47325E-03   1.49009E-03   3.36035E-07   1.10074E-03   9.56040E-04   1.57421E-06   1.09559E-06   2.08795E-06   3.03311E-03   1.47809E-03   1.78190E-02   2.33081E-02   2.48433E-04
 6.40000E+01   1.28000E+01   4.80000E+00   0.00000E+00   0.00000E+00   0.00000E+00   8.13733E-05   3.78762E-06   3.71414E-02   2.47114E-03   1.49476E-03   3.86917E-07   1.11073E-03   9.58608E-04   1.79705E-06   1.20905E-06   2.38355E-06   3.04124E-03   1.48109E-03   1.76519E-02   2.30915E-02   2.78671E-04
 6.40000E+01   1.28000E+01   4.90000E+00   0.00000E+00   0.00000E+00   0.00000E+00   8.85748E-05   4.57401E-06   3.90775E-02   2.46888E-03   1.50030E-03   4.33647E-07   1.12158E-03   9.61179E-04   1.99119E-06   1.29216E-06   2.67104E-06   3.05022E-03   1.48443E-03   1.76499E-02   2.28646E-02   3.05765E-04
 6.40000E+01   1.28000E+01   5.00000E+00   0.00000E+00   0.00000E+00   0.00000E+00   9.59291E-05   5.46489E-06   4.12088E-02   2.46653E-03   1.50678E-03   4.74101E-07   1.13334E-03   9.63718E-04   2.14634E-06   1.34279E-06   2.93695E-06   3.06007E-03   1.48815E-03   1.78170E-02   2.26356E-02   3.28658E-04
 1.28000E+02   2.56000E+01   5.00000E-01   0.00000E+00   0.00000E+00   0.00000E+00   1.05359E-06   5.79941E-07   2.39314E-02   1.74871E-01   1.35394E-01   0.00000E+00   1.31225E-01   1.50198E-01   0.00000E+00   5.29923E-09   1.22524E-10   2.45384E-01   1.28627E-01   1.07529E+00   9.60406E-01   9.58972E-07
 1.28000E+02   2.56000E+01   6.00000E-01   0.00000E+00   0.00000E+00   0.00000E+00   1.05374E-06   5.70207E-07   1.92578E-02   1.74871E-01   1.27241E-01   0.00000E+00   1.14861E-01   1.50198E-01   0.00000E+00   1.97230E-12   5.07205E-11   2.45384E-01   1.25935E-01   8.56043E+00   1.15608E+01   9.18673E-09
 1.28000E+02   2.56000E+01   7.00000E-01   0.00000E+00   0.00000E+00   0.00000E+00   1.05778E-06   5.25534E-07   3.12648E-02   1.72734E-01   1.04126E-01   0.00000E+00   1.07295E-01   1.45813E-01   0.00000E+00   1.27103E-12   4.51391E-12   2.45384E-01   1.21868E-01   1.66173E+01   1.52170E+01   8.62483E-10
 1.28000E+02   2.56000E+01   8.00000E-01   0.00000E+00   0.00000E+00   0.00000E+00   1.07729E-06   4.86610E-07   4.10815E-02   1.34760E-01   8.40938E-02   0.00000E+00   9.01733E-02   1.34190E-01   0.00000E+00   6.36223E-13   2.52113E-13   2.06860E-01   1.02286E-01   2.09600E+01   1.61640E+01   1.18256E-10
 1.28000E+02   2.56000E+01   9.00000E-01   0.00000E+00   0.00000E+00   0.00000E+00   1.11890E-06   4.54644E-07   4.11298E-02   1.11832E-01   4.51046E-02   0.00000E+00   4.45440E-02   9.67030E-02   8.47494E-10   3.01281E-13   5.23823E-14   1.76273E-01   7.95464E-02   2.09995E+01   1.82252E+01   2.61305E-05
 1.28000E+02   2.56000E+01   1.00000E+00   0.00000E+00   0.00000E+00   0.00000E+00   1.17554E-06   4.16528E-07   3.90058E-02   4.65734E-02   2.07128E-02   1.75318E-10   1.26795E-02   4.62039E-02   3.11622E-09   4.45245E-14   5.25595E-14   1.25693E-01   4.79495E-02   9.25913E+00   8.61599E+00   1.16991E-11
 1.28000E+02   2.56000E+01   1.10000E+00   0.00000E+00   0.00000E+00   0.00000E+00   1.23525E-06   3.69600E-07   3.77690E-02   2.12813E-03   1.37229E-03   4.10623E-09   9.99753E-03   8.64622E-04   2.68178E-09   1.54707E-10   4.26157E-11   7.03513E-02   2.37028E-02   2.74199E-02   1.83639E+00   3.15948E-08
 1.28000E+02   2.56000E+01   1.20000E+00   0.00000E+00   0.00000E+00   0.00000E+00   1.28838E-06   3.14341E-07   3.55795E-02   2.12669E-03   1.36825E-03   2.84174E-09   1.05990E-03   8.63185E-04   2.44237E-09   1.88407E-09   7.21037E-10   2.72859E-02   9.14564E-03   2.34357E-02   1.72615E-02   3.94953E-07
 1.28000E+02   2.56000E+01   1.30000E+00   0.00000E+00   0.00000E+00   0.00000E+00   1.33115E-06   2.55577E-07   3.26109E-02   2.12530E-03   1.36571E-03   2.01155E-09   1.05493E-03   8.62055E-04   2.43370E-09   6.13041E-09   2.56962E-09   4.59814E-03   1.80681E-03   2.13688E-02   1.38256E+02   1.23660E+02
 1.28000E+02   2.56000E+01   1.40000E+00   0.00000E+00   0.00000E+00   0.00000E+00   1.36522E-06   2.00272E-07   3.08992E-02   2.12393E-03   1.36388E-03   1.35137E-09   1.05106E-03   8.61126E-04   1.80803E-09   1.24838E-08   5.51779E-09   2.44911E-03   1.25679E-03   2.02621E-02   1.68547E-02   2.62199E-06
 1.28000E+02   2.56000E+01   1.50000E+00   0.00000E+00   0.00000E+00   0.00000E+00   1.39133E-06   1.52548E-07   3.03258E-02   2.12266E-03   1.36254E-03   8.44475E-10   1.04796E-03   8.60314E-04   1.29492E-09   2.00164E-08   8.91222E-09   2.44904E-03   1.25602E-03   1.96462E-02   1.67818E-02   4.18365E-06
 1.28000E+02   2.56000E+01   1.60000E+00   0.00000E+00   0.00000E+00   0.00000E+00   1.40921E-06   1.13617E-07   2.92012E-02   2.12153E-03   1.36156E-03   4.87860E-10   1.04543E-03   8.59562E-04   9.11617E-10   2.78775E-08   1.21769E-08   2.44897E-03   1.25539E-03   1.92913E-02   1.38256E+02   1.23660E+02
 1.28000E+02   2.56000E+01   1.70000E+00   0.00000E+00   0.00000E+00   0.00000E+00   1.41954E-06   8.40456E-08   2.75720E-02   2.12057E-03   1.36090E-03   5.65823E-10   1.04326E-03   8.58752E-04   2.77430E-09   3.54144E-08   1.49159E-08   2.44889E-03   1.25485E-03   1.90941E-02   1.67970E-02   7.31530E-06
 1.28000E+02   2.56000E+01   1.80000E+00   0.00000E+00   0.00000E+00   0.00000E+00   1.42482E-06   6.40927E-08   2.57561E-02   2.11980E-03   1.36051E-03   1.37614E-09   1.04132E-03   8.57827E-04   6.69266E-09   4.22902E-08   1.70175E-08   2.44881E-03   1.25439E-03   1.90059E-02   1.68545E-02   8.68794E-06
 1.28000E+02   2.56000E+01   1.90000E+00   0.00000E+00   0.00000E+00   0.00000E+00   1.42804E-06   5.17967E-08   2.35298E-02   2.11920E-03   1.36030E-03   2.49368E-09   1.03966E-03   8.56919E-04   1.10115E-08   4.82992E-08   1.85270E-08   2.44872E-03   1.25401E-03   1.89934E-02   1.69372E-02   9.87814E-06
 1.28000E+02   2.56000E+01   2.00000E+00   0.00000E+00   0.00000E+00   0.00000E+00   1.43237E-06   4.48116E-08   2.12578E-02   2.11873E-03   1.36017E-03   3.63619E-09   1.03839E-03   8.56199E-04   1.47315E-08   5.34037E-08   1.95280E-08   2.44863E-03   1.25372E-03   1.90275E-02   1.70466E-02   1.08805E-05
 1.28000E+02   2.56000E+01   2.10000E+00   0.00000E+00   0.00000E+00   0.00000E+00   1.44199E-06   4.27286E-08   1.91591E-02   2.11834E-03   1.36006E-03   4.64413E-09   1.03756E-03   8.55761E-04   1.74034E-08   5.76116E-08   2.01154E-08   2.44855E-03   1.25350E-03   1.90849E-02   1.71820E-02   1.17002E-05
 1.28000E+02   2.56000E+01   2.20000E+00   0.00000E+00   0.00000E+00   0.00000E+00   1.46140E-06   4.52230E-08   1.73388E-02   2.11805E-03   1.35996E-03   5.43966E-09   1.03713E-03   8.55605E-04   1.90140E-08   6.08697E-08   2.04163E-08   2.44849E-03   1.25337E-03   1.91497E-02   1.73313E-02   1.23328E-05
 1.28000E+02   2.56000E+01   2.30000E+00   0.00000E+00   0.00000E+00   0.00000E+00   1.49393E-06   5.16708E-08   1.60327E-02   2.11790E-03   1.35989E-03   5.99972E-09   1.03700E-03   8.55639E-04   1.97490E-08   6.31526E-08   2.03671E-08   2.44843E-03   1.25331E-03   1.92126E-02   1.74719E-02   1.27671E-05
 1.28000E+02   2.56000E+01   2.40000E+00   0.00000E+00   0.00000E+00   0.00000E+00   1.54145E-06   5.93643E-08   1.53395E-02   2.11790E-03   1.35986E-03   6.32727E-09   1.03709E-03   8.55773E-04   1.98266E-08   6.44199E-08   2.00393E-08   2.44838E-03   1.25332E-03   1.92697E-02   1.75891E-02   1.30003E-05
 1.28000E+02   2.56000E+01   2.50000E+00   0.00000E+00   0.00000E+00   0.00000E+00   1.60392E-06   6.58752E-08   1.54717E-02   2.11803E-03   1.35988E-03   6.44154E-09   1.03732E-03   8.55973E-04   1.94325E-08   6.46270E-08   1.95093E-08   2.44835E-03   1.25337E-03   1.93172E-02   1.76778E-02   1.30263E-05
 1.28000E+02   2.56000E+01   2.60000E+00   0.00000E+00   0.00000E+00   0.00000E+00   1.67957E-06   7.02269E-08   1.62222E-02   2.11822E-03   1.35994E-03   6.37726E-09   1.03766E-03   8.56241E-04   1.87257E-08   6.39172E-08   1.88094E-08   2.44832E-03   1.25346E-03   1.93511E-02   1.77371E-02   1.28734E-05
 1.28000E+02   2.56000E+01   2.70000E+00   0.00000E+00   0.00000E+00   0.00000E+00   1.76587E-06   7.25502E-08   1.69996E-02   2.11841E-03   1.36002E-03   6.19340E-09   1.03804E-03   8.56591E-04   1.79029E-08   6.24263E-08   1.79897E-08   2.44830E-03   1.25356E-03   1.93752E-02   1.77768E-02   1.25680E-05
 1.28000E+02   2.56000E+01   2.80000E+00   0.00000E+00   0.00000E+00   0.00000E+00   1.86050E-06   7.35878E-08   1.78472E-02   2.11854E-03   1.36014E-03   5.94758E-09   1.03835E-03   8.57008E-04   1.70561E-08   6.02648E-08   1.70916E-08   2.44827E-03   1.25365E-03   1.93988E-02   1.78061E-02   1.21334E-05
 1.28000E+02   2.56000E+01   2.90000E+00   0.00000E+00   0.00000E+00   0.00000E+00   1.96163E-06   7.42510E-08   1.85887E-02   2.11859E-03   1.36028E-03   5.67298E-09   1.03853E-03   8.57461E-04   1.61949E-08   5.75735E-08   1.61198E-08   2.44821E-03   1.25372E-03   1.94265E-02   1.78304E-02   1.15954E-05
 1.28000E+02   2.56000E+01   3.00000E+00   0.00000E+00   0.00000E+00   0.00000E+00   2.06782E-06   7.52090E-08   1.92315E-02   2.11856E-03   1.36044E-03   5.38281E-09   1.03854E-03   8.57916E-04   1.53128E-08   5.45443E-08   1.51070E-08   2.44813E-03   1.25375E-03   1.94580E-02   1.78521E-02   1.09907E-05
 1.28000E+02   2.56000E+01   3.10000E+00   0.00000E+00   0.00000E+00   0.00000E+00   2.17791E-06   7.70358E-08   1.97781E-02   2.11845E-03   1.36062E-03   5.08231E-09   1.03839E-03   8.58352E-04   1.44063E-08   5.13552E-08   1.40821E-08   2.44801E-03   1.25375E-03   1.94924E-02   1.78702E-02   1.03533E-05
 1.28000E+02   2.56000E+01   3.20000E+00   0.00000E+00   0.00000E+00   0.00000E+00   2.29115E-06   7.95810E-08   1.99852E-02   2.11829E-03   1.36081E-03   4.77316E-09   1.03814E-03   8.58758E-04   1.34779E-08   4.80511E-08   1.30995E-08   2.44785E-03   1.25371E-03   1.95308E-02   1.78807E-02   9.69585E-06
 1.28000E+02   2.56000E+01   3.30000E+00   0.00000E+00   0.00000E+00   0.00000E+00   2.40759E-06   8.23588E-08   1.99504E-02   2.11812E-03   1.36101E-03   4.45620E-09   1.03782E-03   8.59128E-04   1.25335E-08   4.49508E-08   1.23438E-08   2.44764E-03   1.25366E-03   1.95739E-02   1.78770E-02   9.09040E-06
 1.28000E+02   2.56000E+01   3.40000E+00   0.00000E+00   0.00000E+00   0.00000E+00   2.52836E-06   8.44667E-08   1.96757E-02   2.11796E-03   1.36120E-03   4.13193E-09   1.03753E-03   8.59460E-04   1.15784E-08   4.18594E-08   1.21901E-08   2.44741E-03   1.25360E-03   1.96206E-02   1.78554E-02   8.53631E-06
 1.28000E+02   2.56000E+01   3.50000E+00   0.00000E+00   0.00000E+00   0.00000E+00   2.65550E-06   8.51697E-08   1.91766E-02   2.11784E-03   1.36135E-03   3.80128E-09   1.03733E-03   8.59761E-04   1.06169E-08   3.87475E-08   1.31849E-08   2.44715E-03   1.25354E-03   1.96691E-02   1.78165E-02   8.11491E-06
 1.28000E+02   2.56000E+01   3.60000E+00   0.00000E+00   0.00000E+00   0.00000E+00   2.79117E-06   8.43623E-08   1.86178E-02   2.11777E-03   1.36146E-03   3.52118E-09   1.03727E-03   8.60046E-04   9.72930E-09   3.71970E-08   1.60503E-08   2.44688E-03   1.25350E-03   1.97162E-02   1.77649E-02   8.27411E-06
 1.28000E+02   2.56000E+01   3.70000E+00   0.00000E+00   0.00000E+00   0.00000E+00   2.93685E-06   8.24338E-08   1.82159E-02   2.11771E-03   1.36155E-03   3.73882E-09   1.03739E-03   8.60314E-04   9.57420E-09   4.23204E-08   2.17659E-08   2.44661E-03   1.25347E-03   1.97545E-02   1.77028E-02   1.00409E-05
 1.28000E+02   2.56000E+01   3.80000E+00   0.00000E+00   0.00000E+00   0.00000E+00   3.09303E-06   7.97733E-08   1.81376E-02   2.11768E-03   1.36163E-03   5.32877E-09   1.03768E-03   8.60560E-04   1.17878E-08   5.87451E-08   3.13438E-08   2.44634E-03   1.25346E-03   1.97781E-02   1.76311E-02   1.41775E-05
 1.28000E+02   2.56000E+01   3.90000E+00   0.00000E+00   0.00000E+00   0.00000E+00   3.25954E-06   7.64766E-08   1.82191E-02   2.11764E-03   1.36174E-03   8.95781E-09   1.03812E-03   8.60772E-04   1.84038E-08   8.40463E-08   4.57998E-08   2.44608E-03   1.25347E-03   1.97858E-02   1.75509E-02   2.03928E-05
 1.28000E+02   2.56000E+01   4.00000E+00   0.00000E+00   0.00000E+00   0.00000E+00   3.43613E-06   7.26786E-08   1.83664E-02   2.11759E-03   1.36187E-03   1.46398E-08   1.03869E-03   8.60947E-04   3.03242E-08   1.15661E-07   6.56482E-08   2.44583E-03   1.25349E-03   1.97812E-02   1.74633E-02   2.83401E-05
 1.28000E+02   2.56000E+01   4.10000E+00   0.00000E+00   0.00000E+00   0.00000E+00   3.62251E-06   6.86803E-08   1.84719E-02   2.11751E-03   1.36204E-03   2.20644E-08   1.03940E-03   8.61099E-04   4.77002E-08   1.52511E-07   9.06884E-08   2.44560E-03   1.25352E-03   1.97696E-02   1.73709E-02   3.77785E-05
 1.28000E+02   2.56000E+01   4.20000E+00   0.00000E+00   0.00000E+00   0.00000E+00   3.81834E-06   6.50033E-08   1.85617E-02   2.11739E-03   1.36225E-03   3.07659E-08   1.04024E-03   8.61247E-04   7.03355E-08   1.92746E-07   1.20470E-07   2.44539E-03   1.25357E-03   1.97549E-02   1.72779E-02   4.82810E-05
 1.28000E+02   2.56000E+01   4.30000E+00   0.00000E+00   0.00000E+00   0.00000E+00   4.02314E-06   6.22586E-08   1.86318E-02   2.11722E-03   1.36248E-03   4.03333E-08   1.04121E-03   8.61408E-04   9.74770E-08   2.34160E-07   1.54647E-07   2.44521E-03   1.25362E-03   1.97373E-02   1.71875E-02   6.88758E+00
 1.28000E+02   2.56000E+01   4.40000E+00   0.00000E+00   0.00000E+00   0.00000E+00   4.23640E-06   6.09887E-08   1.86358E-02   2.11697E-03   1.36274E-03   5.05866E-08   1.04229E-03   8.61586E-04   1.28027E-07   2.75412E-07   1.92274E-07   2.44506E-03   1.25369E-03   1.97158E-02   1.71023E-02   7.05523E-05
 1.28000E+02   2.56000E+01   4.50000E+00   0.00000E+00   0.00000E+00   0.00000E+00   4.45783E-06   6.15851E-08   1.85011E-02   2.11666E-03   1.36303E-03   6.14527E-08   1.04347E-03   8.61779E-04   1.60831E-07   3.16582E-07   2.32061E-07   2.44496E-03   1.25377E-03   1.96887E-02   1.70241E-02   8.16277E-05
 1.28000E+02   2.56000E+01   4.60000E+00   0.00000E+00   0.00000E+00   0.00000E+00   4.68746E-06   6.44780E-08   1.82392E-02   2.11629E-03   1.36336E-03   7.26112E-08   1.04474E-03   8.61982E-04   1.94582E-07   3.58750E-07   2.72843E-07   2.44491E-03   1.25386E-03   1.96541E-02   1.69531E-02   9.25025E-05
 1.28000E+02   2.56000E+01   4.70000E+00   0.00000E+00   0.00000E+00   0.00000E+00   4.92544E-06   7.02236E-08   1.79111E-02   2.11585E-03   1.36371E-03   8.35026E-08   1.04608E-03   8.62192E-04   2.28204E-07   4.03967E-07   3.13939E-07   2.44492E-03   1.25396E-03   1.96106E-02   1.68914E-02   1.03313E-04
 1.28000E+02   2.56000E+01   4.80000E+00   0.00000E+00   0.00000E+00   0.00000E+00   5.17189E-06   7.95108E-08   1.76134E-02   2.11535E-03   1.36411E-03   9.35692E-08   1.04748E-03   8.62406E-04   2.61089E-07   4.54455E-07   3.54688E-07   2.44501E-03   1.25408E-03   1.95569E-02   1.68391E-02   1.14235E-04
 1.28000E+02   2.56000E+01   4.90000E+00   0.00000E+00   0.00000E+00   0.00000E+00   5.42685E-06   9.31939E-08   1.73544E-02   2.11480E-03   1.36453E-03   1.02286E-07   1.04895E-03   8.62619E-04   2.92829E-07   5.10981E-07   3.94443E-07   2.44518E-03   1.25422E-03   1.94923E-02   1.67965E-02   1.25292E-04
 1.28000E+02   2.56000E+01   5.00000E+00   0.00000E+00   0.00000E+00   0.00000E+00   5.69028E-06   1.12309E-07   1.71114E-02   2.11421E-03   1.36500E-03   1.09131E-07   1.05047E-03   8.62825E-04   3.23125E-07   5.71408E-07   4.32294E-07   2.44544E-03   1.25438E-03   1.94166E-02   1.67639E-02   1.36154E-04
 2.56000E+02   5.12000E+01   5.00000E-01   0.00000E+00   0.00000E+00   0.00000E+00   2.47705E-07   2.80795E-08   9.95105E-03   1.64942E-01   1.32629E-01   0.00000E+00   1.24352E-01   1.38699E-01   0.00000E+00   2.49098E-10   1.29481E-10   2.39108E-01   1.23229E-01   8.93190E-01   8.57347E-01   1.01492E-07
 2.56000E+02   5.12000E+01   6.00000E-01   0.00000E+00   0.00000E+00   0.00000E+00   2.47703E-07   2.79082E-08   8.21670E-03   1.64942E-01   1.24467E-01   0.00000E+00   1.20501E-01   1.38699E-01   0.00000E+00   4.16415E-12   4.22039E-12   2.39108E-01   1.21851E-01   1.68347E+01   1.11484E+01   2.14565E-09
 2.56000E+02   5.12000E+01   7.00000E-01   0.00000E+00   0.00000E+00   0.00000E+00   2.47755E-07   2.65824E-08   1.13245E-02   1.62955E-01   1.01736E-01   0.00000E+00   1.05623E-01   1.31689E-01   0.00000E+00   6.20441E-14   8.69668E-13   2.39108E-01   1.16703E-01   3.25374E+01   2.86348E+01   3.15705E-10
 2.56000E+02   5.12000E+01   8.00000E-01   0.00000E+00   0.00000E+00   0.00000E+00   2.48468E-07   2.52343E-08   1.67050E-02   1.17227E-01   5.42658E-02   0.00000E+00   7.36161E-02   9.86648E-02   0.00000E+00   7.21154E-15   1.08498E-14   1.90872E-01   8.70972E-02   3.92555E+01   3.09067E+01   3.73604E-12
 2.56000E+02   5.12000E+01   9.00000E-01   0.00000E+00   0.00000E+00   0.00000E+00   2.50577E-07   2.37916E-08   1.87700E-02   9.73324E-02   3.17206E-02   2.19500E-11   3.73061E-02   7.42317E-02   1.71272E-10   3.58649E-15   4.03602E-15   1.40677E-01   6.42667E-02   3.75020E+01   2.87859E+01   1.88768E-12
 2.56000E+02   5.12000E+01   1.00000E+00   0.00000E+00   0.00000E+00   0.00000E+00   2.54140E-07   2.17320E-08   1.84317E-02   5.49298E-02   1.11517E-02   8.62291E-11   1.51211E-02   4.30009E-02   8.45636E-10   1.37082E-15   2.71959E-15   1.00643E-01   4.12962E-02   2.05440E+01   1.65356E+01   1.21305E-12
 2.56000E+02   5.12000E+01   1.10000E+00   0.00000E+00   0.00000E+00   0.00000E+00   2.58602E-07   1.90808E-08   1.70633E-02   1.92865E-03   1.31605E-03   1.11635E-10   8.53532E-03   8.45259E-04   5.68876E-10   6.13566E-11   1.50150E-11   6.73560E-02   2.26467E-02   2.04176E-02   3.11407E+00   2.42222E-08
 2.56000E+02   5.12000E+01   1.20000E+00   0.00000E+00   0.00000E+00   0.00000E+00   2.63216E-07   1.60820E-08   1.52690E-02   1.92863E-03   1.31612E-03   8.13410E-11   1.02197E-03   8.45014E-04   3.99420E-10   3.16867E-10   2.02188E-10   3.31202E-02   1.10763E-02   1.94792E-02   1.45478E-02   1.48750E-07
 2.56000E+02   5.12000E+01   1.30000E+00   0.00000E+00   0.00000E+00   0.00000E+00   2.67409E-07   1.29537E-08   1.36779E-02   1.92855E-03   1.31612E-03   5.52579E-11   1.02101E-03   8.44758E-04   2.84403E-10   1.02182E-09   7.28639E-10   1.09171E-02   3.74745E-03   1.88817E-02   1.44719E-02   4.96199E-07
 2.56000E+02   5.12000E+01   1.40000E+00   0.00000E+00   0.00000E+00   0.00000E+00   2.71043E-07   1.00029E-08   1.27992E-02   1.92842E-03   1.31606E-03   3.73753E-11   1.02027E-03   8.44515E-04   1.97524E-10   1.93920E-09   1.65949E-09   2.42225E-03   1.20519E-03   1.84587E-02   1.44285E-02   1.00406E-06
 2.56000E+02   5.12000E+01   1.50000E+00   0.00000E+00   0.00000E+00   0.00000E+00   2.74134E-07   7.47391E-09   1.24809E-02   1.92827E-03   1.31595E-03   2.35216E-11   1.01973E-03   8.44274E-04   1.40214E-10   3.01070E-09   2.71870E-09   2.28154E-03   1.17417E-03   1.81715E-02   1.44011E-02   1.59241E-06
 2.56000E+02   5.12000E+01   1.60000E+00   0.00000E+00   0.00000E+00   0.00000E+00   2.76696E-07   5.47479E-09   1.23126E-02   1.92813E-03   1.31580E-03   2.77034E-11   1.01933E-03   8.44019E-04   1.78687E-10   4.07499E-09   3.74388E-09   2.28152E-03   1.17406E-03   1.79912E-02   1.43827E-02   2.16724E-06
 2.56000E+02   5.12000E+01   1.70000E+00   0.00000E+00   0.00000E+00   0.00000E+00   2.78751E-07   4.00282E-09   1.19081E-02   1.92801E-03   1.31563E-03   2.05780E-10   1.01906E-03   8.43755E-04   8.90991E-10   5.03765E-09   4.57673E-09   2.28150E-03   1.17397E-03   1.78960E-02   1.43689E-02   2.66719E-06
 2.56000E+02   5.12000E+01   1.80000E+00   0.00000E+00   0.00000E+00   0.00000E+00   2.80460E-07   3.05631E-09   1.13700E-02   1.92792E-03   1.31547E-03   5.99715E-10   1.01886E-03   8.43487E-04   2.10408E-09   5.91574E-09   5.18619E-09   2.28149E-03   1.17389E-03   1.78598E-02   1.43597E-02   3.08957E-06
 2.56000E+02   5.12000E+01   1.90000E+00   0.00000E+00   0.00000E+00   0.00000E+00   2.82149E-07   2.50706E-09   1.07361E-02   1.92786E-03   1.31531E-03   1.11426E-09   1.01872E-03   8.43223E-04   3.43142E-09   6.67355E-09   5.58752E-09   2.28147E-03   1.17382E-03   1.78585E-02   1.43573E-02   3.42913E-06
 2.56000E+02   5.12000E+01   2.00000E+00   0.00000E+00   0.00000E+00   0.00000E+00   2.84155E-07   2.19854E-09   1.00003E-02   1.92783E-03   1.31518E-03   1.63374E-09   1.01862E-03   8.42978E-04   4.56711E-09   7.27565E-09   5.80066E-09   2.28146E-03   1.17376E-03   1.78769E-02   1.43651E-02   3.68077E-06
 2.56000E+02   5.12000E+01   2.10000E+00   0.00000E+00   0.00000E+00   0.00000E+00   2.86838E-07   2.09719E-09   9.33750E-03   1.92783E-03   1.31506E-03   2.07973E-09   1.01857E-03   8.42768E-04   5.36427E-09   7.77894E-09   5.91107E-09   2.28145E-03   1.17372E-03   1.79042E-02   1.43825E-02   3.87847E-06
 2.56000E+02   5.12000E+01   2.20000E+00   0.00000E+00   0.00000E+00   0.00000E+00   2.90581E-07   2.22129E-09   8.65788E-03   1.92783E-03   1.31497E-03   2.41857E-09   1.01856E-03   8.42605E-04   5.80847E-09   8.14420E-09   5.90178E-09   2.28145E-03   1.17370E-03   1.79340E-02   1.44043E-02   4.00764E-06
 2.56000E+02   5.12000E+01   2.30000E+00   0.00000E+00   0.00000E+00   0.00000E+00   2.95693E-07   2.52813E-09   8.04220E-03   1.92785E-03   1.31490E-03   2.64216E-09   1.01858E-03   8.42494E-04   5.95940E-09   8.39758E-09   5.79449E-09   2.28145E-03   1.17369E-03   1.79631E-02   1.44253E-02   4.07871E-06
 2.56000E+02   5.12000E+01   2.40000E+00   0.00000E+00   0.00000E+00   0.00000E+00   3.02313E-07   2.90242E-09   7.60896E-03   1.92788E-03   1.31485E-03   2.75536E-09   1.01862E-03   8.42426E-04   5.89647E-09   8.49965E-09   5.60571E-09   2.28145E-03   1.17369E-03   1.79889E-02   1.44439E-02   4.08576E-06
 2.56000E+02   5.12000E+01   2.50000E+00   0.00000E+00   0.00000E+00   0.00000E+00   3.10406E-07   3.24800E-09   7.54177E-03   1.92792E-03   1.31483E-03   2.77169E-09   1.01867E-03   8.42395E-04   5.68791E-09   8.46882E-09   5.34509E-09   2.28146E-03   1.17369E-03   1.80108E-02   1.44588E-02   4.03183E-06
 2.56000E+02   5.12000E+01   2.60000E+00   0.00000E+00   0.00000E+00   0.00000E+00   3.19788E-07   3.51684E-09   7.77249E-03   1.92795E-03   1.31481E-03   2.71056E-09   1.01874E-03   8.42398E-04   5.39226E-09   8.33902E-09   5.06636E-09   2.28147E-03   1.17371E-03   1.80307E-02   1.44698E-02   3.94086E-06
 2.56000E+02   5.12000E+01   2.70000E+00   0.00000E+00   0.00000E+00   0.00000E+00   3.30203E-07   3.69062E-09   8.07707E-03   1.92797E-03   1.31482E-03   2.60193E-09   1.01881E-03   8.42426E-04   5.07556E-09   8.12033E-09   4.76039E-09   2.28148E-03   1.17372E-03   1.80498E-02   1.44774E-02   3.81480E-06
 2.56000E+02   5.12000E+01   2.80000E+00   0.00000E+00   0.00000E+00   0.00000E+00   3.41453E-07   3.78402E-09   8.36704E-03   1.92798E-03   1.31484E-03   2.47357E-09   1.01886E-03   8.42471E-04   4.76830E-09   7.83408E-09   4.46880E-09   2.28149E-03   1.17374E-03   1.80685E-02   1.44821E-02   3.66484E-06
 2.56000E+02   5.12000E+01   2.90000E+00   0.00000E+00   0.00000E+00   0.00000E+00   3.53401E-07   3.82139E-09   8.66734E-03   1.92799E-03   1.31488E-03   2.34041E-09   1.01887E-03   8.42527E-04   4.47305E-09   7.46238E-09   4.14201E-09   2.28150E-03   1.17375E-03   1.80857E-02   1.44854E-02   3.47917E-06
 2.56000E+02   5.12000E+01   3.00000E+00   0.00000E+00   0.00000E+00   0.00000E+00   3.65946E-07   3.82214E-09   9.05542E-03   1.92798E-03   1.31494E-03   2.20751E-09   1.01885E-03   8.42593E-04   4.18450E-09   7.08926E-09   3.87018E-09   2.28150E-03   1.17376E-03   1.81009E-02   1.44889E-02   3.30227E-06
 2.56000E+02   5.12000E+01   3.10000E+00   0.00000E+00   0.00000E+00   0.00000E+00   3.78982E-07   3.81279E-09   9.49067E-03   1.92796E-03   1.31500E-03   2.07508E-09   1.01881E-03   8.42666E-04   3.89854E-09   6.65795E-09   3.56531E-09   2.28150E-03   1.17377E-03   1.81154E-02   1.44921E-02   3.09687E-06
 2.56000E+02   5.12000E+01   3.20000E+00   0.00000E+00   0.00000E+00   0.00000E+00   3.92402E-07   3.81243E-09   9.80964E-03   1.92793E-03   1.31505E-03   1.94187E-09   1.01875E-03   8.42746E-04   3.61401E-09   6.29430E-09   3.30849E-09   2.28150E-03   1.17377E-03   1.81311E-02   1.44931E-02   2.92421E-06
 2.56000E+02   5.12000E+01   3.30000E+00   0.00000E+00   0.00000E+00   0.00000E+00   4.06179E-07   3.83222E-09   9.88258E-03   1.92789E-03   1.31510E-03   1.80700E-09   1.01869E-03   8.42828E-04   3.33148E-09   6.03292E-09   3.08311E-09   2.28150E-03   1.17377E-03   1.81483E-02   1.44902E-02   2.79791E-06
 2.56000E+02   5.12000E+01   3.40000E+00   0.00000E+00   0.00000E+00   0.00000E+00   4.20391E-07   3.89792E-09   9.77086E-03   1.92785E-03   1.31513E-03   1.67045E-09   1.01865E-03   8.42905E-04   3.05222E-09   5.99568E-09   2.96226E-09   2.28150E-03   1.17377E-03   1.81664E-02   1.44819E-02   2.78071E-06
 2.56000E+02   5.12000E+01   3.50000E+00   0.00000E+00   0.00000E+00   0.00000E+00   4.35227E-07   4.02374E-09   9.52565E-03   1.92782E-03   1.31516E-03   1.53309E-09   1.01862E-03   8.42969E-04   2.77766E-09   6.26624E-09   3.01376E-09   2.28149E-03   1.17377E-03   1.81837E-02   1.44689E-02   2.93186E-06
 2.56000E+02   5.12000E+01   3.60000E+00   0.00000E+00   0.00000E+00   0.00000E+00   4.50897E-07   4.19307E-09   9.22835E-03   1.92780E-03   1.31518E-03   1.40707E-09   1.01862E-03   8.43020E-04   2.52382E-09   7.18421E-09   3.37253E-09   2.28149E-03   1.17377E-03   1.81975E-02   1.44531E-02   3.39601E-06
 2.56000E+02   5.12000E+01   3.70000E+00   0.00000E+00   0.00000E+00   0.00000E+00   4.67555E-07   4.37912E-09   8.96048E-03   1.92779E-03   1.31519E-03   1.36966E-09   1.01864E-03   8.43062E-04   2.42878E-09   9.34196E-09   4.19959E-09   2.28149E-03   1.17377E-03   1.82051E-02   1.44362E-02   4.39866E-06
 2.56000E+02   5.12000E+01   3.80000E+00   0.00000E+00   0.00000E+00   0.00000E+00   4.85260E-07   4.57042E-09   8.79496E-03   1.92778E-03   1.31520E-03   1.55757E-09   1.01870E-03   8.43098E-04   2.88046E-09   1.33141E-08   5.82330E-09   2.28149E-03   1.17378E-03   1.82052E-02   1.44194E-02   6.19842E-06
 2.56000E+02   5.12000E+01   3.90000E+00   0.00000E+00   0.00000E+00   0.00000E+00   5.04004E-07   4.75541E-09   8.71573E-03   1.92778E-03   1.31521E-03   2.11099E-09   1.01878E-03   8.43135E-04   4.36640E-09   1.94107E-08   8.40007E-09   2.28150E-03   1.17379E-03   1.81974E-02   1.44037E-02   8.95186E-06
 2.56000E+02   5.12000E+01   4.00000E+00   0.00000E+00   0.00000E+00   0.00000E+00   5.23744E-07   4.90684E-09   8.66536E-03   1.92776E-03   1.31522E-03   3.04449E-09   1.01888E-03   8.43177E-04   7.01640E-09   2.74837E-08   1.19246E-08   2.28151E-03   1.17381E-03   1.81830E-02   1.43890E-02   1.26082E-05
 2.56000E+02   5.12000E+01   4.10000E+00   0.00000E+00   0.00000E+00   0.00000E+00   5.44407E-07   5.00373E-09   8.63004E-03   1.92775E-03   1.31523E-03   4.26614E-09   1.01901E-03   8.43224E-04   1.07734E-08   3.75808E-08   1.61504E-08   2.28153E-03   1.17383E-03   1.81638E-02   1.43752E-02   1.71018E-05
 2.56000E+02   5.12000E+01   4.20000E+00   0.00000E+00   0.00000E+00   0.00000E+00   5.65907E-07   5.04561E-09   8.60345E-03   1.92772E-03   1.31525E-03   5.65814E-09   1.01915E-03   8.43276E-04   1.55383E-08   4.95987E-08   2.08933E-08   2.28155E-03   1.17384E-03   1.81411E-02   1.43621E-02   2.23034E-05
 2.56000E+02   5.12000E+01   4.30000E+00   0.00000E+00   0.00000E+00   0.00000E+00   5.88153E-07   5.04792E-09   8.57924E-03   1.92768E-03   1.31527E-03   7.14290E-09   1.01930E-03   8.43333E-04   2.11652E-08   6.36353E-08   2.59195E-08   2.28157E-03   1.17386E-03   1.81159E-02   1.43492E-02   2.81296E-05
 2.56000E+02   5.12000E+01   4.40000E+00   0.00000E+00   0.00000E+00   0.00000E+00   6.11055E-07   5.04704E-09   8.53415E-03   1.92763E-03   1.31529E-03   8.70017E-09   1.01946E-03   8.43394E-04   2.74074E-08   7.93529E-08   3.12009E-08   2.28160E-03   1.17389E-03   1.80886E-02   1.43363E-02   3.43737E-05
 2.56000E+02   5.12000E+01   4.50000E+00   0.00000E+00   0.00000E+00   0.00000E+00   6.34552E-07   5.10063E-09   8.45162E-03   1.92756E-03   1.31533E-03   1.03023E-08   1.01963E-03   8.43459E-04   3.39450E-08   9.61445E-08   3.67373E-08   2.28164E-03   1.17391E-03   1.80589E-02   1.43233E-02   4.07546E-05
 2.56000E+02   5.12000E+01   4.60000E+00   0.00000E+00   0.00000E+00   0.00000E+00   6.58619E-07   5.28261E-09   8.32650E-03   1.92748E-03   1.31537E-03   1.18801E-08   1.01980E-03   8.43528E-04   4.04973E-08   1.13831E-07   4.26221E-08   2.28169E-03   1.17393E-03   1.80268E-02   1.43102E-02   4.71767E-05
 2.56000E+02   5.12000E+01   4.70000E+00   0.00000E+00   0.00000E+00   0.00000E+00   6.83255E-07   5.68014E-09   8.17643E-03   1.92738E-03   1.31541E-03   1.33473E-08   1.01998E-03   8.43600E-04   4.69223E-08   1.32018E-07   4.88953E-08   2.28175E-03   1.17395E-03   1.79923E-02   1.42974E-02   5.34783E-05
 2.56000E+02   5.12000E+01   4.80000E+00   0.00000E+00   0.00000E+00   0.00000E+00   7.08465E-07   6.37128E-09   8.02644E-03   1.92727E-03   1.31547E-03   1.46055E-08   1.02017E-03   8.43673E-04   5.32398E-08   1.50019E-07   5.57025E-08   2.28182E-03   1.17398E-03   1.79555E-02   1.42848E-02   5.94232E-05
 2.56000E+02   5.12000E+01   4.90000E+00   0.00000E+00   0.00000E+00   0.00000E+00   7.34254E-07   7.40461E-09   7.88607E-03   1.92715E-03   1.31553E-03   1.55815E-08   1.02036E-03   8.43743E-04   5.95633E-08   1.67042E-07   6.31474E-08   2.28191E-03   1.17401E-03   1.79168E-02   1.42729E-02   6.47507E-05
 2.56000E+02   5.12000E+01   5.00000E+00   0.00000E+00   0.00000E+00   0.00000E+00   7.60627E-07   8.80028E-09   7.75037E-03   1.92701E-03   1.31560E-03   1.62678E-08   1.02056E-03   8.43806E-04   6.60033E-08   1.81856E-07   7.11815E-08   2.28200E-03   1.17404E-03   1.78760E-02   1.42618E-02   6.90476E-05
 5.12000E+02   1.02400E+02   5.00000E-01   0.00000E+00   0.00000E+00   0.00000E+00   6.02853E-08   1.37600E-09   4.06429E-03   1.59026E-01   1.30339E-01   0.00000E+00   1.22355E-01   1.32233E-01   0.00000E+00   6.88102E-11   2.68048E-11   2.26124E-01   1.18259E-01   8.41474E-01   8.46495E-01   5.26850E-08
 5.12000E+02   1.02400E+02   6.00000E-01   0.00000E+00   0.00000E+00   0.00000E+00   6.02854E-08   1.36819E-09   3.38960E-03   1.59026E-01   1.18382E-01   0.00000E+00   1.20429E-01   1.32233E-01   0.00000E+00   6.84616E-12   1.58146E-12   2.26124E-01   1.16631E-01   4.00292E+01   1.56774E+01   5.08762E-09
 5.12000E+02   1.02400E+02   7.00000E-01   0.00000E+00   0.00000E+00   0.00000E+00   6.02875E-08   1.28391E-09   4.65342E-03   1.55637E-01   1.02479E-01   0.00000E+00   1.05399E-01   1.26896E-01   0.00000E+00   3.04831E-13   4.37627E-14   2.26124E-01   1.12085E-01   6.36740E+01   5.26639E+01   2.22905E-10
 5.12000E+02   1.02400E+02   8.00000E-01   0.00000E+00   0.00000E+00   0.00000E+00   6.03121E-08   1.18410E-09   7.39673E-03   1.30558E-01   6.95762E-02   0.00000E+00   7.56775E-02   1.03377E-01   0.00000E+00   7.09807E-16   1.11658E-15   1.95405E-01   9.21855E-02   7.40605E+01   5.92983E+01   9.16755E-13
 5.12000E+02   1.02400E+02   9.00000E-01   0.00000E+00   0.00000E+00   0.00000E+00   6.04055E-08   1.10511E-09   8.24571E-03   9.33918E-02   3.17979E-02   2.08932E-11   4.36102E-02   6.26191E-02   9.95521E-11   6.57539E-16   1.03730E-15   1.46961E-01   6.42510E-02   6.90238E+01   5.55373E+01   8.77805E-13
 5.12000E+02   1.02400E+02   1.00000E+00   0.00000E+00   0.00000E+00   0.00000E+00   6.05734E-08   1.01331E-09   7.97772E-03   3.21613E-02   8.63260E-03   3.16501E-11   1.61620E-02   2.22920E-02   1.91355E-10   6.91604E-16   1.01543E-15   1.01734E-01   3.68432E-02   2.43773E+01   2.00111E+01   8.67833E-13
 5.12000E+02   1.02400E+02   1.10000E+00   0.00000E+00   0.00000E+00   0.00000E+00   6.07875E-08   8.92913E-10   7.23468E-03   1.82380E-03   1.28725E-03   2.45468E-11   6.53670E-03   8.34321E-04   1.26929E-10   1.85627E-11   1.36535E-11   6.19465E-02   2.07787E-02   1.80713E-02   4.74573E+00   1.66851E-08
 5.12000E+02   1.02400E+02   1.20000E+00   0.00000E+00   0.00000E+00   0.00000E+00   6.10097E-08   7.51083E-10   6.40708E-03   1.82378E-03   1.28724E-03   1.91601E-11   1.00253E-03   8.34267E-04   8.73211E-11   8.43551E-11   5.25402E-11   3.40782E-02   1.13920E-02   1.79990E-02   1.32486E-02   7.63819E-08
 5.12000E+02   1.02400E+02   1.30000E+00   0.00000E+00   0.00000E+00   0.00000E+00   6.12118E-08   6.05346E-10   5.74067E-03   1.82375E-03   1.28722E-03   1.49256E-11   1.00238E-03   8.34208E-04   6.12292E-11   2.83877E-10   2.09228E-10   8.72354E-03   3.03285E-03   1.79600E-02   1.32190E-02   2.80531E-07
 5.12000E+02   1.02400E+02   1.40000E+00   0.00000E+00   0.00000E+00   0.00000E+00   6.13885E-08   4.70350E-10   5.54112E-03   1.82371E-03   1.28719E-03   1.09709E-11   1.00226E-03   8.34148E-04   4.21751E-11   5.25661E-10   4.18003E-10   2.16742E-03   1.12452E-03   1.79337E-02   1.31995E-02   5.38793E-07
 5.12000E+02   1.02400E+02   1.50000E+00   0.00000E+00   0.00000E+00   0.00000E+00   6.15403E-08   3.53282E-10   5.61653E-03   1.82367E-03   1.28716E-03   7.49769E-12   1.00215E-03   8.34085E-04   2.77865E-11   8.31410E-10   6.78698E-10   2.16742E-03   1.12449E-03   1.79165E-02   1.31868E-02   8.58300E-07
 5.12000E+02   1.02400E+02   1.60000E+00   0.00000E+00   0.00000E+00   0.00000E+00   6.16667E-08   2.58008E-10   5.71121E-03   1.82363E-03   1.28713E-03   6.58789E-12   1.00207E-03   8.34022E-04   3.82508E-11   1.13358E-09   9.58570E-10   2.16742E-03   1.12446E-03   1.79080E-02   1.31788E-02   1.18524E-06
 5.12000E+02   1.02400E+02   1.70000E+00   0.00000E+00   0.00000E+00   0.00000E+00   6.17682E-08   1.86337E-10   5.63624E-03   1.82360E-03   1.28710E-03   4.35319E-11   1.00200E-03   8.33959E-04   2.09663E-10   1.37909E-09   1.14889E-09   2.16742E-03   1.12444E-03   1.79066E-02   1.31745E-02   1.42911E-06
 5.12000E+02   1.02400E+02   1.80000E+00   0.00000E+00   0.00000E+00   0.00000E+00   6.18498E-08   1.38861E-10   5.36765E-03   1.82358E-03   1.28707E-03   1.31428E-10   1.00195E-03   8.33896E-04   4.97439E-10   1.63161E-09   1.27451E-09   2.16741E-03   1.12442E-03   1.79099E-02   1.31736E-02   1.65978E-06
 5.12000E+02   1.02400E+02   1.90000E+00   0.00000E+00   0.00000E+00   0.00000E+00   6.19253E-08   1.12532E-10   5.02311E-03   1.82356E-03   1.28704E-03   2.48167E-10   1.00191E-03   8.33837E-04   8.10523E-10   1.83534E-09   1.40393E-09   2.16741E-03   1.12441E-03   1.79164E-02   1.31753E-02   1.84766E-06
 5.12000E+02   1.02400E+02   2.00000E+00   0.00000E+00   0.00000E+00   0.00000E+00   6.20111E-08   9.85036E-11   4.60297E-03   1.82355E-03   1.28701E-03   3.63833E-10   1.00187E-03   8.33785E-04   1.07688E-09   2.00582E-09   1.45404E-09   2.16741E-03   1.12439E-03   1.79253E-02   1.31789E-02   1.99659E-06
 5.12000E+02   1.02400E+02   2.10000E+00   0.00000E+00   0.00000E+00   0.00000E+00   6.21219E-08   9.23543E-11   4.17211E-03   1.82354E-03   1.28699E-03   4.59457E-10   1.00185E-03   8.33744E-04   1.26324E-09   2.10998E-09   1.49123E-09   2.16741E-03   1.12438E-03   1.79356E-02   1.31845E-02   2.09239E-06
 5.12000E+02   1.02400E+02   2.20000E+00   0.00000E+00   0.00000E+00   0.00000E+00   6.22743E-08   9.48993E-11   3.79983E-03   1.82353E-03   1.28697E-03   5.29732E-10   1.00185E-03   8.33715E-04   1.36768E-09   2.25115E-09   1.48466E-09   2.16741E-03   1.12438E-03   1.79460E-02   1.31918E-02   2.19198E-06
 5.12000E+02   1.02400E+02   2.30000E+00   0.00000E+00   0.00000E+00   0.00000E+00   6.24819E-08   1.06353E-10   3.51046E-03   1.82353E-03   1.28696E-03   5.76282E-10   1.00185E-03   8.33697E-04   1.40476E-09   2.30186E-09   1.47521E-09   2.16741E-03   1.12437E-03   1.79556E-02   1.32001E-02   2.23642E-06
 5.12000E+02   1.02400E+02   2.40000E+00   0.00000E+00   0.00000E+00   0.00000E+00   6.27522E-08   1.23390E-10   3.35204E-03   1.82353E-03   1.28695E-03   6.01848E-10   1.00185E-03   8.33689E-04   1.39290E-09   2.39340E-09   1.44977E-09   2.16741E-03   1.12437E-03   1.79638E-02   1.32084E-02   2.29124E-06
 5.12000E+02   1.02400E+02   2.50000E+00   0.00000E+00   0.00000E+00   0.00000E+00   6.30872E-08   1.40891E-10   3.32563E-03   1.82354E-03   1.28695E-03   6.09001E-10   1.00186E-03   8.33689E-04   1.34775E-09   2.33401E-09   1.38653E-09   2.16741E-03   1.12437E-03   1.79701E-02   1.32155E-02   2.23593E-06
 5.12000E+02   1.02400E+02   2.60000E+00   0.00000E+00   0.00000E+00   0.00000E+00   6.34836E-08   1.55048E-10   3.39599E-03   1.82355E-03   1.28695E-03   6.00812E-10   1.00188E-03   8.33699E-04   1.28261E-09   2.32621E-09   1.33802E-09   2.16741E-03   1.12438E-03   1.79748E-02   1.32209E-02   2.21686E-06
 5.12000E+02   1.02400E+02   2.70000E+00   0.00000E+00   0.00000E+00   0.00000E+00   6.39362E-08   1.64466E-10   3.46697E-03   1.82355E-03   1.28696E-03   5.82592E-10   1.00189E-03   8.33716E-04   1.21253E-09   2.23459E-09   1.23390E-09   2.16742E-03   1.12438E-03   1.79783E-02   1.32251E-02   2.11975E-06
 5.12000E+02   1.02400E+02   2.80000E+00   0.00000E+00   0.00000E+00   0.00000E+00   6.44415E-08   1.70287E-10   3.51884E-03   1.82356E-03   1.28697E-03   5.59617E-10   1.00190E-03   8.33738E-04   1.14437E-09   2.15930E-09   1.15831E-09   2.16742E-03   1.12439E-03   1.79810E-02   1.32284E-02   2.04245E-06
 5.12000E+02   1.02400E+02   2.90000E+00   0.00000E+00   0.00000E+00   0.00000E+00   6.49985E-08   1.74072E-10   3.58763E-03   1.82356E-03   1.28698E-03   5.34756E-10   1.00190E-03   8.33765E-04   1.07856E-09   2.07579E-09   1.13376E-09   2.16742E-03   1.12439E-03   1.79837E-02   1.32312E-02   1.97212E-06
 5.12000E+02   1.02400E+02   3.00000E+00   0.00000E+00   0.00000E+00   0.00000E+00   6.56049E-08   1.76754E-10   3.70293E-03   1.82355E-03   1.28699E-03   5.09070E-10   1.00190E-03   8.33793E-04   1.01389E-09   1.96438E-09   1.01378E-09   2.16742E-03   1.12440E-03   1.79867E-02   1.32338E-02   1.84964E-06
 5.12000E+02   1.02400E+02   3.10000E+00   0.00000E+00   0.00000E+00   0.00000E+00   6.62556E-08   1.79148E-10   3.88080E-03   1.82355E-03   1.28700E-03   4.82786E-10   1.00189E-03   8.33820E-04   9.49356E-10   1.85216E-09   9.10976E-10   2.16743E-03   1.12440E-03   1.79902E-02   1.32358E-02   1.73284E-06
 5.12000E+02   1.02400E+02   3.20000E+00   0.00000E+00   0.00000E+00   0.00000E+00   6.69435E-08   1.82075E-10   4.02099E-03   1.82354E-03   1.28702E-03   4.55784E-10   1.00188E-03   8.33844E-04   8.84557E-10   1.69405E-09   8.87040E-10   2.16743E-03   1.12440E-03   1.79941E-02   1.32371E-02   1.60739E-06
 5.12000E+02   1.02400E+02   3.30000E+00   0.00000E+00   0.00000E+00   0.00000E+00   6.76646E-08   1.86254E-10   4.07308E-03   1.82353E-03   1.28703E-03   4.27941E-10   1.00186E-03   8.33866E-04   8.19516E-10   1.62864E-09   8.36081E-10   2.16743E-03   1.12440E-03   1.79984E-02   1.32373E-02   1.53746E-06
 5.12000E+02   1.02400E+02   3.40000E+00   0.00000E+00   0.00000E+00   0.00000E+00   6.84204E-08   1.92319E-10   4.02014E-03   1.82352E-03   1.28703E-03   3.99250E-10   1.00185E-03   8.33883E-04   7.54462E-10   1.64005E-09   7.91792E-10   2.16743E-03   1.12440E-03   1.80024E-02   1.32361E-02   1.52138E-06
 5.12000E+02   1.02400E+02   3.50000E+00   0.00000E+00   0.00000E+00   0.00000E+00   6.92171E-08   1.99518E-10   3.89090E-03   1.82352E-03   1.28704E-03   3.69851E-10   1.00184E-03   8.33897E-04   6.89710E-10   1.61226E-09   7.68362E-10   2.16743E-03   1.12440E-03   1.80059E-02   1.32337E-02   1.49550E-06
 5.12000E+02   1.02400E+02   3.60000E+00   0.00000E+00   0.00000E+00   0.00000E+00   7.00629E-08   2.05739E-10   3.74155E-03   1.82351E-03   1.28705E-03   3.42177E-10   1.00183E-03   8.33907E-04   6.27919E-10   1.75232E-09   7.52717E-10   2.16744E-03   1.12440E-03   1.80081E-02   1.32305E-02   1.60346E-06
 5.12000E+02   1.02400E+02   3.70000E+00   0.00000E+00   0.00000E+00   0.00000E+00   7.09645E-08   2.09438E-10   3.62471E-03   1.82351E-03   1.28705E-03   3.31476E-10   1.00183E-03   8.33914E-04   5.87111E-10   2.06405E-09   8.02108E-10   2.16744E-03   1.12440E-03   1.80085E-02   1.32269E-02   1.86056E-06
 5.12000E+02   1.02400E+02   3.80000E+00   0.00000E+00   0.00000E+00   0.00000E+00   7.19248E-08   2.10349E-10   3.57276E-03   1.82351E-03   1.28705E-03   3.62456E-10   1.00183E-03   8.33920E-04   6.06695E-10   2.69508E-09   1.00108E-09   2.16744E-03   1.12440E-03   1.80068E-02   1.32231E-02   2.40574E-06
 5.12000E+02   1.02400E+02   3.90000E+00   0.00000E+00   0.00000E+00   0.00000E+00   7.29427E-08   2.08655E-10   3.55440E-03   1.82351E-03   1.28705E-03   4.60441E-10   1.00184E-03   8.33925E-04   7.51026E-10   3.61169E-09   1.38221E-09   2.16744E-03   1.12441E-03   1.80028E-02   1.32190E-02   3.22091E-06
 5.12000E+02   1.02400E+02   4.00000E+00   0.00000E+00   0.00000E+00   0.00000E+00   7.40151E-08   2.04473E-10   3.53288E-03   1.82351E-03   1.28705E-03   6.29859E-10   1.00185E-03   8.33929E-04   1.06899E-09   4.79997E-09   1.96749E-09   2.16744E-03   1.12441E-03   1.79969E-02   1.32146E-02   4.30748E-06
 5.12000E+02   1.02400E+02   4.10000E+00   0.00000E+00   0.00000E+00   0.00000E+00   7.51387E-08   1.98058E-10   3.50506E-03   1.82350E-03   1.28705E-03   8.54155E-10   1.00187E-03   8.33933E-04   1.57304E-09   6.14615E-09   2.71004E-09   2.16744E-03   1.12441E-03   1.79897E-02   1.32099E-02   5.56122E-06
 5.12000E+02   1.02400E+02   4.20000E+00   0.00000E+00   0.00000E+00   0.00000E+00   7.63103E-08   1.89923E-10   3.48011E-03   1.82350E-03   1.28706E-03   1.10921E-09   1.00189E-03   8.33939E-04   2.24864E-09   7.70785E-09   3.51554E-09   2.16744E-03   1.12441E-03   1.79814E-02   1.32049E-02   6.96178E-06
 5.12000E+02   1.02400E+02   4.30000E+00   0.00000E+00   0.00000E+00   0.00000E+00   7.75269E-08   1.81265E-10   3.46090E-03   1.82350E-03   1.28706E-03   1.37724E-09   1.00191E-03   8.33945E-04   3.05838E-09   9.37339E-09   4.41430E-09   2.16745E-03   1.12441E-03   1.79722E-02   1.31998E-02   8.43503E-06
 5.12000E+02   1.02400E+02   4.40000E+00   0.00000E+00   0.00000E+00   0.00000E+00   7.87857E-08   1.73803E-10   3.43609E-03   1.82349E-03   1.28706E-03   1.65287E-09   1.00193E-03   8.33952E-04   3.96223E-09   1.10309E-08   5.39513E-09   2.16745E-03   1.12442E-03   1.79621E-02   1.31947E-02   9.87292E-06
 5.12000E+02   1.02400E+02   4.50000E+00   0.00000E+00   0.00000E+00   0.00000E+00   8.00857E-08   1.69589E-10   3.39335E-03   1.82348E-03   1.28707E-03   1.93448E-09   1.00196E-03   8.33960E-04   4.93052E-09   1.25467E-08   6.48031E-09   2.16745E-03   1.12442E-03   1.79508E-02   1.31897E-02   1.11734E-05
 5.12000E+02   1.02400E+02   4.60000E+00   0.00000E+00   0.00000E+00   0.00000E+00   8.14284E-08   1.71097E-10   3.32672E-03   1.82346E-03   1.28708E-03   2.21395E-09   1.00198E-03   8.33968E-04   5.94840E-09   1.39617E-08   7.66363E-09   2.16746E-03   1.12442E-03   1.79384E-02   1.31848E-02   1.23450E-05
 5.12000E+02   1.02400E+02   4.70000E+00   0.00000E+00   0.00000E+00   0.00000E+00   8.28176E-08   1.81423E-10   3.24286E-03   1.82345E-03   1.28709E-03   2.47579E-09   1.00200E-03   8.33976E-04   7.02166E-09   1.52904E-08   8.98194E-09   2.16746E-03   1.12442E-03   1.79251E-02   1.31803E-02   1.33893E-05
 5.12000E+02   1.02400E+02   4.80000E+00   0.00000E+00   0.00000E+00   0.00000E+00   8.42582E-08   2.03619E-10   3.15574E-03   1.82343E-03   1.28710E-03   2.70167E-09   1.00203E-03   8.33983E-04   8.18264E-09   1.64026E-08   1.05897E-08   2.16747E-03   1.12443E-03   1.79111E-02   1.31763E-02   1.42780E-05
 5.12000E+02   1.02400E+02   4.90000E+00   0.00000E+00   0.00000E+00   0.00000E+00   8.57556E-08   2.39816E-10   3.07061E-03   1.82341E-03   1.28711E-03   2.87829E-09   1.00205E-03   8.33988E-04   9.47135E-09   1.75607E-08   1.24017E-08   2.16747E-03   1.12443E-03   1.78965E-02   1.31729E-02   1.51358E-05
 5.12000E+02   1.02400E+02   5.00000E+00   0.00000E+00   0.00000E+00   0.00000E+00   8.73160E-08   2.91359E-10   2.98140E-03   1.82338E-03   1.28713E-03   3.01107E-09   1.00208E-03   8.33990E-04   1.09119E-08   1.86184E-08   1.44463E-08   2.16748E-03   1.12443E-03   1.78815E-02   1.31703E-02   1.59075E-05
