        Grid    Cell/Diam.            PU        Center        Center        Center        Radius       Tangent     Curvature      Sigma_xx      Sigma_xy      Sigma_xz      Sigma_yx      Sigma_yy      Sigma_yz      Sigma_zx      Sigma_zy      Sigma_zz       StressT        XForce        YForce        ZForce
        Size                      Spread             X             Y             Z         Error         Error         Error         Error         Error         Error         Error         Error         Error         Error         Error         Error         Error         Error         Error         Error
 1.60000E+01   3.20000E+00   5.00000E-01   0.00000E+00   0.00000E+00   0.00000E+00   6.19149E-03   5.81782E-01   2.94704E+00   1.74398E-01   8.05193E-02   1.27125E-02   9.71000E-02   1.50457E-01   5.91269E-02   6.60771E-02   5.31861E-02   2.17977E-01   1.18945E-01   3.20148E+01   3.04953E+01   2.52109E+01
 1.60000E+01   3.20000E+00   6.00000E-01   0.00000E+00   0.00000E+00   0.00000E+00   6.07205E-03   5.76588E-01   2.77860E+00   1.74398E-01   7.69820E-02   1.27125E-02   6.55981E-02   1.50457E-01   5.95130E-02   3.76529E-02   5.31861E-02   2.17977E-01   1.14865E-01   3.78633E+02   3.88556E+02   3.27127E+02
 1.60000E+01   3.20000E+00   7.00000E-01   0.00000E+00   0.00000E+00   0.00000E+00   6.01238E-03   5.63322E-01   2.70085E+00   1.69525E-01   6.35460E-02   1.27125E-02   5.61907E-02   1.49294E-01   5.94651E-02   3.22371E-02   4.22272E-02   2.03155E-01   1.08533E-01   3.00376E+02   3.49191E+02   3.63469E+02
 1.60000E+01   3.20000E+00   8.00000E-01   0.00000E+00   0.00000E+00   0.00000E+00   5.97809E-03   5.47444E-01   2.51843E+00   1.22353E-01   4.31004E-02   1.27125E-02   4.12259E-02   1.13083E-01   5.03833E-02   3.19519E-02   4.10186E-02   1.73383E-01   8.61398E-02   6.09981E+03   5.44103E+03   5.28917E+03
 1.60000E+01   3.20000E+00   9.00000E-01   0.00000E+00   0.00000E+00   0.00000E+00   5.93929E-03   5.26496E-01   2.11180E+00   8.53052E-02   3.57166E-02   9.19596E-03   3.62061E-02   1.02123E-01   4.57409E-02   2.23663E-02   1.77295E-02   7.70792E-02   5.69846E-02   5.79273E+03   3.65849E+01   2.07037E+01
 1.60000E+01   3.20000E+00   1.00000E+00   0.00000E+00   0.00000E+00   0.00000E+00   5.86524E-03   4.98781E-01   1.78803E+00   6.23535E-02   2.18402E-02   9.19947E-03   4.29421E-02   9.96946E-02   4.48680E-02   2.08198E-02   1.55413E-02   7.55777E-02   5.23161E-02   6.48363E+03   6.48488E+03   3.58365E+02
 1.60000E+01   3.20000E+00   1.10000E+00   0.00000E+00   0.00000E+00   0.00000E+00   5.74149E-03   4.64553E-01   1.52124E+00   3.78059E-02   1.61220E-02   8.91911E-03   3.43918E-02   5.81250E-02   4.00260E-02   1.55626E-02   1.16989E-02   3.89190E-02   3.30419E-02   3.06976E+02   3.75376E+03   3.75622E+03
 1.60000E+01   3.20000E+00   1.20000E+00   0.00000E+00   0.00000E+00   0.00000E+00   5.60899E-03   4.28576E-01   1.60610E+00   2.15766E-02   1.49873E-02   5.44491E-03   2.86547E-02   5.46145E-02   4.17603E-02   1.23950E-02   1.04019E-02   3.56030E-02   2.94335E-02   1.48444E+02   4.09897E+03   4.09725E+03
 1.60000E+01   3.20000E+00   1.30000E+00   0.00000E+00   0.00000E+00   0.00000E+00   5.64263E-03   3.95285E-01   1.81007E+00   1.78517E-02   1.42579E-02   3.00654E-03   2.32095E-02   4.90579E-02   3.99073E-02   1.06828E-02   9.75062E-03   2.18167E-02   2.52853E-02   1.26981E+02   3.74191E+03   3.74177E+03
 1.60000E+01   3.20000E+00   1.40000E+00   0.00000E+00   0.00000E+00   0.00000E+00   6.11565E-03   3.66000E-01   1.79864E+00   1.78153E-02   1.32666E-02   3.06222E-03   1.89771E-02   4.77721E-02   3.87597E-02   1.01868E-02   9.14473E-03   2.18297E-02   2.42929E-02   1.30647E+02   4.58234E+03   4.73266E+03
 1.60000E+01   3.20000E+00   1.50000E+00   0.00000E+00   0.00000E+00   0.00000E+00   7.17914E-03   3.42233E-01   1.74541E+00   1.86024E-02   1.32196E-02   3.58711E-03   1.60227E-02   4.80473E-02   3.76239E-02   1.04825E-02   9.56413E-03   2.30721E-02   2.41481E-02   2.09739E+02   3.13470E+03   5.40660E+03
 1.60000E+01   3.20000E+00   1.60000E+00   0.00000E+00   0.00000E+00   0.00000E+00   8.75883E-03   3.23573E-01   1.80855E+00   2.02819E-02   1.33475E-02   4.21123E-03   1.45880E-02   4.99578E-02   3.69773E-02   1.13539E-02   1.04599E-02   2.52447E-02   2.48524E-02   5.55137E+03   4.10418E+03   2.37591E+03
 1.60000E+01   3.20000E+00   1.70000E+00   0.00000E+00   0.00000E+00   0.00000E+00   1.06897E-02   3.09137E-01   1.84555E+00   2.27808E-02   1.35765E-02   4.85847E-03   1.44774E-02   5.32155E-02   3.71806E-02   1.24440E-02   1.17337E-02   2.81889E-02   2.63268E-02   5.29399E+03   2.90859E+03   3.35418E+03
 1.60000E+01   3.20000E+00   1.80000E+00   0.00000E+00   0.00000E+00   0.00000E+00   1.28343E-02   2.98446E-01   1.66848E+00   2.59872E-02   1.39864E-02   5.52018E-03   1.54252E-02   5.73687E-02   3.81508E-02   1.37064E-02   1.32971E-02   3.17763E-02   2.84027E-02   6.48045E+03   4.43097E+03   4.43078E+03
 1.60000E+01   3.20000E+00   1.90000E+00   0.00000E+00   0.00000E+00   0.00000E+00   1.51052E-02   2.91583E-01   1.44891E+00   2.98093E-02   1.46786E-02   6.18923E-03   1.72453E-02   6.21404E-02   3.96189E-02   1.51262E-02   1.50951E-02   3.59138E-02   3.09432E-02   5.42452E+03   3.75067E+03   2.37700E+03
 1.60000E+01   3.20000E+00   2.00000E+00   0.00000E+00   0.00000E+00   0.00000E+00   1.74600E-02   2.88261E-01   1.29357E+00   3.41732E-02   1.56767E-02   6.85698E-03   1.92524E-02   6.56993E-02   4.07001E-02   1.66841E-02   1.95822E-02   4.21011E-02   3.37284E-02   6.48322E+03   3.93286E+03   3.74779E+03
 1.60000E+01   3.20000E+00   2.10000E+00   0.00000E+00   0.00000E+00   0.00000E+00   1.98861E-02   2.87556E-01   1.22004E+00   4.08595E-02   2.00957E-02   7.51325E-03   2.16160E-02   6.95322E-02   4.19416E-02   1.83702E-02   2.66992E-02   5.19054E-02   3.79112E-02   9.68288E+03   6.48314E+03   5.29382E+03
 1.60000E+01   3.20000E+00   2.20000E+00   0.00000E+00   0.00000E+00   0.00000E+00   2.23941E-02   2.88404E-01   1.14217E+00   5.30677E-02   3.28068E-02   8.15575E-03   2.42044E-02   7.36576E-02   4.33278E-02   2.01857E-02   3.39158E-02   6.26036E-02   4.38742E-02   1.00348E+04   7.10028E+03   5.15967E+03
 1.60000E+01   3.20000E+00   2.30000E+00   0.00000E+00   0.00000E+00   0.00000E+00   2.50033E-02   2.90546E-01   1.05374E+00   6.68122E-02   4.58650E-02   8.79168E-03   3.28503E-02   7.88187E-02   4.45483E-02   2.21303E-02   4.11658E-02   7.38326E-02   5.11604E-02   1.14641E+04   8.93747E+03   6.58876E+03
 1.60000E+01   3.20000E+00   2.40000E+00   0.00000E+00   0.00000E+00   0.00000E+00   2.77274E-02   2.93950E-01   9.81411E-01   8.38835E-02   6.16889E-02   9.42891E-03   4.04620E-02   8.37826E-02   4.59277E-02   6.74242E-02   4.81349E-02   1.07242E-01   6.67174E-02   1.17161E+04   1.05730E+04   8.44861E+03
 1.60000E+01   3.20000E+00   2.50000E+00   0.00000E+00   0.00000E+00   0.00000E+00   3.05717E-02   2.98380E-01   9.26364E-01   1.00817E-01   7.84443E-02   1.00696E-02   4.72500E-02   8.92239E-02   4.74671E-02   7.17151E-02   5.44085E-02   1.19036E-01   7.53795E-02   1.10999E+04   1.00377E+04   8.53198E+03
 1.60000E+01   3.20000E+00   2.60000E+00   0.00000E+00   0.00000E+00   0.00000E+00   3.35372E-02   3.03636E-01   8.99166E-01   1.08886E-01   8.54839E-02   1.07139E-02   5.36573E-02   9.51039E-02   4.91322E-02   7.58208E-02   5.99226E-02   1.30429E-01   8.16274E-02   1.10464E+04   1.02487E+04   9.32499E+03
 1.60000E+01   3.20000E+00   2.70000E+00   0.00000E+00   0.00000E+00   0.00000E+00   3.66227E-02   3.09566E-01   8.92522E-01   1.20888E-01   8.52690E-02   1.13610E-02   6.09715E-02   1.01808E-01   5.09039E-02   7.96399E-02   6.48558E-02   1.41418E-01   8.77085E-02   1.17139E+04   1.07934E+04   1.00462E+04
 1.60000E+01   3.20000E+00   2.80000E+00   0.00000E+00   0.00000E+00   0.00000E+00   3.98260E-02   3.16004E-01   8.94241E-01   1.33367E-01   9.20414E-02   1.20113E-02   7.95112E-02   1.15647E-01   5.27798E-02   8.14174E-02   6.93865E-02   1.50760E-01   9.60652E-02   1.09625E+04   1.09663E+04   9.61982E+03
 1.60000E+01   3.20000E+00   2.90000E+00   0.00000E+00   0.00000E+00   0.00000E+00   4.31462E-02   3.22831E-01   8.99665E-01   1.44501E-01   9.90228E-02   1.26600E-02   9.26357E-02   1.27805E-01   5.47639E-02   8.17938E-02   7.27421E-02   1.58071E-01   1.03134E-01   1.00107E+04   1.13387E+04   1.10264E+04
 1.60000E+01   3.20000E+00   3.00000E+00   0.00000E+00   0.00000E+00   0.00000E+00   4.65836E-02   3.30013E-01   9.09677E-01   1.53019E-01   1.03692E-01   1.33062E-02   1.03060E-01   1.38873E-01   5.68569E-02   8.23191E-02   6.91804E-02   1.67215E-01   1.09040E-01   1.00885E+04   1.11504E+04   1.11625E+04
 1.60000E+01   3.20000E+00   3.10000E+00   0.00000E+00   0.00000E+00   0.00000E+00   5.01392E-02   3.37604E-01   9.23477E-01   1.61268E-01   1.08087E-01   1.39635E-02   1.07859E-01   1.46577E-01   5.90461E-02   8.29852E-02   6.62785E-02   1.78589E-01   1.14340E-01   9.28972E+03   9.94735E+03   1.03023E+04
 1.60000E+01   3.20000E+00   3.20000E+00   0.00000E+00   0.00000E+00   0.00000E+00   5.38141E-02   3.45651E-01   9.38206E-01   1.68955E-01   1.12081E-01   1.46338E-02   1.10596E-01   1.51368E-01   6.04493E-02   8.37883E-02   6.96393E-02   1.87797E-01   1.18911E-01   8.67205E+03   9.68020E+03   1.02365E+04
 1.60000E+01   3.20000E+00   3.30000E+00   0.00000E+00   0.00000E+00   0.00000E+00   5.76091E-02   3.54215E-01   9.51897E-01   1.75387E-01   1.14849E-01   1.53175E-02   1.12386E-01   1.55259E-01   6.14518E-02   8.45438E-02   7.28999E-02   1.96675E-01   1.22856E-01   9.77276E+03   9.96436E+03   9.89810E+03
 1.60000E+01   3.20000E+00   3.40000E+00   0.00000E+00   0.00000E+00   0.00000E+00   6.15249E-02   3.63350E-01   9.64620E-01   1.82419E-01   1.18139E-01   1.60135E-02   1.15342E-01   1.60277E-01   6.25635E-02   8.51696E-02   7.56373E-02   2.04873E-01   1.27080E-01   1.02262E+04   9.86168E+03   9.53774E+03
 1.60000E+01   3.20000E+00   3.50000E+00   0.00000E+00   0.00000E+00   0.00000E+00   6.55622E-02   3.73082E-01   9.78462E-01   1.90006E-01   1.21834E-01   1.67206E-02   1.17027E-01   1.64014E-01   6.37471E-02   8.58832E-02   7.77965E-02   2.12892E-01   1.31079E-01   9.10624E+03   9.29057E+03   9.00158E+03
 1.60000E+01   3.20000E+00   3.60000E+00   0.00000E+00   0.00000E+00   0.00000E+00   6.97214E-02   3.83425E-01   9.94999E-01   1.96997E-01   1.25429E-01   1.71339E-02   1.19176E-01   1.68388E-01   6.50299E-02   8.66564E-02   7.78402E-02   2.19779E-01   1.34780E-01   5.91203E+03   6.34407E+03   6.04697E+03
 1.60000E+01   3.20000E+00   3.70000E+00   0.00000E+00   0.00000E+00   0.00000E+00   7.40025E-02   3.94360E-01   1.01164E+00   2.02306E-01   1.28071E-01   1.74040E-02   1.22358E-01   1.73878E-01   6.64181E-02   8.75191E-02   7.81670E-02   2.27368E-01   1.38530E-01   8.10866E+03   7.91981E+03   6.27697E+03
 1.60000E+01   3.20000E+00   3.80000E+00   0.00000E+00   0.00000E+00   0.00000E+00   7.84050E-02   4.05863E-01   1.02611E+00   2.08733E-01   1.21458E-01   1.74613E-02   1.26200E-01   1.80238E-01   6.79050E-02   8.84653E-02   7.87461E-02   2.35638E-01   1.41893E-01   5.13811E+03   4.87006E+03   5.31261E+03
 1.60000E+01   3.20000E+00   3.90000E+00   0.00000E+00   0.00000E+00   0.00000E+00   8.29274E-02   4.17899E-01   1.03930E+00   2.18083E-01   1.23990E-01   1.67821E-02   1.30425E-01   1.87797E-01   6.94811E-02   8.94875E-02   7.95485E-02   2.44602E-01   1.47002E-01   5.02475E+04   9.60101E+03   9.83437E+03
 1.60000E+01   3.20000E+00   4.00000E+00   0.00000E+00   0.00000E+00   0.00000E+00   8.75672E-02   4.30446E-01   1.05134E+00   2.21105E-01   1.23832E-01   1.57926E-02   1.34815E-01   1.96467E-01   7.11386E-02   9.05758E-02   8.05435E-02   2.54227E-01   1.51154E-01   2.73720E+04   2.17039E+04   6.28087E+03
 1.60000E+01   3.20000E+00   4.10000E+00   0.00000E+00   0.00000E+00   0.00000E+00   9.23210E-02   4.43498E-01   1.06325E+00   2.24780E-01   1.22597E-01   1.54006E-02   1.36803E-01   2.02147E-01   7.23149E-02   9.17220E-02   8.16987E-02   2.64447E-01   1.54783E-01   3.56219E+03   3.56882E+03   3.56274E+03
 1.60000E+01   3.20000E+00   4.20000E+00   0.00000E+00   0.00000E+00   0.00000E+00   9.71851E-02   4.57050E-01   1.07641E+00   2.29875E-01   1.23298E-01   1.54076E-02   1.37651E-01   2.05753E-01   7.35379E-02   9.29124E-02   8.28660E-02   2.73545E-01   1.58219E-01   3.93918E+03   2.66603E+03   2.66351E+03
 1.60000E+01   3.20000E+00   4.30000E+00   0.00000E+00   0.00000E+00   0.00000E+00   1.02155E-01   4.71076E-01   1.09190E+00   2.35897E-01   1.25142E-01   1.57095E-02   1.38543E-01   2.08720E-01   7.49076E-02   8.76621E-02   8.42297E-02   2.83077E-01   1.61533E-01   1.71021E+03   1.71525E+03   2.39406E+03
 1.60000E+01   3.20000E+00   4.40000E+00   0.00000E+00   0.00000E+00   0.00000E+00   1.07226E-01   4.85534E-01   1.11021E+00   2.42332E-01   1.27472E-01   1.62427E-02   1.40067E-01   2.12606E-01   7.62418E-02   8.46937E-02   8.57549E-02   2.92359E-01   1.65285E-01   2.91637E+03   2.38990E+03   2.91557E+03
 1.60000E+01   3.20000E+00   4.50000E+00   0.00000E+00   0.00000E+00   0.00000E+00   1.12393E-01   5.00367E-01   1.13152E+00   2.49109E-01   1.29967E-01   1.69665E-02   1.42162E-01   2.13730E-01   8.28537E-02   8.55608E-02   8.74102E-02   3.01513E-01   1.69267E-01   1.24532E+03   2.07990E+03   2.91407E+03
 1.60000E+01   3.20000E+00   4.60000E+00   0.00000E+00   0.00000E+00   0.00000E+00   1.17650E-01   5.15512E-01   1.15541E+00   2.51588E-01   1.31474E-01   1.77689E-02   1.43414E-01   2.17969E-01   8.53147E-02   8.69639E-02   8.89932E-02   3.09911E-01   1.72492E-01   2.39515E+03   2.91852E+03   3.35846E+03
 1.60000E+01   3.20000E+00   4.70000E+00   0.00000E+00   0.00000E+00   0.00000E+00   1.22992E-01   5.30900E-01   1.18115E+00   2.51831E-01   1.30936E-01   1.86725E-02   1.43609E-01   2.20330E-01   9.10535E-02   8.78383E-02   8.38468E-02   3.16387E-01   1.74234E-01   2.41192E+03   2.39211E+03   2.91862E+03
 1.60000E+01   3.20000E+00   4.80000E+00   0.00000E+00   0.00000E+00   0.00000E+00   1.28411E-01   5.46469E-01   1.20808E+00   2.52613E-01   1.30280E-01   1.96766E-02   1.43616E-01   2.21928E-01   9.21152E-02   8.84794E-02   8.62366E-02   3.19152E-01   1.75328E-01   1.70675E+03   1.70766E+03   3.14626E+03
 1.60000E+01   3.20000E+00   4.90000E+00   0.00000E+00   0.00000E+00   0.00000E+00   1.33903E-01   5.62159E-01   1.23591E+00   2.54060E-01   1.29841E-01   2.07613E-02   1.43689E-01   2.24145E-01   9.29071E-02   8.84504E-02   8.08868E-02   3.23074E-01   1.76414E-01   2.97356E+02   3.08015E+02   2.66127E+03
 1.60000E+01   3.20000E+00   5.00000E+00   0.00000E+00   0.00000E+00   0.00000E+00   1.39461E-01   5.77913E-01   1.26430E+00   2.56115E-01   1.29568E-01   2.19113E-02   1.43855E-01   2.27100E-01   9.37334E-02   8.83119E-02   8.03391E-02   3.22375E-01   1.77042E-01   2.78483E+02   2.80249E+02   2.69698E+02
 3.20000E+01   6.40000E+00   5.00000E-01   0.00000E+00   0.00000E+00   0.00000E+00   1.02518E-03   2.15275E-01   2.09284E+00   1.26879E-01   6.88161E-02   1.77321E-02   6.53452E-02   1.06190E-01   4.24102E-02   3.95660E-02   4.82005E-02   1.46419E-01   8.42092E-02   4.47887E+01   3.92859E+01   4.50185E+01
 3.20000E+01   6.40000E+00   6.00000E-01   0.00000E+00   0.00000E+00   0.00000E+00   1.02527E-03   2.15302E-01   2.06993E+00   1.26879E-01   5.46741E-02   1.34535E-02   5.75524E-02   1.06190E-01   3.83159E-02   3.65417E-02   4.11196E-02   1.44936E-01   8.12116E-02   7.81117E+02   7.64937E+02   8.49719E+02
 3.20000E+01   6.40000E+00   7.00000E-01   0.00000E+00   0.00000E+00   0.00000E+00   1.02778E-03   2.16533E-01   1.96554E+00   1.23606E-01   4.85218E-02   1.34448E-02   5.25696E-02   9.86262E-02   2.98454E-02   3.02681E-02   2.75359E-02   1.43173E-01   7.70050E-02   7.54821E+04   7.40191E+04   7.55700E+04
 3.20000E+01   6.40000E+00   8.00000E-01   0.00000E+00   0.00000E+00   0.00000E+00   1.02977E-03   2.19691E-01   1.75813E+00   9.78436E-02   3.60652E-02   1.12207E-02   3.94997E-02   8.19004E-02   2.28708E-02   2.68923E-02   1.78162E-02   1.16271E-01   6.17796E-02   2.58383E+04   2.58281E+04   2.82447E+04
 3.20000E+01   6.40000E+00   9.00000E-01   0.00000E+00   0.00000E+00   0.00000E+00   1.01414E-03   2.21803E-01   1.52230E+00   6.38642E-02   1.99033E-02   7.24916E-03   2.43846E-02   6.95054E-02   1.62346E-02   1.38899E-02   9.91780E-03   8.78208E-02   4.49942E-02   4.56448E+04   4.04015E+04   4.17095E+04
 3.20000E+01   6.40000E+00   1.00000E+00   0.00000E+00   0.00000E+00   0.00000E+00   9.64305E-04   2.21202E-01   1.29785E+00   3.26637E-02   1.01149E-02   5.24034E-03   1.85793E-02   4.18926E-02   1.31984E-02   1.14625E-02   8.76679E-03   5.92132E-02   2.82558E-02   2.27051E+04   2.27052E+04   2.27052E+04
 3.20000E+01   6.40000E+00   1.10000E+00   0.00000E+00   0.00000E+00   0.00000E+00   8.79666E-04   2.16812E-01   1.25555E+00   2.42539E-02   8.58383E-03   2.70546E-03   1.47463E-02   3.13235E-02   7.85281E-03   7.50549E-03   5.15413E-03   3.27648E-02   1.85171E-02   4.54047E+04   4.19635E+04   4.42065E+04
 3.20000E+01   6.40000E+00   1.20000E+00   0.00000E+00   0.00000E+00   0.00000E+00   8.05277E-04   2.07795E-01   1.27838E+00   1.85932E-02   7.61184E-03   1.95437E-03   1.43688E-02   1.73204E-02   5.35507E-03   5.95942E-03   4.47959E-03   1.89534E-02   1.22810E-02   1.79561E+04   4.32240E+04   4.46896E+04
 3.20000E+01   6.40000E+00   1.30000E+00   0.00000E+00   0.00000E+00   0.00000E+00   8.31439E-04   1.95456E-01   1.26889E+00   1.39596E-02   7.43025E-03   1.49829E-03   1.40764E-02   1.67839E-02   4.37733E-03   5.00050E-03   4.08742E-03   7.51341E-03   9.71536E-03   6.14510E+02   6.31336E+02   1.14303E+04
 3.20000E+01   6.40000E+00   1.40000E+00   0.00000E+00   0.00000E+00   0.00000E+00   1.00482E-03   1.81591E-01   1.23472E+00   1.39679E-02   7.43556E-03   1.47462E-03   1.41159E-02   1.65648E-02   3.94564E-03   4.53734E-03   4.02023E-03   5.97545E-03   9.51163E-03   1.21059E+01   1.94047E+01   1.39532E+01
 3.20000E+01   6.40000E+00   1.50000E+00   0.00000E+00   0.00000E+00   0.00000E+00   1.28638E-03   1.67231E-01   1.26962E+00   1.41918E-02   7.63354E-03   1.60175E-03   1.45492E-02   1.66484E-02   3.77567E-03   4.63680E-03   4.14416E-03   6.23335E-03   9.67745E-03   7.17918E+04   7.41476E+04   7.41471E+04
 3.20000E+01   6.40000E+00   1.60000E+00   0.00000E+00   0.00000E+00   0.00000E+00   1.62431E-03   1.52828E-01   1.35317E+00   1.46764E-02   8.05360E-03   1.76172E-03   1.52712E-02   1.71295E-02   3.79290E-03   5.18331E-03   4.47415E-03   7.06236E-03   1.01168E-02   1.31740E+03   1.34934E+03   7.09569E+02
 3.20000E+01   6.40000E+00   1.70000E+00   0.00000E+00   0.00000E+00   0.00000E+00   1.98740E-03   1.39392E-01   1.35781E+00   1.54681E-02   8.69516E-03   1.95667E-03   1.60578E-02   1.78075E-02   3.98733E-03   5.96016E-03   7.26543E-03   9.67941E-03   1.10129E-02   6.74717E+04   7.53018E+04   7.53018E+04
 3.20000E+01   6.40000E+00   1.80000E+00   0.00000E+00   0.00000E+00   0.00000E+00   2.36224E-03   1.27565E-01   1.26350E+00   1.65345E-02   9.51981E-03   2.17887E-03   1.68734E-02   1.86570E-02   4.31416E-03   6.81345E-03   9.18311E-03   1.20672E-02   1.20025E-02   6.68318E+04   7.41523E+04   7.41523E+04
 3.20000E+01   6.40000E+00   1.90000E+00   0.00000E+00   0.00000E+00   0.00000E+00   2.74595E-03   1.17816E-01   1.16945E+00   1.74489E-02   1.04898E-02   2.43664E-03   1.78507E-02   1.98527E-02   4.72332E-03   7.69776E-03   1.08804E-02   1.47759E-02   1.31297E-02   7.17893E+04   8.10698E+04   8.34197E+04
 3.20000E+01   6.40000E+00   2.00000E+00   0.00000E+00   0.00000E+00   0.00000E+00   3.13959E-03   1.10428E-01   1.04587E+00   1.97163E-02   1.15936E-02   2.84910E-03   1.90088E-02   2.14028E-02   5.18338E-03   8.70095E-03   1.25131E-02   1.77193E-02   1.46204E-02   6.68318E+04   7.41523E+04   7.41525E+04
 3.20000E+01   6.40000E+00   2.10000E+00   0.00000E+00   0.00000E+00   0.00000E+00   3.54473E-03   1.05343E-01   9.51163E-01   2.21031E-02   1.28279E-02   3.37140E-03   1.99427E-02   2.30435E-02   5.67447E-03   9.81406E-03   1.41312E-02   2.07014E-02   1.61587E-02   6.68330E+04   7.52996E+04   7.64340E+04
 3.20000E+01   6.40000E+00   2.20000E+00   0.00000E+00   0.00000E+00   0.00000E+00   3.96323E-03   1.02033E-01   8.75802E-01   2.41711E-02   1.41858E-02   3.96362E-03   2.08722E-02   2.48073E-02   6.19637E-03   1.10256E-02   1.57730E-02   2.36763E-02   1.77061E-02   6.68318E+04   7.41523E+04   7.41523E+04
 3.20000E+01   6.40000E+00   2.30000E+00   0.00000E+00   0.00000E+00   0.00000E+00   4.39786E-03   9.96408E-02   8.16984E-01   2.62889E-02   1.56644E-02   4.60367E-03   2.19572E-02   2.68274E-02   6.75354E-03   1.23271E-02   1.74458E-02   2.66634E-02   1.93573E-02   6.68355E+04   7.41523E+04   7.41523E+04
 3.20000E+01   6.40000E+00   2.40000E+00   0.00000E+00   0.00000E+00   0.00000E+00   4.85192E-03   9.75197E-02   7.68485E-01   2.86048E-02   1.72445E-02   5.28168E-03   2.31865E-02   2.90890E-02   7.34660E-03   1.36723E-02   1.91373E-02   2.96608E-02   2.11192E-02   6.68318E+04   7.41523E+04   7.41523E+04
 3.20000E+01   6.40000E+00   2.50000E+00   0.00000E+00   0.00000E+00   0.00000E+00   5.32857E-03   9.53313E-02   7.24746E-01   3.11406E-02   1.88808E-02   5.99192E-03   2.45736E-02   3.17543E-02   9.20702E-03   1.46441E-02   2.08340E-02   3.24246E-02   2.29951E-02   4.90442E+04   4.90427E+04   5.24288E+04
 3.20000E+01   6.40000E+00   2.60000E+00   0.00000E+00   0.00000E+00   0.00000E+00   5.83013E-03   9.29856E-02   6.80595E-01   3.40537E-02   2.06831E-02   6.72732E-03   2.60937E-02   3.47200E-02   1.07741E-02   1.56066E-02   2.25378E-02   3.52471E-02   2.50089E-02   1.54532E+01   1.61953E+01   2.11490E+01
 3.20000E+01   6.40000E+00   2.70000E+00   0.00000E+00   0.00000E+00   0.00000E+00   6.35732E-03   9.05824E-02   6.35541E-01   3.72116E-02   2.25805E-02   7.47897E-03   2.77192E-02   3.78306E-02   1.22252E-02   1.66367E-02   2.42267E-02   3.81522E-02   2.71186E-02   9.20882E+02   9.08149E+02   7.09803E+02
 3.20000E+01   6.40000E+00   2.80000E+00   0.00000E+00   0.00000E+00   0.00000E+00   6.90925E-03   8.83019E-02   5.92106E-01   4.04012E-02   2.45296E-02   8.23642E-03   2.90806E-02   4.54650E-02   2.46026E-02   1.77124E-02   2.56975E-02   4.10434E-02   3.06929E-02   4.54047E+04   4.14486E+04   4.72587E+04
 3.20000E+01   6.40000E+00   2.90000E+00   0.00000E+00   0.00000E+00   0.00000E+00   7.48412E-03   8.62384E-02   5.53578E-01   4.35977E-02   2.64998E-02   8.99237E-03   3.03793E-02   4.87400E-02   2.65575E-02   1.88224E-02   2.71969E-02   4.40323E-02   3.28641E-02   2.26415E+01   1.76973E+01   2.51187E+01
 3.20000E+01   6.40000E+00   3.00000E+00   0.00000E+00   0.00000E+00   0.00000E+00   8.08019E-03   8.44225E-02   5.21239E-01   4.53188E-02   2.79971E-02   9.74298E-03   3.18036E-02   5.18511E-02   2.80363E-02   1.99467E-02   2.81100E-02   4.66660E-02   3.46159E-02   1.87544E+01   1.82540E+01   2.65491E+01
 3.20000E+01   6.40000E+00   3.10000E+00   0.00000E+00   0.00000E+00   0.00000E+00   8.69631E-03   8.28454E-02   4.94202E-01   4.78493E-02   2.91362E-02   1.04883E-02   3.33328E-02   5.46854E-02   2.88716E-02   2.10882E-02   2.89388E-02   4.93194E-02   3.63596E-02   2.40262E+02   1.88173E+01      Infinity
 3.20000E+01   6.40000E+00   3.20000E+00   0.00000E+00   0.00000E+00   0.00000E+00   9.33198E-03   8.15259E-02   4.69441E-01   5.03244E-02   2.99796E-02   1.12276E-02   3.49558E-02   5.76922E-02   2.98132E-02   2.22458E-02   2.98517E-02   5.21172E-02   3.81499E-02   9.51469E+02   4.14124E+02   2.96444E+01
 3.20000E+01   6.40000E+00   3.30000E+00   0.00000E+00   0.00000E+00   0.00000E+00   9.98722E-03   8.05196E-02   4.46122E-01   5.29471E-02   3.09676E-02   1.19590E-02   3.66228E-02   6.08181E-02   3.08381E-02   2.34167E-02   3.08408E-02   5.50531E-02   4.00372E-02   7.17308E+02      Infinity   3.13252E+01
 3.20000E+01   6.40000E+00   3.40000E+00   0.00000E+00   0.00000E+00   0.00000E+00   1.06622E-02   7.98795E-02   4.24306E-01   5.57107E-02   3.20944E-02   1.26809E-02   3.79364E-02   6.37054E-02   3.19256E-02   2.44629E-02   3.18713E-02   5.79802E-02   4.18825E-02   5.31899E+02   4.64937E+03   3.45170E+01
 3.20000E+01   6.40000E+00   3.50000E+00   0.00000E+00   0.00000E+00   0.00000E+00   1.13573E-02   7.96043E-02   4.03514E-01   5.82208E-02   3.29937E-02   1.33904E-02   3.98530E-02   6.68973E-02   3.30353E-02   2.54713E-02   3.29387E-02   6.08995E-02   4.37859E-02   2.49914E+01   2.82560E+01   3.57973E+01
 3.20000E+01   6.40000E+00   3.60000E+00   0.00000E+00   0.00000E+00   0.00000E+00   1.20724E-02   7.96394E-02   3.84829E-01   6.08257E-02   3.39889E-02   1.40899E-02   4.31037E-02   7.08182E-02   3.41753E-02   2.70316E-02   3.40499E-02   6.23689E-02   4.57950E-02   2.40339E+01   2.20446E+01   3.34715E+01
 3.20000E+01   6.40000E+00   3.70000E+00   0.00000E+00   0.00000E+00   0.00000E+00   1.28076E-02   7.99478E-02   3.68466E-01   6.33792E-02   3.51873E-02   1.47799E-02   4.63201E-02   7.44641E-02   3.53744E-02   2.78541E-02   3.52027E-02   6.49248E-02   4.78953E-02   4.64994E+03   2.28141E+01   3.43877E+01
 3.20000E+01   6.40000E+00   3.80000E+00   0.00000E+00   0.00000E+00   0.00000E+00   1.35623E-02   8.05162E-02   3.54189E-01   6.62691E-02   3.66894E-02   1.54603E-02   4.92130E-02   7.80304E-02   3.73338E-02   2.85701E-02   3.63963E-02   6.75839E-02   5.00996E-02   2.34332E+03   8.58767E+03   4.87858E+02
 3.20000E+01   6.40000E+00   3.90000E+00   0.00000E+00   0.00000E+00   0.00000E+00   1.43363E-02   8.13320E-02   3.42417E-01   6.92945E-02   3.82749E-02   1.61314E-02   5.05170E-02   8.03749E-02   3.85571E-02   2.93297E-02   3.84371E-02   7.00328E-02   5.19272E-02   6.85793E+02   2.37739E+01   3.55380E+01
 3.20000E+01   6.40000E+00   4.00000E+00   0.00000E+00   0.00000E+00   0.00000E+00   1.51289E-02   8.23756E-02   3.32593E-01   7.22875E-02   3.99013E-02   1.67991E-02   5.20927E-02   8.28964E-02   3.97228E-02   2.98760E-02   4.06107E-02   7.39355E-02   5.40282E-02   2.80366E+01   3.17957E+01   3.77794E+01
 3.20000E+01   6.40000E+00   4.10000E+00   0.00000E+00   0.00000E+00   0.00000E+00   1.59394E-02   8.36149E-02   3.24694E-01   7.78475E-02   4.45866E-02   1.74643E-02   5.37714E-02   8.53903E-02   4.07974E-02   3.08077E-02   4.39630E-02   7.87385E-02   5.70401E-02   3.01465E+01   2.56119E+01   3.71783E+01
 3.20000E+01   6.40000E+00   4.20000E+00   0.00000E+00   0.00000E+00   0.00000E+00   1.67669E-02   8.50223E-02   3.18872E-01   8.29251E-02   4.96960E-02   1.81260E-02   5.51262E-02   8.73502E-02   4.16877E-02   3.17960E-02   4.71478E-02   8.34144E-02   5.98828E-02   3.05771E+01   5.56902E+01   3.78597E+01
 3.20000E+01   6.40000E+00   4.30000E+00   0.00000E+00   0.00000E+00   0.00000E+00   1.76103E-02   8.65775E-02   3.15146E-01   8.64391E-02   5.28821E-02   1.87843E-02   5.66297E-02   8.94368E-02   4.26029E-02   3.28562E-02   5.01386E-02   8.79558E-02   6.23356E-02   6.44503E+03   6.90049E+01   3.86605E+01
 3.20000E+01   6.40000E+00   4.40000E+00   0.00000E+00   0.00000E+00   0.00000E+00   1.84686E-02   8.82562E-02   3.14171E-01   9.07103E-02   5.32817E-02   1.94393E-02   5.82729E-02   9.17156E-02   4.35598E-02   3.38492E-02   5.28450E-02   9.21774E-02   6.46230E-02   1.91231E+02   3.41476E+02   3.94622E+01
 3.20000E+01   6.40000E+00   4.50000E+00   0.00000E+00   0.00000E+00   0.00000E+00   1.93405E-02   9.00401E-02   3.16597E-01   9.60865E-02   5.69094E-02   2.00770E-02   6.00327E-02   9.41659E-02   4.45507E-02   3.47147E-02   5.53409E-02   9.60001E-02   6.73416E-02   2.06041E+02   1.06132E+02   5.17914E+01
 3.20000E+01   6.40000E+00   4.60000E+00   0.00000E+00   0.00000E+00   0.00000E+00   2.02246E-02   9.19198E-02   3.22440E-01   1.01048E-01   6.09310E-02   2.03325E-02   6.18862E-02   9.67672E-02   4.55695E-02   3.55894E-02   5.72918E-02   9.92712E-02   6.99291E-02   3.41165E+01   2.89270E+01   1.21911E+04
 3.20000E+01   6.40000E+00   4.70000E+00   0.00000E+00   0.00000E+00   0.00000E+00   2.11196E-02   9.38905E-02   3.31395E-01   1.05758E-01   6.49343E-02   2.05463E-02   6.37520E-02   9.94998E-02   4.66102E-02   3.64813E-02   5.76099E-02   1.04323E-01   7.26434E-02   3.50395E+01   2.97738E+01   2.08217E+05
 3.20000E+01   6.40000E+00   4.80000E+00   0.00000E+00   0.00000E+00   0.00000E+00   2.20240E-02   9.59490E-02   3.43287E-01   1.10030E-01   6.88214E-02   2.07765E-02   6.47192E-02   1.01782E-01   4.76224E-02   3.74039E-02   5.94811E-02   1.08359E-01   7.51069E-02   3.60363E+01   3.06423E+01   4.25176E+01
 3.20000E+01   6.40000E+00   4.90000E+00   0.00000E+00   0.00000E+00   0.00000E+00   2.29365E-02   9.80935E-02   3.57669E-01   1.12918E-01   7.10082E-02   2.09579E-02   6.56782E-02   1.03617E-01   4.82940E-02   3.83481E-02   6.13871E-02   1.12368E-01   7.70855E-02   4.26339E+01   3.16067E+01   1.06625E+02
 3.20000E+01   6.40000E+00   5.00000E+00   0.00000E+00   0.00000E+00   0.00000E+00   2.38555E-02   1.00321E-01   3.74191E-01   1.15945E-01   7.31058E-02   2.11005E-02   6.66676E-02   1.05178E-01   4.87406E-02   3.93033E-02   6.31582E-02   1.16269E-01   7.89991E-02   4.31241E+01   3.95656E+01   4.40677E+01
 6.40000E+01   1.28000E+01   5.00000E-01   0.00000E+00   0.00000E+00   0.00000E+00   1.84484E-04   6.95360E-02   1.48224E+00   8.96969E-02   4.75115E-02   1.63336E-02   4.49706E-02   8.33839E-02   2.90237E-02   2.90949E-02   3.21040E-02   1.05005E-01   6.08190E-02   7.63026E+01   6.91017E+01   1.07871E+02
 6.40000E+01   1.28000E+01   6.00000E-01   0.00000E+00   0.00000E+00   0.00000E+00   1.84779E-04   6.91609E-02   1.46208E+00   8.90138E-02   4.27124E-02   1.63336E-02   4.21790E-02   8.23458E-02   2.72835E-02   2.61539E-02   2.97763E-02   1.04459E-01   5.94430E-02   1.66059E+02   1.48804E+02   1.59883E+02
 6.40000E+01   1.28000E+01   7.00000E-01   0.00000E+00   0.00000E+00   0.00000E+00   1.85408E-04   6.93197E-02   1.39033E+00   8.54738E-02   2.96677E-02   1.31855E-02   3.06939E-02   7.80603E-02   2.42803E-02   2.17940E-02   2.48008E-02   1.03622E-01   5.55902E-02   4.15356E+03   3.76536E+03   3.83892E+03
 6.40000E+01   1.28000E+01   8.00000E-01   0.00000E+00   0.00000E+00   0.00000E+00   1.86746E-04   6.94972E-02   1.25893E+00   6.98337E-02   2.13159E-02   9.44553E-03   2.16349E-02   6.06372E-02   1.90631E-02   1.55129E-02   1.78107E-02   8.42562E-02   4.42036E-02   8.94448E+04   6.03091E+04   5.04634E+04
 6.40000E+01   1.28000E+01   9.00000E-01   0.00000E+00   0.00000E+00   0.00000E+00   1.85996E-04   6.88756E-02   1.05749E+00   5.26032E-02   1.25960E-02   7.94982E-03   1.36049E-02   4.54222E-02   1.10106E-02   9.18724E-03   9.16638E-03   5.93999E-02   3.17197E-02   4.53052E+03   4.51521E+03   4.59470E+03
 6.40000E+01   1.28000E+01   1.00000E+00   0.00000E+00   0.00000E+00   0.00000E+00   1.78176E-04   6.79366E-02   9.41682E-01   3.28898E-02   7.34689E-03   5.11062E-03   7.40454E-03   2.87545E-02   7.30689E-03   5.57447E-03   7.19813E-03   3.81296E-02   2.00932E-02   1.57062E+03   1.06280E+03   1.11380E+03
 6.40000E+01   1.28000E+01   1.10000E+00   0.00000E+00   0.00000E+00   0.00000E+00   1.61408E-04   6.66555E-02   8.81402E-01   2.07403E-02   4.08567E-03   3.22175E-03   3.96755E-03   1.31974E-02   5.52243E-03   3.79013E-03   4.88713E-03   2.07015E-02   1.12766E-02   2.57559E+05   1.57831E+03   1.55101E+03
 6.40000E+01   1.28000E+01   1.20000E+00   0.00000E+00   0.00000E+00   0.00000E+00   1.39339E-04   6.49118E-02   8.33761E-01   7.23166E-03   2.73019E-03   1.66244E-03   2.41422E-03   7.73798E-03   4.11301E-03   2.65555E-03   4.13104E-03   1.32051E-02   6.17907E-03   1.61857E+03   8.65914E+02   5.72080E+04
 6.40000E+01   1.28000E+01   1.30000E+00   0.00000E+00   0.00000E+00   0.00000E+00   1.24797E-04   6.26576E-02   8.02778E-01   4.81450E-03   2.31314E-03   9.00016E-04   2.24240E-03   4.59901E-03   3.39522E-03   2.51722E-03   3.99082E-03   6.02950E-03   3.73668E-03   1.64040E+05   1.65135E+05   1.29327E+05
 6.40000E+01   1.28000E+01   1.40000E+00   0.00000E+00   0.00000E+00   0.00000E+00   1.36303E-04   6.00298E-02   8.41606E-01   5.46888E-03   2.15575E-03   7.41840E-04   2.15318E-03   4.01670E-03   2.79293E-03   2.53131E-03   4.02122E-03   4.95114E-03   3.50822E-03   2.64216E+05   2.64216E+05   2.64216E+05
 6.40000E+01   1.28000E+01   1.50000E+00   0.00000E+00   0.00000E+00   0.00000E+00   1.76727E-04   5.70699E-02   9.11683E-01   6.17260E-03   2.06498E-03   7.16450E-04   2.12922E-03   3.49765E-03   2.20452E-03   2.61294E-03   4.16196E-03   5.10926E-03   3.57086E-03   1.65314E+01   1.54830E+01   2.14768E+01
 6.40000E+01   1.28000E+01   1.60000E+00   0.00000E+00   0.00000E+00   0.00000E+00   2.34643E-04   5.36667E-02   9.76665E-01   6.77000E-03   2.06233E-03   7.39158E-04   2.15754E-03   3.26925E-03   1.83942E-03   2.73929E-03   4.42997E-03   5.45832E-03   3.74582E-03   1.58096E+01   1.50561E+01   1.98807E+01
 6.40000E+01   1.28000E+01   1.70000E+00   0.00000E+00   0.00000E+00   0.00000E+00   3.01532E-04   5.00356E-02   9.95843E-01   7.50937E-03   2.15553E-03   8.09434E-04   2.23460E-03   3.41679E-03   1.82384E-03   2.90363E-03   4.88542E-03   6.03980E-03   4.08879E-03   1.58214E+01   1.46370E+01   2.00457E+01
 6.40000E+01   1.28000E+01   1.80000E+00   0.00000E+00   0.00000E+00   0.00000E+00   3.73093E-04   4.63489E-02   9.48429E-01   8.40463E-03   2.33136E-03   9.17293E-04   2.35490E-03   3.85426E-03   2.08144E-03   4.15053E-03   5.63853E-03   7.43619E-03   4.78382E-03   1.57572E+01   1.41856E+01   2.03216E+01
 6.40000E+01   1.28000E+01   1.90000E+00   0.00000E+00   0.00000E+00   0.00000E+00   4.47262E-04   4.28148E-02   8.36570E-01   9.30928E-03   2.57421E-03   1.04912E-03   2.51920E-03   4.46792E-03   2.47706E-03   4.66580E-03   6.57894E-03   8.59813E-03   5.43461E-03   1.55497E+01   1.36524E+01   2.08237E+01
 6.40000E+01   1.28000E+01   2.00000E+00   0.00000E+00   0.00000E+00   0.00000E+00   5.23095E-04   3.97301E-02   7.32119E-01   1.01485E-02   2.86805E-03   1.19608E-03   2.72151E-03   5.18382E-03   2.93701E-03   5.12169E-03   7.46536E-03   9.69363E-03   6.06888E-03   1.52316E+01   1.30914E+01   1.98330E+03
 6.40000E+01   1.28000E+01   2.10000E+00   0.00000E+00   0.00000E+00   0.00000E+00   6.00075E-04   3.72468E-02   6.41674E-01   1.09738E-02   3.20825E-03   1.35469E-03   3.58091E-03   6.30186E-03   3.44031E-03   5.55140E-03   8.27283E-03   1.07191E-02   6.75838E-03   1.48780E+01   1.25530E+01   2.17811E+01
 6.40000E+01   1.28000E+01   2.20000E+00   0.00000E+00   0.00000E+00   0.00000E+00   6.78024E-04   3.53462E-02   5.80415E-01   1.17447E-02   3.58441E-03   1.52431E-03   5.83322E-03   8.37530E-03   3.98523E-03   5.96318E-03   9.02627E-03   1.16972E-02   7.65232E-03   1.45530E+01   1.20840E+01   2.22574E+01
 6.40000E+01   1.28000E+01   2.30000E+00   0.00000E+00   0.00000E+00   0.00000E+00   7.57329E-04   3.38809E-02   5.39669E-01   1.24951E-02   3.95988E-03   1.70452E-03   7.68353E-03   1.02012E-02   4.34741E-03   6.37666E-03   9.74924E-03   1.26587E-02   8.51577E-03   1.42971E+01   1.17117E+01   2.27283E+01
 6.40000E+01   1.28000E+01   2.40000E+00   0.00000E+00   0.00000E+00   0.00000E+00   8.38898E-04   3.27008E-02   5.11294E-01   1.32831E-02   4.35423E-03   1.89455E-03   9.28893E-03   1.18304E-02   4.60352E-03   6.79392E-03   1.04104E-02   1.35789E-02   9.34134E-03   1.41412E+01   1.14532E+01   2.32133E+01
 6.40000E+01   1.28000E+01   2.50000E+00   0.00000E+00   0.00000E+00   0.00000E+00   9.23824E-04   3.16734E-02   4.86347E-01   1.38604E-02   4.73152E-03   2.09325E-03   1.07232E-02   1.33866E-02   4.92609E-03   7.21550E-03   1.09653E-02   1.44281E-02   1.00985E-02   1.41074E+01   1.13283E+01   2.37443E+01
 6.40000E+01   1.28000E+01   2.60000E+00   0.00000E+00   0.00000E+00   0.00000E+00   1.01296E-03   3.07040E-02   4.60101E-01   1.44989E-02   5.14169E-03   2.29907E-03   1.20313E-02   1.48926E-02   5.32378E-03   7.88499E-03   1.15320E-02   1.53769E-02   1.08956E-02   1.42309E+01   1.13351E+01   2.42386E+01
 6.40000E+01   1.28000E+01   2.70000E+00   0.00000E+00   0.00000E+00   0.00000E+00   1.10671E-03   2.97760E-02   4.30043E-01   1.51715E-02   5.55050E-03   2.50503E-03   1.32281E-02   1.63444E-02   5.78006E-03   8.42241E-03   1.20818E-02   1.62507E-02   1.16609E-02   1.45079E+01   1.14488E+01   2.47833E+01
 6.40000E+01   1.28000E+01   2.80000E+00   0.00000E+00   0.00000E+00   0.00000E+00   1.20498E-03   2.89023E-02   3.96804E-01   1.59003E-02   5.98880E-03   2.71984E-03   1.41692E-02   1.76154E-02   6.27832E-03   9.44799E-03   1.26441E-02   1.73933E-02   1.24643E-02   1.48994E+01   1.16386E+01   2.53392E+01
 6.40000E+01   1.28000E+01   2.90000E+00   0.00000E+00   0.00000E+00   0.00000E+00   1.30735E-03   2.81118E-02   3.63982E-01   1.66857E-02   6.46210E-03   2.94318E-03   1.43910E-02   1.83363E-02   6.80518E-03   1.03390E-02   1.32171E-02   1.85095E-02   1.30922E-02   1.53555E+01   1.18860E+01   2.59025E+01
 6.40000E+01   1.28000E+01   3.00000E+00   0.00000E+00   0.00000E+00   0.00000E+00   1.41330E-03   2.74278E-02   3.37157E-01   1.75253E-02   6.96686E-03   3.17457E-03   1.46847E-02   1.91496E-02   7.35068E-03   1.11956E-02   1.38011E-02   1.96395E-02   1.37584E-02   1.58437E+01   1.21900E+01   2.64747E+01
 6.40000E+01   1.28000E+01   3.10000E+00   0.00000E+00   0.00000E+00   0.00000E+00   1.52247E-03   2.68469E-02   3.18383E-01   1.84167E-02   7.50019E-03   3.41315E-03   1.50408E-02   2.00404E-02   7.90874E-03   1.20245E-02   1.43964E-02   2.07846E-02   1.44580E-02   1.63506E+01   1.25346E+01   2.70714E+01
 6.40000E+01   1.28000E+01   3.20000E+00   0.00000E+00   0.00000E+00   0.00000E+00   1.63474E-03   2.63739E-02   3.05161E-01   1.93569E-02   8.05996E-03   3.65803E-03   1.54165E-02   2.09636E-02   8.47550E-03   1.55047E-02   1.49988E-02   2.36085E-02   1.57224E-02   1.68733E+01   1.28674E+01   2.77078E+01
 6.40000E+01   1.28000E+01   3.30000E+00   0.00000E+00   0.00000E+00   0.00000E+00   1.75019E-03   2.60162E-02   2.93129E-01   2.03321E-02   8.64232E-03   3.90919E-03   1.58312E-02   2.19381E-02   9.04808E-03   1.65644E-02   1.53291E-02   2.47990E-02   1.64705E-02   1.74128E+01   1.32632E+01   2.84108E+01
 6.40000E+01   1.28000E+01   3.40000E+00   0.00000E+00   0.00000E+00   0.00000E+00   1.86897E-03   2.57747E-02   2.80668E-01   2.13513E-02   9.24924E-03   4.16684E-03   1.62830E-02   2.29575E-02   9.62356E-03   1.74931E-02   1.56232E-02   2.59022E-02   1.72066E-02   1.79762E+01   1.37127E+01   2.91858E+01
 6.40000E+01   1.28000E+01   3.50000E+00   0.00000E+00   0.00000E+00   0.00000E+00   1.99122E-03   2.56355E-02   2.67568E-01   2.24144E-02   9.88018E-03   4.43089E-03   1.67670E-02   2.40144E-02   1.02017E-02   1.81823E-02   1.59498E-02   2.68813E-02   1.79169E-02   1.85686E+01   1.42168E+01   3.00353E+01
 6.40000E+01   1.28000E+01   3.60000E+00   0.00000E+00   0.00000E+00   0.00000E+00   2.11702E-03   2.55753E-02   2.53878E-01   2.35921E-02   1.06911E-02   4.70133E-03   1.72844E-02   2.51094E-02   1.07810E-02   1.88697E-02   1.63418E-02   2.78792E-02   1.86751E-02   1.91910E+01   1.47828E+01   3.08326E+01
 6.40000E+01   1.28000E+01   3.70000E+00   0.00000E+00   0.00000E+00   0.00000E+00   2.24634E-03   2.55636E-02   2.40371E-01   2.60868E-02   1.24243E-02   5.01547E-03   1.78340E-02   2.62478E-02   1.13663E-02   1.95031E-02   1.69449E-02   2.89158E-02   1.97198E-02   1.99491E+01   1.54275E+01   3.14136E+01
 6.40000E+01   1.28000E+01   3.80000E+00   0.00000E+00   0.00000E+00   0.00000E+00   2.37911E-03   2.55689E-02   2.27896E-01   2.82614E-02   1.40343E-02   5.38942E-03   1.84125E-02   2.88964E-02   1.39974E-02   2.01490E-02   1.75762E-02   3.00456E-02   2.11143E-02   2.06156E+01   3.05912E+01   3.21806E+01
 6.40000E+01   1.28000E+01   3.90000E+00   0.00000E+00   0.00000E+00   0.00000E+00   2.51526E-03   2.55656E-02   2.16109E-01   3.04197E-02   1.55414E-02   5.74767E-03   1.90174E-02   3.07794E-02   1.57407E-02   2.06720E-02   1.81536E-02   3.10825E-02   2.23103E-02   2.12438E+01   1.71396E+01   3.30080E+01
 6.40000E+01   1.28000E+01   4.00000E+00   0.00000E+00   0.00000E+00   0.00000E+00   2.65472E-03   2.55356E-02   2.04341E-01   3.23851E-02   1.68870E-02   6.11729E-03   1.96476E-02   3.25823E-02   1.67203E-02   2.12006E-02   1.87328E-02   3.21481E-02   2.34105E-02   2.19536E+01   1.80544E+01   3.38713E+01
 6.40000E+01   1.28000E+01   4.10000E+00   0.00000E+00   0.00000E+00   0.00000E+00   2.79736E-03   2.54682E-02   1.92668E-01   3.42690E-02   1.80380E-02   6.49101E-03   2.02996E-02   3.43324E-02   1.76241E-02   2.17404E-02   1.93296E-02   3.32516E-02   2.44840E-02   2.27527E+01   1.90183E+01   3.47614E+01
 6.40000E+01   1.28000E+01   4.20000E+00   0.00000E+00   0.00000E+00   0.00000E+00   2.94296E-03   2.53574E-02   1.81683E-01   3.61272E-02   1.90889E-02   6.86311E-03   2.09682E-02   3.59810E-02   1.84423E-02   2.22913E-02   1.99422E-02   3.43944E-02   2.55357E-02   2.29904E+01   2.00011E+01   3.56708E+01
 6.40000E+01   1.28000E+01   4.30000E+00   0.00000E+00   0.00000E+00   0.00000E+00   3.09127E-03   2.51987E-02   1.72334E-01   3.75855E-02   1.95424E-02   7.23390E-03   2.16543E-02   3.73221E-02   1.88830E-02   2.28540E-02   2.05667E-02   3.55753E-02   2.64075E-02   2.38017E+01   2.02926E+01   3.65968E+01
 6.40000E+01   1.28000E+01   4.40000E+00   0.00000E+00   0.00000E+00   0.00000E+00   3.24195E-03   2.49897E-02   1.65658E-01   3.91012E-02   2.00274E-02   7.60250E-03   2.23659E-02   3.89478E-02   1.98410E-02   2.34256E-02   2.11880E-02   3.67848E-02   2.73850E-02   2.45377E+01   2.14478E+01   3.76186E+01
 6.40000E+01   1.28000E+01   4.50000E+00   0.00000E+00   0.00000E+00   0.00000E+00   3.39465E-03   2.47312E-02   1.62503E-01   4.05656E-02   2.05381E-02   7.92345E-03   2.30889E-02   4.04018E-02   2.04601E-02   2.40020E-02   2.16921E-02   3.79269E-02   2.82828E-02   2.52303E+01   2.23728E+01   3.85069E+01
 6.40000E+01   1.28000E+01   4.60000E+00   0.00000E+00   0.00000E+00   0.00000E+00   3.54904E-03   2.44262E-02   1.63258E-01   4.18493E-02   2.10903E-02   8.23523E-03   2.36338E-02   4.16923E-02   2.10805E-02   2.45828E-02   2.22069E-02   3.90972E-02   2.91190E-02   2.57770E+01   2.32493E+01   3.94655E+01
 6.40000E+01   1.28000E+01   4.70000E+00   0.00000E+00   0.00000E+00   0.00000E+00   3.70477E-03   2.40808E-02   1.67809E-01   4.30982E-02   2.16841E-02   8.55402E-03   2.40433E-02   4.29272E-02   2.16692E-02   2.51665E-02   2.27390E-02   4.02970E-02   2.99360E-02   2.65841E+01   2.38304E+01   4.04413E+01
 6.40000E+01   1.28000E+01   4.80000E+00   0.00000E+00   0.00000E+00   0.00000E+00   3.86149E-03   2.37027E-02   1.75630E-01   4.43859E-02   2.23135E-02   8.87803E-03   2.44844E-02   4.41981E-02   2.22860E-02   2.56551E-02   2.32781E-02   4.14217E-02   3.07540E-02   2.74072E+01   2.48651E+01   4.14833E+01
 6.40000E+01   1.28000E+01   4.90000E+00   0.00000E+00   0.00000E+00   0.00000E+00   4.01889E-03   2.33003E-02   1.86069E-01   4.57034E-02   2.29708E-02   9.20560E-03   2.55042E-02   4.61110E-02   2.29256E-02   2.65923E-02   2.37865E-02   4.31040E-02   3.18580E-02   2.82557E+01   2.59575E+01   5.22502E+01
 6.40000E+01   1.28000E+01   5.00000E+00   0.00000E+00   0.00000E+00   0.00000E+00   4.17663E-03   2.28835E-02   1.98447E-01   4.70044E-02   2.36469E-02   9.53526E-03   2.67488E-02   4.82667E-02   2.35807E-02   2.72330E-02   2.42428E-02   4.44544E-02   3.29415E-02   2.90808E+01   2.70197E+01   4.35778E+01
 1.28000E+02   2.56000E+01   5.00000E-01   0.00000E+00   0.00000E+00   0.00000E+00   3.46531E-05   2.79060E-02   1.24440E+00   7.36731E-02   4.29277E-02   1.68123E-02   4.14696E-02   6.65423E-02   2.37449E-02   2.32897E-02   2.51063E-02   8.62493E-02   5.04163E-02   1.75791E+02   1.15910E+02   2.10234E+02
 1.28000E+02   2.56000E+01   6.00000E-01   0.00000E+00   0.00000E+00   0.00000E+00   3.46588E-05   2.79596E-02   1.22912E+00   7.29145E-02   3.86445E-02   1.62147E-02   3.75879E-02   6.55229E-02   2.16933E-02   1.96085E-02   2.14311E-02   8.60433E-02   4.88726E-02   5.53455E+02   5.30463E+02   4.99593E+02
 1.28000E+02   2.56000E+01   7.00000E-01   0.00000E+00   0.00000E+00   0.00000E+00   3.47531E-05   2.81713E-02   1.17582E+00   7.08576E-02   3.08774E-02   1.40828E-02   3.22293E-02   6.21890E-02   1.83094E-02   1.66262E-02   1.71631E-02   8.52524E-02   4.62517E-02   8.08600E+02   7.65835E+02   6.44498E+02
 1.28000E+02   2.56000E+01   8.00000E-01   0.00000E+00   0.00000E+00   0.00000E+00   3.49124E-05   2.84429E-02   1.06303E+00   5.66769E-02   2.25807E-02   1.04958E-02   2.39120E-02   5.00897E-02   1.39502E-02   1.21244E-02   1.20462E-02   7.06000E-02   3.70947E-02   9.46974E+02   8.68094E+02   9.03134E+02
 1.28000E+02   2.56000E+01   9.00000E-01   0.00000E+00   0.00000E+00   0.00000E+00   3.45647E-05   2.84443E-02   8.71735E-01   4.35940E-02   1.30299E-02   7.52382E-03   1.36388E-02   3.83885E-02   9.82304E-03   7.48145E-03   7.57653E-03   5.41341E-02   2.77426E-02   8.88779E+02   8.16647E+02   7.97231E+02
 1.28000E+02   2.56000E+01   1.00000E+00   0.00000E+00   0.00000E+00   0.00000E+00   3.27645E-05   2.81116E-02   7.63976E-01   2.75636E-02   5.09416E-03   5.20902E-03   6.03380E-03   2.13280E-02   6.11014E-03   4.22905E-03   3.77619E-03   3.86498E-02   1.78494E-02   5.90402E+02   4.63029E+02   6.09143E+02
 1.28000E+02   2.56000E+01   1.10000E+00   0.00000E+00   0.00000E+00   0.00000E+00   2.93525E-05   2.74311E-02   7.52080E-01   1.04037E-02   2.38213E-03   2.74848E-03   3.02905E-03   8.33979E-03   3.23675E-03   2.46851E-03   2.39112E-03   2.17004E-02   8.77742E-03   2.17732E+02   1.98214E+02   3.80676E+02
 1.28000E+02   2.56000E+01   1.20000E+00   0.00000E+00   0.00000E+00   0.00000E+00   2.54468E-05   2.64438E-02   7.53358E-01   5.21421E-03   1.77127E-03   1.21316E-03   1.45839E-03   3.86273E-03   1.51465E-03   1.44747E-03   1.15850E-03   9.77265E-03   4.08358E-03   1.10044E+02   8.83396E+01   1.86435E+02
 1.28000E+02   2.56000E+01   1.30000E+00   0.00000E+00   0.00000E+00   0.00000E+00   2.41347E-05   2.52913E-02   7.21144E-01   2.28364E-03   1.61125E-03   5.18313E-04   1.08088E-03   1.94059E-03   9.12945E-04   1.28780E-03   9.13274E-04   2.84542E-03   1.64777E-03   3.60241E+01   3.85910E+01   6.21297E+01
 1.28000E+02   2.56000E+01   1.40000E+00   0.00000E+00   0.00000E+00   0.00000E+00   2.84306E-05   2.40744E-02   7.28717E-01   1.72014E-03   1.54087E-03   3.75056E-04   1.06651E-03   1.47674E-03   8.19560E-04   1.29862E-03   8.85406E-04   1.57983E-03   1.26623E-03   2.63555E+01   2.51413E+01   3.20604E+01
 1.28000E+02   2.56000E+01   1.50000E+00   0.00000E+00   0.00000E+00   0.00000E+00   3.74301E-05   2.28359E-02   7.65156E-01   1.68428E-03   1.48839E-03   3.73020E-04   1.07652E-03   1.48161E-03   8.47439E-04   1.35832E-03   9.15431E-04   1.64828E-03   1.27642E-03   2.57046E+01   2.41763E+01   3.22627E+01
 1.28000E+02   2.56000E+01   1.60000E+00   0.00000E+00   0.00000E+00   0.00000E+00   4.88757E-05   2.15170E-02   8.36186E-01   1.69974E-03   1.46555E-03   3.99145E-04   1.12039E-03   1.55714E-03   9.09745E-04   1.46671E-03   9.75373E-04   1.78911E-03   1.33364E-03   2.52573E+01   2.35658E+01   3.26230E+01
 1.28000E+02   2.56000E+01   1.70000E+00   0.00000E+00   0.00000E+00   0.00000E+00   6.15472E-05   2.01183E-02   8.50890E-01   1.79036E-03   1.49203E-03   4.51217E-04   1.20455E-03   1.70758E-03   1.00326E-03   1.62477E-03   1.05386E-03   1.99797E-03   1.44341E-03   2.49056E+01   2.30533E+01   3.28651E+01
 1.28000E+02   2.56000E+01   1.80000E+00   0.00000E+00   0.00000E+00   0.00000E+00   7.48830E-05   1.87099E-02   7.91483E-01   1.96006E-03   1.57557E-03   5.25900E-04   1.32964E-03   1.92878E-03   1.12674E-03   1.80859E-03   1.14447E-03   2.25182E-03   1.59896E-03   2.45340E+01   2.25351E+01   3.28556E+01
 1.28000E+02   2.56000E+01   1.90000E+00   0.00000E+00   0.00000E+00   0.00000E+00   8.86548E-05   1.74052E-02   7.00686E-01   2.18295E-03   1.69366E-03   6.18036E-04   1.48845E-03   2.20470E-03   1.27583E-03   1.99546E-03   1.24625E-03   2.52675E-03   1.78385E-03   2.40432E+01   2.19266E+01   3.24786E+01
 1.28000E+02   2.56000E+01   2.00000E+00   0.00000E+00   0.00000E+00   0.00000E+00   1.02776E-04   1.63060E-02   6.19410E-01   2.45557E-03   1.85088E-03   7.22622E-04   1.67134E-03   2.51856E-03   1.44510E-03   2.18575E-03   1.36087E-03   2.81999E-03   1.99400E-03   2.34105E+01   2.12187E+01   3.17576E+01
 1.28000E+02   2.56000E+01   2.10000E+00   0.00000E+00   0.00000E+00   0.00000E+00   1.17177E-04   1.54589E-02   5.53221E-01   2.78110E-03   2.05799E-03   8.38064E-04   1.87430E-03   2.86067E-03   1.62949E-03   2.38491E-03   1.48967E-03   3.13500E-03   2.23007E-03   2.26717E+01   2.04484E+01   3.08364E+01
 1.28000E+02   2.56000E+01   2.20000E+00   0.00000E+00   0.00000E+00   0.00000E+00   1.31812E-04   1.48453E-02   5.05656E-01   3.15098E-03   2.30901E-03   9.63814E-04   2.61767E-03   3.58548E-03   1.82366E-03   2.59683E-03   1.63174E-03   3.47430E-03   2.59700E-03   2.18734E+01   1.96476E+01   2.98852E+01
 1.28000E+02   2.56000E+01   2.30000E+00   0.00000E+00   0.00000E+00   0.00000E+00   1.46716E-04   1.43754E-02   4.76654E-01   3.55899E-03   2.59595E-03   1.09969E-03   3.40964E-03   4.38359E-03   2.02830E-03   2.81728E-03   1.78771E-03   3.83521E-03   3.00762E-03   2.10512E+01   1.88366E+01   2.90526E+01
 1.28000E+02   2.56000E+01   2.40000E+00   0.00000E+00   0.00000E+00   0.00000E+00   1.62056E-04   1.39727E-02   4.54894E-01   3.99978E-03   2.91344E-03   1.24609E-03   4.11059E-03   5.13445E-03   2.24263E-03   3.03787E-03   1.95611E-03   4.21091E-03   3.41752E-03   2.02390E+01   1.80418E+01   2.85033E+01
 1.28000E+02   2.56000E+01   2.50000E+00   0.00000E+00   0.00000E+00   0.00000E+00   1.78073E-04   1.35777E-02   4.33630E-01   4.46928E-03   3.25676E-03   1.40325E-03   4.90587E-03   5.97682E-03   2.46578E-03   3.26413E-03   2.13531E-03   4.60484E-03   3.87067E-03   1.94676E+01   1.72934E+01   2.83847E+01
 1.28000E+02   2.56000E+01   2.60000E+00   0.00000E+00   0.00000E+00   0.00000E+00   1.94967E-04   1.31532E-02   4.11417E-01   4.96347E-03   3.62006E-03   1.56443E-03   5.63096E-03   6.77464E-03   2.69667E-03   3.49360E-03   2.32398E-03   5.01362E-03   4.31800E-03   1.87557E+01   1.66105E+01   2.87803E+01
 1.28000E+02   2.56000E+01   2.70000E+00   0.00000E+00   0.00000E+00   0.00000E+00   2.12849E-04   1.26976E-02   3.84531E-01   5.44966E-03   3.95972E-03   1.73100E-03   6.30430E-03   7.53833E-03   2.93433E-03   3.72414E-03   2.51628E-03   5.42439E-03   4.75138E-03   1.81015E+01   1.59983E+01   2.96546E+01
 1.28000E+02   2.56000E+01   2.80000E+00   0.00000E+00   0.00000E+00   0.00000E+00   2.31710E-04   1.22245E-02   3.52672E-01   5.94108E-03   4.29339E-03   1.90343E-03   6.92378E-03   8.26390E-03   3.17791E-03   3.95649E-03   2.71516E-03   5.84321E-03   5.17313E-03   1.74895E+01   1.54473E+01   3.09614E+01
 1.28000E+02   2.56000E+01   2.90000E+00   0.00000E+00   0.00000E+00   0.00000E+00   2.51445E-04   1.17502E-02   3.19614E-01   6.38895E-03   4.55208E-03   2.08401E-03   7.46498E-03   8.93037E-03   3.42640E-03   4.19095E-03   2.92231E-03   6.27499E-03   5.56358E-03   1.69157E+01   1.49505E+01   3.26600E+01
 1.28000E+02   2.56000E+01   3.00000E+00   0.00000E+00   0.00000E+00   0.00000E+00   2.71909E-04   1.12856E-02   2.91701E-01   6.86724E-03   4.83771E-03   2.27100E-03   7.79164E-03   9.42524E-03   3.67950E-03   4.42708E-03   3.13640E-03   6.71857E-03   5.90083E-03   1.63908E+01   1.45122E+01   3.46784E+01
 1.28000E+02   2.56000E+01   3.10000E+00   0.00000E+00   0.00000E+00   0.00000E+00   2.92991E-04   1.08326E-02   2.71773E-01   7.36906E-03   5.14209E-03   2.46328E-03   8.14337E-03   9.94867E-03   3.93642E-03   4.72194E-03   4.55529E-03   7.82239E-03   6.42767E-03   1.59279E+01   1.41403E+01   3.61565E+01
 1.28000E+02   2.56000E+01   3.20000E+00   0.00000E+00   0.00000E+00   0.00000E+00   3.14659E-04   1.04014E-02   2.56716E-01   7.89070E-03   5.46163E-03   2.65950E-03   8.70055E-03   1.06464E-02   4.19735E-03   4.92985E-03   4.73994E-03   8.22236E-03   6.83298E-03   1.55373E+01   1.38404E+01   3.77572E+01
 1.28000E+02   2.56000E+01   3.30000E+00   0.00000E+00   0.00000E+00   0.00000E+00   3.36937E-04   1.00078E-02   2.43316E-01   8.43476E-03   5.80155E-03   2.85847E-03   9.49138E-03   1.15397E-02   4.45938E-03   5.14428E-03   4.93841E-03   8.64238E-03   7.31554E-03   1.52260E+01   1.36168E+01   3.93574E+01
 1.28000E+02   2.56000E+01   3.40000E+00   0.00000E+00   0.00000E+00   0.00000E+00   3.59868E-04   9.66169E-03   2.29953E-01   8.99913E-03   6.16014E-03   3.05935E-03   1.02004E-02   1.23645E-02   4.70739E-03   5.36156E-03   5.12919E-03   9.06465E-03   7.77892E-03   1.49988E+01   1.34729E+01   4.09089E+01
 1.28000E+02   2.56000E+01   3.50000E+00   0.00000E+00   0.00000E+00   0.00000E+00   3.83492E-04   9.36301E-03   2.15976E-01   9.58187E-03   6.53537E-03   3.26173E-03   1.08010E-02   1.30926E-02   4.95443E-03   5.58074E-03   5.32950E-03   9.49979E-03   8.21638E-03   1.48597E+01   1.34041E+01   4.24015E+01
 1.28000E+02   2.56000E+01   3.60000E+00   0.00000E+00   0.00000E+00   0.00000E+00   4.07831E-04   9.10534E-03   2.01312E-01   1.01799E-02   6.92580E-03   3.46569E-03   1.13912E-02   1.38188E-02   5.21118E-03   5.79593E-03   5.53622E-03   9.93702E-03   8.65687E-03   1.48062E+01   1.34121E+01   4.38141E+01
 1.28000E+02   2.56000E+01   3.70000E+00   0.00000E+00   0.00000E+00   0.00000E+00   4.32872E-04   8.87863E-03   1.87243E-01   1.07793E-02   7.32983E-03   3.67306E-03   1.19806E-02   1.45478E-02   5.47187E-03   6.01213E-03   5.76145E-03   1.03896E-02   9.10319E-03   1.48527E+01   1.34912E+01   4.51748E+01
 1.28000E+02   2.56000E+01   3.80000E+00   0.00000E+00   0.00000E+00   0.00000E+00   4.58596E-04   8.67357E-03   1.74607E-01   1.13948E-02   7.74634E-03   3.88309E-03   1.23740E-02   1.51146E-02   5.72882E-03   6.22545E-03   6.00331E-03   1.08550E-02   9.49818E-03   1.50033E+01   1.36414E+01   4.65240E+01
 1.28000E+02   2.56000E+01   3.90000E+00   0.00000E+00   0.00000E+00   0.00000E+00   4.84988E-04   8.48247E-03   1.63262E-01   1.20622E-02   8.23293E-03   4.09594E-03   1.26595E-02   1.55845E-02   5.95447E-03   6.43407E-03   6.25991E-03   1.13321E-02   9.87506E-03   1.52563E+01   1.38762E+01   4.78815E+01
 1.28000E+02   2.56000E+01   4.00000E+00   0.00000E+00   0.00000E+00   0.00000E+00   5.12036E-04   8.30122E-03   1.52277E-01   1.27775E-02   8.78041E-03   4.31221E-03   1.29771E-02   1.60785E-02   6.17153E-03   6.59857E-03   6.55034E-03   1.17711E-02   1.02685E-02   1.56260E+01   1.41893E+01   4.86270E+01
 1.28000E+02   2.56000E+01   4.10000E+00   0.00000E+00   0.00000E+00   0.00000E+00   5.39718E-04   8.12897E-03   1.41068E-01   1.34987E-02   9.32479E-03   4.53150E-03   1.33203E-02   1.66046E-02   6.40020E-03   6.76704E-03   6.86385E-03   1.22529E-02   1.06815E-02   1.61078E+01   1.45912E+01   4.95949E+01
 1.28000E+02   2.56000E+01   4.20000E+00   0.00000E+00   0.00000E+00   0.00000E+00   5.67989E-04   7.96522E-03   1.30232E-01   1.42251E-02   9.86649E-03   4.75341E-03   1.36914E-02   1.77472E-02   8.02075E-03   6.94555E-03   7.17903E-03   1.27546E-02   1.13113E-02   1.66983E+01   1.47588E+01   5.06224E+01
 1.28000E+02   2.56000E+01   4.30000E+00   0.00000E+00   0.00000E+00   0.00000E+00   5.96782E-04   7.80901E-03   1.20864E-01   1.49547E-02   1.04040E-02   4.97746E-03   1.40835E-02   1.83844E-02   8.41594E-03   7.13192E-03   7.49784E-03   1.32714E-02   1.17711E-02   1.73910E+01   1.53027E+01   5.16676E+01
 1.28000E+02   2.56000E+01   4.40000E+00   0.00000E+00   0.00000E+00   0.00000E+00   6.26020E-04   7.66027E-03   1.13906E-01   1.56857E-02   1.09361E-02   5.20315E-03   1.44945E-02   1.89950E-02   8.68932E-03   7.32521E-03   7.81839E-03   1.38001E-02   1.22218E-02   1.81775E+01   1.59162E+01   5.27204E+01
 1.28000E+02   2.56000E+01   4.50000E+00   0.00000E+00   0.00000E+00   0.00000E+00   6.55624E-04   7.51985E-03   1.09898E-01   1.63841E-02   1.14282E-02   5.42999E-03   1.49199E-02   1.96355E-02   8.99355E-03   7.51904E-03   8.14002E-03   1.43356E-02   1.26749E-02   1.90154E+01   1.66018E+01   5.37714E+01
 1.28000E+02   2.56000E+01   4.60000E+00   0.00000E+00   0.00000E+00   0.00000E+00   6.85520E-04   7.38964E-03   1.09343E-01   1.70511E-02   1.18626E-02   5.65742E-03   1.53556E-02   2.02977E-02   9.31915E-03   7.71012E-03   8.46333E-03   1.48758E-02   1.31253E-02   1.99416E+01   1.73582E+01   5.48283E+01
 1.28000E+02   2.56000E+01   4.70000E+00   0.00000E+00   0.00000E+00   0.00000E+00   7.15634E-04   7.27145E-03   1.12408E-01   1.77108E-02   1.22968E-02   5.88471E-03   1.57919E-02   2.09663E-02   9.65880E-03   7.89812E-03   8.78646E-03   1.54196E-02   1.35774E-02   2.07382E+01   1.81224E+01   5.58924E+01
 1.28000E+02   2.56000E+01   4.80000E+00   0.00000E+00   0.00000E+00   0.00000E+00   7.45893E-04   7.16566E-03   1.18496E-01   1.83470E-02   1.27290E-02   6.11154E-03   1.61465E-02   2.15771E-02   1.00004E-02   8.09196E-03   9.10759E-03   1.59720E-02   1.40072E-02   2.15764E+01   1.89606E+01   5.69770E+01
 1.28000E+02   2.56000E+01   4.90000E+00   0.00000E+00   0.00000E+00   0.00000E+00   7.76227E-04   7.07208E-03   1.26904E-01   1.89448E-02   1.31298E-02   6.33748E-03   1.65110E-02   2.21977E-02   1.03450E-02   8.29070E-03   9.41889E-03   1.65263E-02   1.44314E-02   2.27907E+01   1.98166E+01   5.81924E+01
 1.28000E+02   2.56000E+01   5.00000E+00   0.00000E+00   0.00000E+00   0.00000E+00   8.06568E-04   6.99038E-03   1.37080E-01   1.95376E-02   1.35081E-02   6.56217E-03   1.68813E-02   2.28085E-02   1.06830E-02   8.48810E-03   9.71655E-03   1.70675E-02   1.48486E-02   2.47717E+01   2.06242E+01   5.91841E+01
