        Grid    Cell/Diam.            PU        Center        Center        Center        Radius       Tangent     Curvature      Sigma_xx      Sigma_xy      Sigma_xz      Sigma_yx      Sigma_yy      Sigma_yz      Sigma_zx      Sigma_zy      Sigma_zz       StressT        XForce        YForce        ZForce
        Size                      Spread             X             Y             Z         Error         Error         Error         Error         Error         Error         Error         Error         Error         Error         Error         Error         Error         Error         Error         Error
 1.60000E+01   3.20000E+00   5.00000E-01   0.00000E+00   0.00000E+00   0.00000E+00   1.24714E-03   2.71487E-01   8.90607E-01   3.29912E-01   1.64509E-01   0.00000E+00   2.58845E-01   2.85798E-01   0.00000E+00   1.03371E-16   3.19352E-17   4.68156E-01   2.36586E-01   4.74135E+01   3.87782E+01   3.63217E-14
 1.60000E+01   3.20000E+00   6.00000E-01   0.00000E+00   0.00000E+00   0.00000E+00   1.24703E-03   2.71363E-01   9.07640E-01   3.29912E-01   1.64509E-01   0.00000E+00   1.96776E-01   2.85798E-01   0.00000E+00   7.94938E-12   3.42053E-17   4.68156E-01   2.29849E-01   4.88664E+02   1.28672E+02   5.92743E+02
 1.60000E+01   3.20000E+00   7.00000E-01   0.00000E+00   0.00000E+00   0.00000E+00   1.23967E-03   2.65510E-01   1.12635E+00   3.29912E-01   1.64509E-01   0.00000E+00   1.22475E-01   2.85798E-01   0.00000E+00   5.80478E-10   1.28276E-13   4.68156E-01   2.24042E-01   4.36486E+02   3.30585E+02   3.16784E+02
 1.60000E+01   3.20000E+00   8.00000E-01   0.00000E+00   0.00000E+00   0.00000E+00   1.21380E-03   2.59176E-01   1.48893E+00   1.85977E-01   1.36666E-02   0.00000E+00   1.22464E-01   2.40017E-01   0.00000E+00   1.69560E-09   2.36185E-12   4.18661E-01   1.77219E-01   6.72692E+01   5.92943E+02   6.05363E+02
 1.60000E+01   3.20000E+00   9.00000E-01   0.00000E+00   0.00000E+00   0.00000E+00   1.18828E-03   2.55326E-01   1.63020E+00   1.85940E-01   1.48829E-02   0.00000E+00   5.74843E-02   1.85964E-01   0.00000E+00   9.90040E-09   5.06875E-12   2.19054E-01   1.15790E-01   1.53260E+04   1.32727E+04   1.53258E+04
 1.60000E+01   3.20000E+00   1.00000E+00   0.00000E+00   0.00000E+00   0.00000E+00   1.23817E-03   2.49261E-01   1.57121E+00   4.29409E-03   1.41693E-02   0.00000E+00   2.46761E-02   2.36020E-03   2.78112E-07   7.59848E-09   7.37975E-11   1.06428E-01   3.67583E-02   1.87702E+04   1.53258E+04   1.32726E+04
 1.60000E+01   3.20000E+00   1.10000E+00   0.00000E+00   0.00000E+00   0.00000E+00   1.40298E-03   2.39612E-01   1.41292E+00   3.65177E-03   1.25359E-02   7.72549E-09   1.93675E-02   2.10337E-03   5.74035E-07   5.74509E-09   8.51905E-10   1.06460E-01   3.63377E-02   1.21161E+04   1.62555E+04   1.53258E+04
 1.60000E+01   3.20000E+00   1.20000E+00   0.00000E+00   0.00000E+00   0.00000E+00   1.63850E-03   2.27641E-01   1.26751E+00   3.16269E-03   1.04586E-02   5.02991E-09   1.56634E-02   2.37968E-03   3.79229E-07   3.84912E-08   7.01164E-09   1.06544E-01   3.60894E-02   5.41850E+03   7.66292E+03   9.38512E+03
 1.60000E+01   3.20000E+00   1.30000E+00   0.00000E+00   0.00000E+00   0.00000E+00   1.87465E-03   2.14364E-01   1.17875E+00   2.75107E-03   8.13990E-03   3.28703E-09   1.30867E-02   2.96740E-03   2.66572E-07   1.18436E-07   1.97349E-08   3.10222E-02   1.16250E-02   1.86778E+00   5.41850E+03   5.41850E+03
 1.60000E+01   3.20000E+00   1.40000E+00   0.00000E+00   0.00000E+00   0.00000E+00   2.07224E-03   1.99614E-01   1.09507E+00   2.42743E-03   5.90438E-03   2.14288E-09   1.13542E-02   3.68741E-03   1.74641E-07   2.24580E-07   8.81456E-08   1.95382E-02   7.92332E-03   1.22284E+00   1.08370E+04   1.08370E+04
 1.60000E+01   3.20000E+00   1.50000E+00   0.00000E+00   0.00000E+00   0.00000E+00   2.22221E-03   1.83518E-01   1.01388E+00   2.19578E-03   4.02890E-03   1.40309E-09   1.03651E-02   4.40456E-03   1.09117E-07   5.23941E-07   2.21833E-07   2.02474E-02   7.87294E-03   9.38512E+03   5.41850E+03   2.35609E-04
 1.60000E+01   3.20000E+00   1.60000E+00   0.00000E+00   0.00000E+00   0.00000E+00   2.32822E-03   1.67719E-01   9.72137E-01   2.02674E-03   2.69458E-03   4.54113E-09   9.82832E-03   5.04594E-03   1.22021E-07   1.11890E-06   4.05810E-07   2.08439E-02   7.94351E-03   9.38512E+03   5.41850E+03   1.24143E-01
 1.60000E+01   3.20000E+00   1.70000E+00   0.00000E+00   0.00000E+00   0.00000E+00   2.39399E-03   1.53055E-01   9.32863E-01   1.87665E-03   2.04956E-03   2.20889E-08   9.43462E-03   5.51361E-03   5.08367E-07   1.93346E-06   6.17073E-07   2.12902E-02   8.03056E-03   5.41850E+03   3.70709E+00   5.41850E+03
 1.60000E+01   3.20000E+00   1.80000E+00   0.00000E+00   0.00000E+00   0.00000E+00   2.41977E-03   1.39545E-01   8.75100E-01   1.72022E-03   2.08788E-03   3.77835E-08   9.02202E-03   5.71730E-03   1.23397E-06   2.86388E-06   8.34342E-07   2.16075E-02   8.08487E-03   9.06735E+00   2.46609E+01   1.20550E-03
 1.60000E+01   3.20000E+00   1.90000E+00   0.00000E+00   0.00000E+00   0.00000E+00   2.40576E-03   1.26628E-01   7.91994E-01   1.55346E-03   2.47742E-03   3.40125E-08   8.58742E-03   5.70848E-03   2.08521E-06   3.81770E-06   1.04251E-06   2.17900E-02   8.09447E-03   9.08433E+00   2.46530E+01   6.15137E-02
 1.60000E+01   3.20000E+00   2.00000E+00   0.00000E+00   0.00000E+00   0.00000E+00   2.35513E-03   1.13950E-01   7.10410E-01   1.38753E-03   2.84718E-03   1.46118E-08   8.20183E-03   5.59041E-03   2.90858E-06   4.72781E-06   1.23218E-06   2.18355E-02   8.06462E-03   3.35369E+01   5.41850E+03   1.53258E+04
 1.60000E+01   3.20000E+00   2.10000E+00   0.00000E+00   0.00000E+00   0.00000E+00   2.27576E-03   1.02138E-01   6.40148E-01   1.23620E-03   3.02990E-03   4.86501E-08   7.86429E-03   5.45143E-03   3.62491E-06   5.55191E-06   1.39831E-06   2.17393E-02   7.99215E-03   1.05749E+01   3.52886E+00   2.55805E+01
 1.60000E+01   3.20000E+00   2.20000E+00   0.00000E+00   0.00000E+00   0.00000E+00   2.17376E-03   9.11599E-02   5.71812E-01   1.10558E-03   3.01351E-03   1.06154E-07   7.53643E-03   5.32994E-03   4.19866E-06   6.27007E-06   1.53797E-06   2.15246E-02   7.87977E-03   1.03974E+01   3.48432E+00   2.56042E-03
 1.60000E+01   3.20000E+00   2.30000E+00   0.00000E+00   0.00000E+00   0.00000E+00   2.06204E-03   8.10840E-02   5.17892E-01   9.96251E-04   2.84146E-03   1.65967E-07   7.22013E-03   5.23052E-03   4.62361E-06   6.86322E-06   1.64591E-06   2.12206E-02   7.73785E-03   2.77671E+01   1.03053E+01   2.44922E+01
 1.60000E+01   3.20000E+00   2.40000E+00   0.00000E+00   0.00000E+00   0.00000E+00   1.96892E-03   7.28084E-02   4.73974E-01   9.09135E-04   2.56568E-03   2.20046E-07   6.95900E-03   5.17323E-03   4.90949E-06   7.30907E-06   1.71828E-06   2.08677E-02   7.58699E-03   2.35972E+01   3.45994E+01   2.96696E-03
 1.60000E+01   3.20000E+00   2.50000E+00   0.00000E+00   0.00000E+00   0.00000E+00   1.94119E-03   6.71665E-02   4.39488E-01   8.48145E-04   2.24172E-03   2.64004E-07   6.73728E-03   5.19586E-03   5.06870E-06   7.59864E-06   1.75475E-06   2.05144E-02   7.44592E-03   1.98019E+01   3.37328E+00   1.30268E+01
 1.60000E+01   3.20000E+00   2.60000E+00   0.00000E+00   0.00000E+00   0.00000E+00   2.03290E-03   6.44788E-02   4.09365E-01   8.24923E-04   1.92316E-03   2.95954E-07   6.52650E-03   5.33589E-03   5.11649E-06   7.73712E-06   1.75853E-06   2.02234E-02   7.33661E-03   1.08370E+04   3.35233E+00   3.13203E-03
 1.60000E+01   3.20000E+00   2.70000E+00   0.00000E+00   0.00000E+00   0.00000E+00   2.28619E-03   6.52571E-02   3.83655E-01   8.75169E-04   1.63971E-03   3.15528E-07   6.33907E-03   5.60917E-03   5.08530E-06   7.73942E-06   1.73466E-06   2.00404E-02   7.27796E-03   7.47052E-01   3.35007E+00   6.66674E-02
 1.60000E+01   3.20000E+00   2.80000E+00   0.00000E+00   0.00000E+00   0.00000E+00   2.71185E-03   6.95863E-02   3.69002E-01   1.02288E-03   1.40473E-03   3.25395E-07   6.20622E-03   6.01000E-03   5.00192E-06   7.62460E-06   1.68892E-06   1.99926E-02   7.28287E-03   6.63466E-01   3.38606E+00   4.58405E+00
 1.60000E+01   3.20000E+00   2.90000E+00   0.00000E+00   0.00000E+00   0.00000E+00   3.29968E-03   7.68958E-02   3.55192E-01   1.26298E-03   1.22730E-03   3.28698E-07   6.16681E-03   6.51198E-03   4.88176E-06   7.41310E-06   1.62681E-06   2.01041E-02   7.36140E-03   6.08903E-01   3.44504E+00   4.46816E+00
 1.60000E+01   3.20000E+00   3.00000E+00   0.00000E+00   0.00000E+00   0.00000E+00   4.03550E-03   8.62987E-02   3.51328E-01   1.58361E-03   1.12531E-03   3.27722E-07   6.27267E-03   7.08370E-03   4.73398E-06   7.12491E-06   1.55281E-06   2.03885E-02   7.52027E-03   5.57279E+01   1.08520E+01   3.08568E-03
 1.60000E+01   3.20000E+00   3.10000E+00   0.00000E+00   0.00000E+00   0.00000E+00   4.90845E-03   9.69232E-02   3.64293E-01   1.98163E-03   1.13683E-03   3.23882E-07   6.57048E-03   7.70275E-03   4.56388E-06   6.77674E-06   1.47058E-06   2.08680E-02   7.76884E-03   9.38512E+03   3.10053E+01   9.95162E+00
 1.60000E+01   3.20000E+00   3.20000E+00   0.00000E+00   0.00000E+00   0.00000E+00   5.91186E-03   1.08112E-01   4.01017E-01   2.45485E-03   1.29617E-03   3.17336E-07   7.06216E-03   8.36240E-03   4.37461E-06   6.29162E-06   1.36284E-06   2.15761E-02   8.11746E-03   7.68891E-01   9.99740E+00   2.35113E+01
 1.60000E+01   3.20000E+00   3.30000E+00   0.00000E+00   0.00000E+00   0.00000E+00   7.04207E-03   1.19613E-01   4.57996E-01   3.00383E-03   1.58323E-03   3.07780E-07   7.69449E-03   9.07996E-03   4.16755E-06   5.26930E-06   1.15506E-06   2.25500E-02   8.57440E-03   3.37251E+01   4.18861E+00   1.16665E-02
 1.60000E+01   3.20000E+00   3.40000E+00   0.00000E+00   0.00000E+00   0.00000E+00   8.29826E-03   1.31611E-01   5.21416E-01   3.62113E-03   1.94388E-03   2.95018E-07   8.38494E-03   9.89164E-03   3.94313E-06   2.96558E-06   7.12750E-07   2.38331E-02   9.14731E-03   9.38512E+03   3.11045E+01   9.95162E+00
 1.60000E+01   3.20000E+00   3.50000E+00   0.00000E+00   0.00000E+00   0.00000E+00   9.68379E-03   1.44089E-01   5.78972E-01   4.27744E-03   2.32164E-03   2.78918E-07   9.04686E-03   1.08189E-02   3.70276E-06   1.54667E-06   2.07197E-07   2.54687E-02   9.83890E-03   3.37471E+01   4.78959E+00   1.14798E-02
 1.60000E+01   3.20000E+00   3.60000E+00   0.00000E+00   0.00000E+00   0.00000E+00   1.12076E-02   1.56560E-01   6.26917E-01   4.91930E-03   2.66468E-03   2.44689E-07   9.61374E-03   1.18452E-02   3.30502E-06   8.88813E-06   1.83906E-06   2.74991E-02   1.06470E-02   3.37190E+02   5.12380E+00   3.44151E-01
 1.60000E+01   3.20000E+00   3.70000E+00   0.00000E+00   0.00000E+00   0.00000E+00   1.28848E-02   1.68233E-01   6.67140E-01   5.48861E-03   2.93407E-03   8.45431E-08   1.00505E-02   1.29341E-02   1.61028E-06   1.99285E-05   4.72864E-06   2.99673E-02   1.15714E-02   2.17836E+00   5.83439E+00   8.26027E-03
 1.60000E+01   3.20000E+00   3.80000E+00   0.00000E+00   0.00000E+00   0.00000E+00   1.47338E-02   1.78704E-01   6.95841E-01   5.94587E-03   3.12704E-03   4.44599E-07   1.03476E-02   1.40527E-02   4.87021E-06   3.51315E-05   9.64401E-06   3.29167E-02   1.26192E-02   2.42851E+00   5.81780E+00   1.49461E-02
 1.60000E+01   3.20000E+00   3.90000E+00   0.00000E+00   0.00000E+00   0.00000E+00   1.67726E-02   1.88064E-01   7.10008E-01   6.27630E-03   3.28969E-03   1.61373E-06   1.05114E-02   1.51855E-02   1.72361E-05   5.49886E-05   1.76903E-05   3.63855E-02   1.38050E-02   2.64914E+00   6.16211E+00   9.19164E+00
 1.60000E+01   3.20000E+00   4.00000E+00   0.00000E+00   0.00000E+00   0.00000E+00   1.90135E-02   1.96612E-01   7.13010E-01   6.48436E-03   3.50780E-03   3.82655E-06   1.05582E-02   1.63337E-02   3.83628E-05   8.02031E-05   3.00776E-05   4.03948E-02   1.51451E-02   3.35249E+00   7.07583E+00   3.27040E-01
 1.60000E+01   3.20000E+00   4.10000E+00   0.00000E+00   0.00000E+00   0.00000E+00   2.14612E-02   2.04717E-01   7.10688E-01   6.58647E-03   3.87749E-03   7.45681E-06   1.05166E-02   1.75077E-02   6.95411E-05   1.11357E-04   4.78902E-05   4.49461E-02   1.66524E-02   3.07171E+00   6.99396E+00   5.23091E-02
 1.60000E+01   3.20000E+00   4.20000E+00   0.00000E+00   0.00000E+00   0.00000E+00   2.41135E-02   2.12835E-01   7.02118E-01   6.60485E-03   4.46409E-03   1.28370E-05   1.04265E-02   1.87202E-02   1.11263E-04   1.48427E-04   7.17322E-05   5.00244E-02   1.83339E-02   3.28495E+00   7.23759E+00   9.09938E+00
 1.60000E+01   3.20000E+00   4.30000E+00   0.00000E+00   0.00000E+00   0.00000E+00   2.69625E-02   2.21484E-01   6.90677E-01   6.56363E-03   5.28090E-03   2.02839E-05   1.03343E-02   1.99822E-02   1.63188E-04   1.91035E-04   1.01594E-04   5.56005E-02   2.01895E-02   3.49376E+01   2.65877E+01   1.60076E+01
 1.60000E+01   3.20000E+00   4.40000E+00   0.00000E+00   0.00000E+00   0.00000E+00   2.99966E-02   2.31127E-01   6.82345E-01   1.85983E-01   1.82308E-01   3.00811E-05   1.02889E-02   2.13016E-02   2.24479E-04   2.37887E-04   1.20833E-03   1.15091E-01   9.52383E-02   6.69002E+01   4.96161E+01   1.99031E+01
 1.60000E+01   3.20000E+00   4.50000E+00   0.00000E+00   0.00000E+00   0.00000E+00   3.32014E-02   2.42127E-01   6.81280E-01   1.85980E-01   1.81299E-01   4.23907E-05   1.03362E-02   2.26824E-02   2.93768E-04   2.89786E-04   1.13755E-03   1.33160E-01   9.76456E-02   8.72288E+01   1.48019E+01   5.00238E+01
 1.60000E+01   3.20000E+00   4.60000E+00   0.00000E+00   0.00000E+00   0.00000E+00   3.65620E-02   2.54697E-01   6.89187E-01   2.62898E-01   2.60456E-01   5.72511E-05   1.05146E-02   2.41243E-02   3.69292E-04   3.45380E-04   1.68981E-03   1.84974E-01   1.38188E-01   3.38543E+01   9.47797E+00   1.60209E+01
 1.60000E+01   3.20000E+00   4.70000E+00   0.00000E+00   0.00000E+00   0.00000E+00   4.00632E-02   2.68893E-01   7.06155E-01   2.62969E-01   2.59197E-01   7.45874E-05   1.08523E-02   2.56238E-02   4.49171E-04   4.01049E-04   1.63346E-03   2.06379E-01   1.41306E-01   5.22910E+00   9.83539E+00   4.12134E+00
 1.60000E+01   3.20000E+00   4.80000E+00   0.00000E+00   0.00000E+00   0.00000E+00   4.36911E-02   2.84660E-01   7.30094E-01   2.63039E-01   2.76293E-01   9.29165E-05   1.13624E-02   2.71744E-02   5.31454E-04   4.54800E-04   1.60476E-03   2.26882E-01   1.48276E-01   5.15646E+01   1.03448E+01   2.45226E+01
 1.60000E+01   3.20000E+00   4.90000E+00   0.00000E+00   0.00000E+00   0.00000E+00   4.74326E-02   3.01902E-01   7.61377E-01   3.22239E-01   3.06839E-01   1.10985E-04   1.20440E-02   2.87679E-02   6.13647E-04   5.03836E-04   1.58547E-03   2.46705E-01   1.69911E-01   4.96377E+01   1.10364E+01   2.54012E+01
 1.60000E+01   3.20000E+00   5.00000E+00   0.00000E+00   0.00000E+00   0.00000E+00   5.12756E-02   3.20485E-01   8.00614E-01   3.22271E-01   3.05533E-01   1.28464E-04   7.67520E-02   8.99256E-02   6.91398E-04   5.45739E-04   1.56700E-03   2.65986E-01   1.76993E-01   3.27778E+01   4.97960E+01   3.73509E+00
 3.20000E+01   6.40000E+00   5.00000E-01   0.00000E+00   0.00000E+00   0.00000E+00   2.32704E-05   3.54706E-02   1.18127E-01   2.45319E-01   1.67842E-01   0.00000E+00   1.52877E-01   2.06440E-01   0.00000E+00   1.47598E-09   1.92148E-08   3.30023E-01   1.71028E-01   6.86512E+01   5.02988E+01   2.69398E-05
 3.20000E+01   6.40000E+00   6.00000E-01   0.00000E+00   0.00000E+00   0.00000E+00   2.32727E-05   3.54607E-02   1.09692E-01   2.45319E-01   1.20346E-01   0.00000E+00   1.27615E-01   2.06440E-01   0.00000E+00   2.68759E-10   2.66609E-08   3.30023E-01   1.64142E-01   1.50853E+03   1.49657E+03   1.06263E+03
 3.20000E+01   6.40000E+00   7.00000E-01   0.00000E+00   0.00000E+00   0.00000E+00   2.32941E-05   3.53591E-02   1.00123E-01   2.45319E-01   1.20346E-01   0.00000E+00   1.27615E-01   2.06440E-01   0.00000E+00   1.06790E-10   4.88362E-11   3.30023E-01   1.64142E-01   1.70483E+03   2.31129E+02   1.54888E+03
 3.20000E+01   6.40000E+00   8.00000E-01   0.00000E+00   0.00000E+00   0.00000E+00   2.35015E-05   3.50676E-02   1.39800E-01   2.07506E-01   1.14849E-01   0.00000E+00   1.20673E-01   2.01644E-01   0.00000E+00   3.33791E-11   2.82016E-10   2.84132E-01   1.46136E-01   2.36012E+02   1.54335E+02   6.14413E+02
 3.20000E+01   6.40000E+00   9.00000E-01   0.00000E+00   0.00000E+00   0.00000E+00   2.67667E-05   3.47104E-02   1.83538E-01   1.52044E-01   6.12395E-02   0.00000E+00   7.36567E-02   1.14573E-01   3.61112E-10   1.45603E-11   1.14267E-10   2.28340E-01   1.04115E-01   1.66508E+02   1.75345E+02   9.49887E+01
 3.20000E+01   6.40000E+00   1.00000E+00   0.00000E+00   0.00000E+00   0.00000E+00   3.44774E-05   3.47290E-02   2.16572E-01   6.34741E-04   1.04799E-02   1.72012E-08   3.11803E-02   2.28701E-03   1.83312E-08   9.55187E-12   4.75096E-11   1.53293E-01   5.22669E-02   1.64425E+01   4.84326E+01   7.07262E-08
 3.20000E+01   6.40000E+00   1.10000E+00   0.00000E+00   0.00000E+00   0.00000E+00   4.41510E-05   3.48578E-02   2.27703E-01   5.95426E-04   3.68506E-03   1.15724E-08   3.77150E-03   1.89981E-03   1.07085E-08   5.35846E-09   1.41588E-09   8.55537E-02   2.85797E-02   4.05374E+00   1.94367E+00   8.71922E-06
 3.20000E+01   6.40000E+00   1.20000E+00   0.00000E+00   0.00000E+00   0.00000E+00   5.40590E-05   3.43960E-02   2.18507E-01   5.54050E-04   3.10221E-03   7.76452E-09   3.03289E-03   1.63681E-03   8.72846E-09   6.36014E-08   3.70508E-08   3.28087E-02   1.10464E-02   3.27320E+00   1.46139E+00   1.18527E-04
 3.20000E+01   6.40000E+00   1.30000E+00   0.00000E+00   0.00000E+00   0.00000E+00   6.41091E-05   3.30452E-02   1.99338E-01   5.17572E-04   2.69689E-03   5.16420E-09   2.49678E-03   1.44733E-03   5.72184E-09   1.92622E-07   1.54344E-07   2.04469E-03   1.49259E-03   2.82352E+00   1.13608E+00   3.93390E-04
 3.20000E+01   6.40000E+00   1.40000E+00   0.00000E+00   0.00000E+00   0.00000E+00   7.46747E-05   3.09948E-02   1.84704E-01   4.82874E-04   2.36295E-03   3.35905E-09   2.08633E-03   1.30243E-03   4.42957E-09   3.65458E-07   3.51637E-07   2.03062E-03   1.33288E-03   2.52660E+00   9.06502E-01   7.96744E-04
 3.20000E+01   6.40000E+00   1.50000E+00   0.00000E+00   0.00000E+00   0.00000E+00   8.57079E-05   2.85350E-02   1.70185E-01   4.47419E-04   2.05897E-03   2.09596E-09   1.75595E-03   1.18407E-03   2.77585E-09   5.51009E-07   5.88746E-07   2.02246E-03   1.20256E-03   2.29442E+00   1.28008E+00   2.76653E+02
 3.20000E+01   6.40000E+00   1.60000E+00   0.00000E+00   0.00000E+00   0.00000E+00   9.65680E-05   2.56588E-02   1.57063E-01   4.12270E-04   1.78046E-03   8.69635E-10   1.46718E-03   1.07579E-03   1.52566E-08   7.26462E-07   8.17660E-07   2.01844E-03   1.09159E-03   2.09339E+00   6.11989E-01   1.68905E-03
 3.20000E+01   6.40000E+00   1.70000E+00   0.00000E+00   0.00000E+00   0.00000E+00   1.06454E-04   2.25383E-02   1.44006E-01   3.79646E-04   1.52720E-03   1.11158E-08   1.19799E-03   9.70233E-04   8.25155E-08   8.80040E-07   1.00983E-06   2.01874E-03   9.96009E-04   9.70527E+02   5.46341E-01   9.57864E+02
 3.20000E+01   6.40000E+00   1.80000E+00   0.00000E+00   0.00000E+00   0.00000E+00   1.14894E-04   1.94397E-02   1.30699E-01   3.50820E-04   1.31289E-03   3.28894E-08   9.57019E-04   8.70213E-04   1.75154E-07   1.01000E-06   1.15637E-06   2.02306E-03   9.19704E-04   3.08550E+02   1.04005E+03   5.82931E+02
 3.20000E+01   6.40000E+00   1.90000E+00   0.00000E+00   0.00000E+00   0.00000E+00   1.21615E-04   1.64942E-02   1.20704E-01   3.23136E-04   1.14471E-03   6.42192E-08   7.75267E-04   7.86150E-04   2.66049E-07   1.11968E-06   1.25954E-06   2.03105E-03   8.66603E-04   1.93996E+02   6.38199E-01   2.61220E-03
 3.20000E+01   6.40000E+00   2.00000E+00   0.00000E+00   0.00000E+00   0.00000E+00   1.27205E-04   1.37729E-02   1.12430E-01   2.93825E-04   1.01751E-03   1.00136E-07   6.72317E-04   7.33408E-04   3.44673E-07   1.21323E-06   1.32624E-06   2.04536E-03   8.36331E-04   1.51745E+00   8.87584E+01   2.79998E-03
 3.20000E+01   6.40000E+00   2.10000E+00   0.00000E+00   0.00000E+00   0.00000E+00   1.33180E-04   1.13587E-02   1.04682E-01   2.63953E-04   9.17041E-04   1.34862E-07   6.41056E-04   7.12514E-04   4.07947E-07   1.29347E-06   1.36441E-06   2.06888E-03   8.23917E-04   2.51931E+03   1.66294E+03   8.37047E+02
 3.20000E+01   6.40000E+00   2.20000E+00   0.00000E+00   0.00000E+00   0.00000E+00   1.41440E-04   9.24670E-03   9.42221E-02   2.36210E-04   8.29613E-04   1.64310E-07   6.52318E-04   7.14154E-04   4.57086E-07   1.35902E-06   1.37825E-06   2.10438E-03   8.23812E-04   2.51931E+03   1.66294E+03   3.04808E-03
 3.20000E+01   6.40000E+00   2.30000E+00   0.00000E+00   0.00000E+00   0.00000E+00   1.53893E-04   7.52634E-03   8.51628E-02   2.12369E-04   7.43734E-04   1.86399E-07   6.76170E-04   7.26985E-04   4.94413E-07   1.40674E-06   1.36841E-06   2.15668E-03   8.32348E-04   1.12446E+00   1.03722E+00   3.10683E-03
 3.20000E+01   6.40000E+00   2.40000E+00   0.00000E+00   0.00000E+00   0.00000E+00   1.71848E-04   6.39311E-03   7.85299E-02   1.94077E-04   6.58617E-04   2.00419E-07   6.95505E-04   7.41471E-04   5.22242E-07   1.43448E-06   1.33781E-06   2.23049E-03   8.48531E-04   9.49825E-01   1.07032E+00   3.12079E-03
 3.20000E+01   6.40000E+00   2.50000E+00   0.00000E+00   0.00000E+00   0.00000E+00   1.95764E-04   5.97845E-03   7.60261E-02   1.83404E-04   5.88415E-04   2.06660E-07   7.07929E-04   7.50228E-04   5.42428E-07   1.44153E-06   1.29115E-06   2.32878E-03   8.73504E-04   7.91559E-01   1.06432E+00   3.09308E-03
 3.20000E+01   6.40000E+00   2.60000E+00   0.00000E+00   0.00000E+00   0.00000E+00   2.25894E-04   6.23258E-03   7.63596E-02   1.81519E-04   5.59292E-04   2.06185E-07   7.25524E-04   7.48065E-04   5.56332E-07   1.42792E-06   1.23318E-06   2.45380E-03   9.09998E-04   7.11044E-01   1.02271E+00   3.02780E-03
 3.20000E+01   6.40000E+00   2.70000E+00   0.00000E+00   0.00000E+00   0.00000E+00   2.62566E-04   6.90589E-03   7.67555E-02   1.87543E-04   5.89477E-04   2.00975E-07   7.55407E-04   7.40116E-04   5.66046E-07   1.39504E-06   1.16803E-06   2.60709E-03   9.60206E-04   7.51099E-01   9.65254E-01   2.93030E-03
 3.20000E+01   6.40000E+00   2.80000E+00   0.00000E+00   0.00000E+00   0.00000E+00   3.06163E-04   7.74283E-03   7.60016E-02   1.98912E-04   6.68862E-04   1.93081E-07   7.95959E-04   7.29098E-04   5.71686E-07   1.34550E-06   1.09882E-06   2.78899E-03   1.02364E-03   8.85489E-01   9.62342E-01   2.80666E-03
 3.20000E+01   6.40000E+00   2.90000E+00   0.00000E+00   0.00000E+00   0.00000E+00   3.56800E-04   8.61172E-03   7.58734E-02   2.12488E-04   7.73786E-04   1.83879E-07   8.43828E-04   7.13609E-04   5.71851E-07   1.28291E-06   1.02770E-06   3.00066E-03   1.09895E-03   1.05985E+00   8.46780E-01   8.26644E+02
 3.20000E+01   6.40000E+00   3.00000E+00   0.00000E+00   0.00000E+00   0.00000E+00   4.14197E-04   9.51406E-03   7.75292E-02   2.27090E-04   8.86088E-04   1.74104E-07   8.96956E-04   6.90969E-04   5.66048E-07   1.21126E-06   9.56156E-07   3.24456E-03   1.18537E-03   1.22911E+00   8.04896E-01   2.50672E-03
 3.20000E+01   6.40000E+00   3.10000E+00   0.00000E+00   0.00000E+00   0.00000E+00   4.77984E-04   1.05138E-02   8.14969E-02   2.43374E-04   9.95581E-04   1.64081E-07   9.53778E-04   6.58266E-04   5.54976E-07   1.13355E-06   8.84652E-07   3.52411E-03   1.28291E-03   1.38214E+00   7.95003E-01   2.34087E-03
 3.20000E+01   6.40000E+00   3.20000E+00   0.00000E+00   0.00000E+00   0.00000E+00   5.48080E-04   1.16849E-02   8.75644E-02   2.61492E-04   1.09729E-03   1.53865E-07   1.01206E-03   6.13189E-04   5.39722E-07   1.04221E-06   7.99849E-07   3.84378E-03   1.39233E-03   1.50844E+00   8.29754E-01   2.14172E-03
 3.20000E+01   6.40000E+00   3.30000E+00   0.00000E+00   0.00000E+00   0.00000E+00   6.24873E-04   1.30229E-02   9.37856E-02   2.80819E-04   1.18896E-03   1.43423E-07   1.06923E-03   5.54949E-04   5.21160E-07   9.04269E-07   6.62484E-07   4.20624E-03   1.51423E-03   1.60614E+00   9.10855E-01   1.82612E-03
 3.20000E+01   6.40000E+00   3.40000E+00   0.00000E+00   0.00000E+00   0.00000E+00   7.08945E-04   1.44225E-02   9.82470E-02   3.00541E-04   1.27333E-03   1.32693E-07   1.12805E-03   4.86429E-04   4.99768E-07   6.87744E-07   4.39700E-07   4.61195E-03   1.64961E-03   1.68080E+00   1.03517E+00   1.33005E-03
 3.20000E+01   6.40000E+00   3.50000E+00   0.00000E+00   0.00000E+00   0.00000E+00   8.00729E-04   1.57873E-02   1.00516E-01   3.19828E-04   1.35574E-03   1.21659E-07   1.19562E-03   4.17225E-04   4.75638E-07   6.28984E-07   4.02224E-07   5.06033E-03   1.79972E-03   1.73828E+00   1.19928E+00   1.29598E-03
 3.20000E+01   6.40000E+00   3.60000E+00   0.00000E+00   0.00000E+00   0.00000E+00   9.00317E-04   1.70683E-02   1.00615E-01   3.37949E-04   1.43957E-03   1.10729E-07   1.27619E-03   3.57223E-04   4.44950E-07   1.37324E-06   1.04722E-06   5.55154E-03   1.96532E-03   1.78153E+00   1.39794E+00   3.02233E-03
 3.20000E+01   6.40000E+00   3.70000E+00   0.00000E+00   0.00000E+00   0.00000E+00   1.00761E-03   1.82777E-02   1.00107E-01   3.54564E-04   1.52567E-03   1.01887E-07   1.36929E-03   3.17438E-04   3.76690E-07   2.82135E-06   2.11240E-06   6.08649E-03   2.14669E-03   1.81339E+00   1.62597E+00   6.11239E-03
 3.20000E+01   6.40000E+00   3.80000E+00   0.00000E+00   0.00000E+00   0.00000E+00   1.12256E-03   1.94491E-02   9.97736E-02   3.70467E-04   1.61297E-03   1.00878E-07   1.47192E-03   3.13433E-04   4.23677E-07   4.90265E-06   3.57483E-06   6.66499E-03   2.34345E-03   1.83576E+00   1.87957E+00   1.04738E-02
 3.20000E+01   6.40000E+00   3.90000E+00   0.00000E+00   0.00000E+00   0.00000E+00   1.24521E-03   2.06424E-02   1.00428E-01   3.86607E-04   1.69954E-03   1.26072E-07   1.58167E-03   3.57124E-04   1.14536E-06   7.64606E-06   5.50097E-06   7.28564E-03   2.55490E-03   1.84958E+00   2.15682E+00   1.62078E-02
 3.20000E+01   6.40000E+00   4.00000E+00   0.00000E+00   0.00000E+00   0.00000E+00   1.37575E-03   2.18986E-02   1.00440E-01   4.03444E-04   1.78319E-03   1.96881E-07   1.69697E-03   4.46407E-04   2.59800E-06   1.10646E-05   7.96320E-06   7.94672E-03   2.78033E-03   1.74097E+02   2.45705E+00   2.33896E-02
 3.20000E+01   6.40000E+00   4.10000E+00   0.00000E+00   0.00000E+00   0.00000E+00   1.51431E-03   2.31976E-02   9.92121E-02   4.21042E-04   1.86237E-03   3.17609E-07   1.81754E-03   5.71635E-04   4.81298E-06   1.51712E-05   1.09912E-05   8.64646E-03   3.01915E-03   1.85112E+00   2.78228E+00   3.20545E-02
 3.20000E+01   6.40000E+00   4.20000E+00   0.00000E+00   0.00000E+00   0.00000E+00   1.66084E-03   2.44945E-02   9.70113E-02   4.39225E-04   1.93828E-03   4.88846E-07   1.94442E-03   7.24552E-04   7.82136E-06   1.99492E-05   1.45409E-05   9.38249E-03   3.27087E-03   1.84151E+00   3.13586E+00   4.21280E-02
 3.20000E+01   6.40000E+00   4.30000E+00   0.00000E+00   0.00000E+00   0.00000E+00   1.81516E-03   2.57807E-02   9.47266E-02   4.57697E-04   2.01256E-03   7.13667E-07   2.07817E-03   8.99823E-04   1.16217E-05   2.52528E-05   1.85256E-05   1.01521E-02   3.53482E-03   1.82895E+00   3.51873E+00   5.33089E-02
 3.20000E+01   6.40000E+00   4.40000E+00   0.00000E+00   0.00000E+00   0.00000E+00   1.97705E-03   2.70550E-02   9.27549E-02   4.76134E-04   2.08660E-03   1.00069E-06   2.21917E-03   1.09413E-03   1.61635E-05   3.08321E-05   2.28536E-05   1.09524E-02   3.81020E-03   1.81455E+00   3.93028E+00   6.51400E-02
 3.20000E+01   6.40000E+00   4.50000E+00   0.00000E+00   0.00000E+00   0.00000E+00   2.14627E-03   2.83084E-02   9.18054E-02   4.94254E-04   2.16135E-03   1.36315E-06   2.36651E-03   1.30530E-03   2.13233E-05   3.64094E-05   2.74119E-05   1.17800E-02   4.09594E-03   1.79839E+00   4.36804E+00   7.71110E-02
 3.20000E+01   6.40000E+00   4.60000E+00   0.00000E+00   0.00000E+00   0.00000E+00   2.32256E-03   2.95358E-02   9.14409E-02   5.11865E-04   2.23742E-03   1.80932E-06   2.51808E-03   1.53133E-03   2.69486E-05   4.17153E-05   3.20268E-05   1.26314E-02   4.39077E-03   1.78022E+00   4.82774E+00   1.82940E+01
 3.20000E+01   6.40000E+00   4.70000E+00   0.00000E+00   0.00000E+00   0.00000E+00   2.50557E-03   3.07152E-02   9.13455E-02   5.28865E-04   2.31529E-03   2.32884E-06   2.67114E-03   1.77014E-03   3.28657E-05   4.64656E-05   3.64780E-05   1.35031E-02   4.69334E-03   1.06768E+02   5.30395E+00   9.92647E-02
 3.20000E+01   6.40000E+00   4.80000E+00   0.00000E+00   0.00000E+00   0.00000E+00   2.69485E-03   3.18220E-02   9.20281E-02   5.45235E-04   2.39549E-03   2.89425E-06   3.84400E-02   2.01956E-03   3.88796E-05   5.03873E-05   4.05356E-05   1.43915E-02   1.37229E-02   1.73730E+00   4.14540E+01   1.08276E-01
 3.20000E+01   6.40000E+00   4.90000E+00   0.00000E+00   0.00000E+00   0.00000E+00   2.88997E-03   3.28615E-02   9.36025E-02   5.61031E-04   2.47898E-03   3.46825E-06   5.34498E-02   3.51240E-02   4.47123E-05   5.32563E-05   4.39678E-05   1.52932E-02   2.19366E-02   1.71407E+00   4.84284E+02   2.49159E+03
 3.20000E+01   6.40000E+00   5.00000E+00   0.00000E+00   0.00000E+00   0.00000E+00   3.09050E-03   3.38313E-02   9.57023E-02   5.76363E-04   2.56671E-03   4.00947E-06   5.34725E-02   3.51252E-02   5.01582E-05   5.49212E-05   4.65684E-05   1.62046E-02   2.20167E-02   1.74095E+02   5.90080E+00   1.19674E-01
 6.40000E+01   1.28000E+01   5.00000E-01   0.00000E+00   0.00000E+00   0.00000E+00   4.13220E-06   7.62025E-03   4.11517E-02   1.96276E-01   1.40944E-01   0.00000E+00   1.27834E-01   1.71793E-01   0.00000E+00   6.46600E-09   5.29950E-10   2.82230E-01   1.42944E-01   8.67358E+01   6.91474E+01   3.75807E-05
 6.40000E+01   1.28000E+01   6.00000E-01   0.00000E+00   0.00000E+00   0.00000E+00   4.13289E-06   7.60860E-03   3.72416E-02   1.96276E-01   1.24323E-01   0.00000E+00   1.27834E-01   1.71793E-01   0.00000E+00   4.77954E-11   4.26709E-13   2.82230E-01   1.41220E-01   1.95945E+03   2.42973E+03   4.81926E+03
 6.40000E+01   1.28000E+01   7.00000E-01   0.00000E+00   0.00000E+00   0.00000E+00   4.16402E-06   7.51244E-03   5.63186E-02   1.92903E-01   9.24836E-02   0.00000E+00   9.75824E-02   1.71793E-01   0.00000E+00   1.24326E-11   6.14018E-12   2.82230E-01   1.35176E-01   6.63572E+02   1.01302E+06   1.01302E+06
 6.40000E+01   1.28000E+01   8.00000E-01   0.00000E+00   0.00000E+00   0.00000E+00   4.30447E-06   7.36518E-03   7.75418E-02   1.61367E-01   8.33213E-02   0.00000E+00   8.67780E-02   1.34493E-01   0.00000E+00   1.98982E-12   7.59735E-12   2.39263E-01   1.13454E-01   1.01303E+06   1.10392E+06   4.38664E+05
 6.40000E+01   1.28000E+01   9.00000E-01   0.00000E+00   0.00000E+00   0.00000E+00   4.60896E-06   7.21412E-03   8.04963E-02   1.11827E-01   1.96872E-02   1.64639E-09   3.01398E-02   9.15749E-02   7.74049E-10   1.08754E-12   1.81007E-12   1.50657E-01   7.06201E-02   7.94127E+03   1.01305E+06   1.01305E+06
 6.40000E+01   1.28000E+01   1.00000E+00   0.00000E+00   0.00000E+00   0.00000E+00   5.02719E-06   7.05941E-03   7.34255E-02   6.71579E-02   1.96875E-02   5.78924E-09   8.01343E-03   6.14077E-02   1.95164E-07   5.24723E-13   1.26691E-12   1.11859E-01   4.85859E-02   4.00786E+02   1.10391E+06   1.10391E+06
 6.40000E+01   1.28000E+01   1.10000E+00   0.00000E+00   0.00000E+00   0.00000E+00   5.45446E-06   6.88381E-03   6.66221E-02   1.28757E-04   1.27950E-03   7.18003E-09   9.64693E-04   1.46500E-04   1.31509E-07   9.57389E-11   1.57798E-10   7.37399E-02   2.45859E-02   3.11549E+00   5.06213E+00   1.21157E-06
 6.40000E+01   1.28000E+01   1.20000E+00   0.00000E+00   0.00000E+00   0.00000E+00   5.80550E-06   6.58780E-03   6.18314E-02   1.03943E-04   1.00201E-03   7.37882E-09   4.70007E-04   1.37048E-04   9.70579E-08   2.25589E-09   3.48528E-09   3.92187E-02   1.30782E-02   2.33041E+00   1.18565E+00   2.52444E-05
 6.40000E+01   1.28000E+01   1.30000E+00   0.00000E+00   0.00000E+00   0.00000E+00   6.05572E-06   6.13196E-03   5.67264E-02   9.34979E-05   8.03899E-04   6.57095E-09   3.75678E-04   1.25548E-04   7.12929E-08   9.39365E-09   1.41924E-08   1.01571E-02   3.39899E-03   1.80940E+00   9.55365E-01   1.00907E-04
 6.40000E+01   1.28000E+01   1.40000E+00   0.00000E+00   0.00000E+00   0.00000E+00   6.23515E-06   5.56007E-03   5.38979E-02   8.46497E-05   6.54666E-04   5.33965E-09   3.05388E-04   1.12742E-04   4.88640E-08   2.18942E-08   3.20899E-08   3.25794E-04   2.68301E-04   1.44290E+00   7.74081E-01   2.27976E-04
 6.40000E+01   1.28000E+01   1.50000E+00   0.00000E+00   0.00000E+00   0.00000E+00   6.35781E-06   4.93779E-03   5.42502E-02   7.56207E-05   5.36364E-04   4.04436E-09   2.51404E-04   9.94526E-05   3.10487E-08   3.80626E-08   5.29708E-08   3.26045E-04   2.29203E-04   1.15289E+00   6.37110E-01   3.81833E-04
 6.40000E+01   1.28000E+01   1.60000E+00   0.00000E+00   0.00000E+00   0.00000E+00   6.41478E-06   4.28272E-03   5.48915E-02   6.79103E-05   4.38819E-04   2.83157E-09   2.08200E-04   8.64973E-05   1.84919E-08   5.58729E-08   7.22724E-08   3.26417E-04   1.98481E-04   9.05029E-01   5.37581E-01   5.36605E-04
 6.40000E+01   1.28000E+01   1.70000E+00   0.00000E+00   0.00000E+00   0.00000E+00   6.40378E-06   3.60507E-03   5.28396E-02   6.28867E-05   3.52776E-04   3.77902E-09   1.69620E-04   7.45285E-05   2.08275E-08   7.38904E-08   8.76873E-08   3.26916E-04   1.73078E-04   6.82839E-01   4.64179E-01   6.78497E-04
 6.40000E+01   1.28000E+01   1.80000E+00   0.00000E+00   0.00000E+00   0.00000E+00   6.34687E-06   2.93601E-03   4.99473E-02   6.04335E-05   2.74276E-04   9.96891E-09   1.33385E-04   6.40102E-05   4.33290E-08   9.11184E-08   9.87968E-08   3.27555E-04   1.52045E-04   4.86158E-01   4.06293E-01   8.02611E-04
 6.40000E+01   1.28000E+01   1.90000E+00   0.00000E+00   0.00000E+00   0.00000E+00   6.26750E-06   2.31423E-03   4.63355E-02   5.86131E-05   2.04454E-04   1.86003E-08   1.00691E-04   5.55710E-05   7.01281E-08   1.06926E-07   1.06105E-07   3.28336E-04   1.35920E-04   3.31139E-01   3.61561E-01   9.08168E-04
 6.40000E+01   1.28000E+01   2.00000E+00   0.00000E+00   0.00000E+00   0.00000E+00   6.18897E-06   1.78743E-03   4.14948E-02   5.64652E-05   1.45463E-04   2.70222E-08   7.35416E-05   5.00542E-05   9.35438E-08   1.20985E-07   1.10442E-07   3.29238E-04   1.25015E-04   2.41608E-01   3.34067E-01   9.96181E-04
 6.40000E+01   1.28000E+01   2.10000E+00   0.00000E+00   0.00000E+00   0.00000E+00   6.14491E-06   1.39590E-03   3.67694E-02   5.49537E-05   9.87037E-05   3.38623E-08   5.35112E-05   4.77428E-05   1.10502E-07   1.33165E-07   1.12579E-07   3.30244E-04   1.18774E-04   2.33960E-01   3.27437E-01   1.06808E-03
 6.40000E+01   1.28000E+01   2.20000E+00   0.00000E+00   0.00000E+00   0.00000E+00   6.17040E-06   1.18600E-03   3.25724E-02   5.52355E-05   6.51446E-05   3.88328E-08   4.09855E-05   4.80988E-05   1.20645E-07   1.43236E-07   1.12892E-07   3.31335E-04   1.15984E-04   2.78974E-01   3.39263E-01   3.42696E+03
 6.40000E+01   1.28000E+01   2.30000E+00   0.00000E+00   0.00000E+00   0.00000E+00   6.29226E-06   1.13467E-03   2.95370E-02   5.72004E-05   4.50828E-05   4.20580E-08   3.49952E-05   5.00173E-05   1.24945E-07   1.50861E-07   1.11474E-07   3.32517E-04   1.15277E-04   1.71348E+03   1.71348E+03   1.71348E+03
 6.40000E+01   1.28000E+01   2.40000E+00   0.00000E+00   0.00000E+00   0.00000E+00   6.52721E-06   1.16355E-03   2.72752E-02   6.00241E-05   3.68984E-05   4.37001E-08   3.33662E-05   5.21393E-05   1.24810E-07   1.55884E-07   1.08594E-07   3.33825E-04   1.15583E-04   1.21161E+03   1.21161E+03   1.21161E+03
 6.40000E+01   1.28000E+01   2.50000E+00   0.00000E+00   0.00000E+00   0.00000E+00   6.88025E-06   1.20699E-03   2.67406E-02   6.32653E-05   3.67626E-05   4.39554E-08   3.42483E-05   5.34120E-05   1.21507E-07   1.58375E-07   1.04698E-07   3.35311E-04   1.16339E-04   4.15698E-01   4.06858E-01   1.18571E-03
 6.40000E+01   1.28000E+01   2.60000E+00   0.00000E+00   0.00000E+00   0.00000E+00   7.34897E-06   1.23742E-03   2.64463E-02   6.71252E-05   4.18595E-05   4.31022E-08   3.69084E-05   5.35413E-05   1.16187E-07   1.58476E-07   1.00158E-07   3.37052E-04   1.17422E-04   4.48704E-01   4.20121E-01   1.17578E-03
 6.40000E+01   1.28000E+01   2.70000E+00   0.00000E+00   0.00000E+00   0.00000E+00   7.93672E-06   1.24926E-03   2.68698E-02   7.16492E-05   4.99604E-05   4.15955E-08   4.05887E-05   5.27155E-05   1.10194E-07   1.56564E-07   9.52226E-08   3.39118E-04   1.18817E-04   4.83059E-01   4.28676E-01   1.15435E-03
 6.40000E+01   1.28000E+01   2.80000E+00   0.00000E+00   0.00000E+00   0.00000E+00   8.65275E-06   1.24686E-03   2.77976E-02   7.65943E-05   5.88163E-05   3.98290E-08   4.41919E-05   5.12193E-05   1.04167E-07   1.52986E-07   9.00403E-08   3.41567E-04   1.20448E-04   5.19612E-01   4.34493E-01   1.12350E-03
 6.40000E+01   1.28000E+01   2.90000E+00   0.00000E+00   0.00000E+00   0.00000E+00   9.50654E-06   1.23365E-03   2.92250E-02   8.13909E-05   6.67943E-05   3.79886E-08   4.73455E-05   4.93229E-05   9.82271E-08   1.48086E-07   8.46836E-08   3.44457E-04   1.22207E-04   5.55192E-01   4.39179E-01   1.08493E-03
 6.40000E+01   1.28000E+01   3.00000E+00   0.00000E+00   0.00000E+00   0.00000E+00   1.05039E-05   1.21319E-03   3.07463E-02   8.54767E-05   7.35525E-05   3.61320E-08   5.03933E-05   4.72026E-05   9.23372E-08   1.42121E-07   7.92605E-08   3.47808E-04   1.24032E-04   5.87532E-01   4.43704E-01   1.03996E-03
 6.40000E+01   1.28000E+01   3.10000E+00   0.00000E+00   0.00000E+00   0.00000E+00   1.16527E-05   1.18960E-03   3.18934E-02   8.87421E-05   7.98854E-05   3.42532E-08   5.37809E-05   4.49785E-05   8.64261E-08   1.35363E-07   7.38339E-08   3.51660E-04   1.25979E-04   6.19305E-01   4.48668E-01   9.89985E-04
 6.40000E+01   1.28000E+01   3.20000E+00   0.00000E+00   0.00000E+00   0.00000E+00   1.29740E-05   1.16516E-03   3.26800E-02   9.14326E-05   8.65897E-05   3.23274E-08   5.78280E-05   4.28171E-05   8.04564E-08   1.28274E-07   6.84785E-08   3.56086E-04   1.28163E-04   6.53138E-01   4.55259E-01   9.37706E-04
 6.40000E+01   1.28000E+01   3.30000E+00   0.00000E+00   0.00000E+00   0.00000E+00   1.45043E-05   1.14406E-03   3.28515E-02   9.37466E-05   9.43338E-05   3.03374E-08   6.25498E-05   4.09763E-05   7.44276E-08   1.21828E-07   6.32670E-08   3.61245E-04   1.30715E-04   6.89325E-01   4.64801E-01   8.88935E-04
 6.40000E+01   1.28000E+01   3.40000E+00   0.00000E+00   0.00000E+00   0.00000E+00   1.62840E-05   1.13187E-03   3.24593E-02   9.54843E-05   1.03454E-04   2.82824E-08   6.75219E-05   3.96594E-05   6.83681E-08   1.17468E-07   5.87357E-08   3.67352E-04   1.33708E-04   7.24820E-01   4.77430E-01   8.53198E-04
 6.40000E+01   1.28000E+01   3.50000E+00   0.00000E+00   0.00000E+00   0.00000E+00   1.83469E-05   1.13601E-03   3.16908E-02   9.65616E-05   1.13335E-04   2.61756E-08   7.21278E-05   3.88861E-05   6.23243E-08   1.17363E-07   5.76383E-08   3.74631E-04   1.37126E-04   7.54093E-01   4.92114E-01   8.51198E-04
 6.40000E+01   1.28000E+01   3.60000E+00   0.00000E+00   0.00000E+00   0.00000E+00   2.07244E-05   1.16129E-03   3.12282E-02   9.71971E-05   1.22867E-04   2.41092E-08   7.58373E-05   3.86098E-05   5.63833E-08   1.24292E-07   6.83743E-08   3.83281E-04   1.40906E-04   7.71439E-01   5.07538E-01   9.29993E-04
 6.40000E+01   1.28000E+01   3.70000E+00   0.00000E+00   0.00000E+00   0.00000E+00   2.34591E-05   1.20825E-03   3.14928E-02   9.77883E-05   1.31335E-04   2.24945E-08   7.84532E-05   3.87320E-05   5.17230E-08   1.38012E-07   1.01356E-07   3.93478E-04   1.45026E-04   7.73093E-01   5.22622E-01   1.14575E-03
 6.40000E+01   1.28000E+01   3.80000E+00   0.00000E+00   0.00000E+00   0.00000E+00   2.65984E-05   1.27554E-03   3.21273E-02   9.87628E-05   1.38739E-04   2.25387E-08   8.01885E-05   3.91621E-05   5.82927E-08   1.58034E-07   1.61791E-07   4.05383E-04   1.49556E-04   7.57913E-01   5.36805E-01   1.55330E-03
 6.40000E+01   1.28000E+01   3.90000E+00   0.00000E+00   0.00000E+00   0.00000E+00   3.01794E-05   1.36220E-03   3.24694E-02   1.00505E-04   1.45638E-04   2.77072E-08   8.13930E-05   3.98975E-05   9.85075E-08   1.92420E-07   2.52626E-07   4.19149E-04   1.54637E-04   7.28592E-01   5.49455E-01   2.21443E-03
 6.40000E+01   1.28000E+01   4.00000E+00   0.00000E+00   0.00000E+00   0.00000E+00   3.42209E-05   1.46626E-03   3.24407E-02   1.03186E-04   1.52549E-04   4.18553E-08   8.24928E-05   4.09999E-05   1.79749E-07   2.46830E-07   3.78870E-07   4.34938E-04   1.60408E-04   2.16614E+00   4.56348E+01   3.53615E-01
 6.40000E+01   1.28000E+01   4.10000E+00   0.00000E+00   0.00000E+00   0.00000E+00   3.87283E-05   1.58679E-03   3.23091E-02   1.06820E-04   1.59779E-04   6.56642E-08   8.40289E-05   4.25641E-05   2.99302E-07   3.19797E-07   5.45429E-07   4.52892E-04   1.66974E-04   6.47341E-01   5.68287E-01   4.40873E-03
 6.40000E+01   1.28000E+01   4.20000E+00   0.00000E+00   0.00000E+00   0.00000E+00   4.36941E-05   1.72526E-03   3.23472E-02   1.11459E-04   1.67682E-04   9.79217E-08   8.66402E-05   4.46699E-05   4.54317E-07   4.10088E-07   7.50299E-07   4.73092E-04   1.74438E-04   6.04552E-01   5.74533E-01   5.93703E-03
 6.40000E+01   1.28000E+01   4.30000E+00   0.00000E+00   0.00000E+00   0.00000E+00   4.90979E-05   1.88412E-03   3.25584E-02   1.17210E-04   1.76669E-04   1.37178E-07   9.09520E-05   4.73813E-05   6.41714E-07   5.20663E-07   9.85273E-07   4.95557E-04   1.82892E-04   8.79290E+00   5.79687E-01   3.58092E-02
 6.40000E+01   1.28000E+01   4.40000E+00   0.00000E+00   0.00000E+00   0.00000E+00   5.49089E-05   2.06591E-03   3.28931E-02   1.24219E-04   1.87258E-04   1.82071E-07   9.74801E-05   5.07548E-05   8.57219E-07   6.53943E-07   1.24167E-06   5.20278E-04   1.92431E-04   5.40683E-01   5.81893E-01   9.66201E-03
 6.40000E+01   1.28000E+01   4.50000E+00   0.00000E+00   0.00000E+00   0.00000E+00   6.10876E-05   2.27261E-03   3.34706E-02   1.32642E-04   1.99968E-04   2.31340E-07   1.06563E-04   5.48352E-05   1.09225E-06   8.04313E-07   1.51336E-06   5.47225E-04   2.03143E-04   5.31751E-01   5.83462E-01   1.17358E-02
 6.40000E+01   1.28000E+01   4.60000E+00   0.00000E+00   0.00000E+00   0.00000E+00   6.75878E-05   2.50522E-03   3.43264E-02   1.42600E-04   2.15194E-04   2.83372E-07   1.18341E-04   5.96625E-05   1.33522E-06   9.56965E-07   1.79620E-06   5.76330E-04   2.15089E-04   5.44524E-01   5.84078E-01   1.38421E-02
 6.40000E+01   1.28000E+01   4.70000E+00   0.00000E+00   0.00000E+00   0.00000E+00   7.43640E-05   2.76459E-03   3.55226E-02   1.54179E-04   2.33135E-04   3.36035E-07   1.32781E-04   6.52705E-05   1.57421E-06   1.09559E-06   2.08795E-06   6.07489E-04   2.28294E-04   5.80173E-01   5.84275E-01   1.58997E-02
 6.40000E+01   1.28000E+01   4.80000E+00   0.00000E+00   0.00000E+00   0.00000E+00   8.13733E-05   3.05136E-03   3.71414E-02   1.67446E-04   2.53812E-04   3.86917E-07   1.49736E-04   7.16855E-05   1.79705E-06   1.20905E-06   2.38355E-06   6.40574E-04   2.42754E-04   6.36300E-01   5.84775E-01   1.78349E-02
 6.40000E+01   1.28000E+01   4.90000E+00   0.00000E+00   0.00000E+00   0.00000E+00   8.85748E-05   3.36559E-03   3.90775E-02   1.82450E-04   2.77137E-04   4.33647E-07   1.68996E-04   7.89236E-05   1.99119E-06   1.29216E-06   2.67104E-06   6.75449E-04   2.58441E-04   7.08486E-01   5.86423E-01   1.95689E-02
 6.40000E+01   1.28000E+01   5.00000E+00   0.00000E+00   0.00000E+00   0.00000E+00   9.59291E-05   3.70699E-03   4.12088E-02   1.99215E-04   3.02958E-04   4.74101E-07   1.90320E-04   8.69910E-05   2.14634E-06   1.34279E-06   2.93695E-06   7.11978E-04   2.75315E-04   7.92032E-01   5.90145E-01   2.10341E-02
 1.28000E+02   2.56000E+01   5.00000E-01   0.00000E+00   0.00000E+00   0.00000E+00   1.05359E-06   1.34993E-03   2.39314E-02   1.76899E-01   1.36621E-01   0.00000E+00   1.32042E-01   1.50721E-01   0.00000E+00   4.59695E-09   1.40900E-10   2.47394E-01   1.29664E-01   1.39479E+02   1.22589E+02   1.06480E-04
 1.28000E+02   2.56000E+01   6.00000E-01   0.00000E+00   0.00000E+00   0.00000E+00   1.05374E-06   1.33844E-03   1.92578E-02   1.76899E-01   1.28299E-01   0.00000E+00   1.15808E-01   1.50721E-01   0.00000E+00   2.14730E-12   4.69936E-11   2.47394E-01   1.26967E-01   1.09593E+03   1.47942E+03   1.09020E-06
 1.28000E+02   2.56000E+01   7.00000E-01   0.00000E+00   0.00000E+00   0.00000E+00   1.05778E-06   1.27503E-03   3.12648E-02   1.74772E-01   1.04785E-01   0.00000E+00   1.08264E-01   1.46250E-01   0.00000E+00   1.27002E-12   5.35456E-12   2.47394E-01   1.22854E-01   2.12696E+03   1.94759E+03   1.29269E-07
 1.28000E+02   2.56000E+01   8.00000E-01   0.00000E+00   0.00000E+00   0.00000E+00   1.07729E-06   1.20050E-03   4.10815E-02   1.36322E-01   8.46132E-02   0.00000E+00   9.10012E-02   1.34475E-01   0.00000E+00   6.36225E-13   2.52110E-13   2.08285E-01   1.03005E-01   2.59540E+03   2.06861E+03   7.91422E+03
 1.28000E+02   2.56000E+01   9.00000E-01   0.00000E+00   0.00000E+00   0.00000E+00   1.11890E-06   1.13500E-03   4.11298E-02   1.13214E-01   4.52490E-02   0.00000E+00   4.50411E-02   9.67423E-02   8.47497E-10   3.01278E-13   5.23864E-14   1.77528E-01   8.01171E-02   2.68763E+03   2.33251E+03   6.48885E-09
 1.28000E+02   2.56000E+01   1.00000E+00   0.00000E+00   0.00000E+00   0.00000E+00   1.17554E-06   1.07166E-03   3.90058E-02   4.72129E-02   2.06554E-02   1.75315E-10   1.28282E-02   4.61239E-02   3.11620E-09   4.45153E-14   5.25546E-14   1.26777E-01   4.83276E-02   1.18497E+03   1.10222E+03   1.49733E-09
 1.28000E+02   2.56000E+01   1.10000E+00   0.00000E+00   0.00000E+00   0.00000E+00   1.23525E-06   1.00463E-03   3.77690E-02   6.89021E-05   1.70650E-04   4.10626E-09   1.00923E-02   5.44909E-05   2.68170E-09   1.54707E-10   4.26157E-11   7.08982E-02   2.38711E-02   2.75747E+00   2.34734E+02   4.04413E-06
 1.28000E+02   2.56000E+01   1.20000E+00   0.00000E+00   0.00000E+00   0.00000E+00   1.28838E-06   9.27582E-04   3.55795E-02   5.66499E-05   1.36324E-04   2.84174E-09   6.36186E-05   4.61374E-05   2.44240E-09   1.88407E-09   7.21037E-10   2.74008E-02   9.13377E-03   2.01049E+00   9.66649E-01   5.05540E-05
 1.28000E+02   2.56000E+01   1.30000E+00   0.00000E+00   0.00000E+00   0.00000E+00   1.33115E-06   8.39324E-04   3.26109E-02   4.57830E-05   1.11808E-04   2.01155E-09   5.10575E-05   3.96703E-05   2.43371E-09   6.13041E-09   2.56962E-09   3.92224E-03   1.30821E-03   1.54073E+00   2.93568E+00   2.00393E+02
 1.28000E+02   2.56000E+01   1.40000E+00   0.00000E+00   0.00000E+00   0.00000E+00   1.36522E-06   7.45678E-04   3.08992E-02   3.63752E-05   9.24830E-05   1.35137E-09   4.15952E-05   3.42347E-05   1.80805E-09   1.24838E-08   5.51779E-09   5.86364E-05   4.24482E-05   1.22485E+00   6.71996E-01   3.35614E-04
 1.28000E+02   2.56000E+01   1.50000E+00   0.00000E+00   0.00000E+00   0.00000E+00   1.39133E-06   6.51763E-04   3.03258E-02   2.90212E-05   7.63177E-05   8.44474E-10   3.43024E-05   2.94803E-05   1.29492E-09   2.00164E-08   8.91222E-09   5.85581E-05   3.67294E-05   9.93346E-01   5.62448E-01   5.35507E-04
 1.28000E+02   2.56000E+01   1.60000E+00   0.00000E+00   0.00000E+00   0.00000E+00   1.40921E-06   5.58959E-04   2.92012E-02   2.36991E-05   6.25582E-05   4.87863E-10   2.85224E-05   2.52506E-05   9.11624E-10   2.78775E-08   1.21769E-08   5.84975E-05   3.22288E-05   8.06697E-01   1.97588E+00   1.58691E+02
 1.28000E+02   2.56000E+01   1.70000E+00   0.00000E+00   0.00000E+00   0.00000E+00   1.41954E-06   4.69694E-04   2.75720E-02   1.99944E-05   5.06734E-05   5.65825E-10   2.35044E-05   2.14534E-05   2.77430E-09   3.54144E-08   1.49159E-08   5.84694E-05   2.86724E-05   6.48463E-01   4.15177E-01   9.36358E-04
 1.28000E+02   2.56000E+01   1.80000E+00   0.00000E+00   0.00000E+00   0.00000E+00   1.42482E-06   3.91634E-04   2.57561E-02   1.74614E-05   4.02246E-05   1.37614E-09   1.88550E-05   1.81798E-05   6.69266E-09   4.22902E-08   1.70175E-08   5.84950E-05   2.58857E-05   5.15126E-01   3.73348E-01   1.11206E-03
 1.28000E+02   2.56000E+01   1.90000E+00   0.00000E+00   0.00000E+00   0.00000E+00   1.42804E-06   3.32612E-04   2.35298E-02   1.57228E-05   3.10759E-05   2.49368E-09   1.47075E-05   1.57073E-05   1.10115E-08   4.82992E-08   1.85270E-08   5.86040E-05   2.38290E-05   4.07520E-01   1.07613E+00   1.23488E+02
 1.28000E+02   2.56000E+01   2.00000E+00   0.00000E+00   0.00000E+00   0.00000E+00   1.43237E-06   3.00749E-04   2.12578E-02   1.44184E-05   2.33815E-05   3.63619E-09   1.13589E-05   1.42972E-05   1.47315E-08   5.34037E-08   1.95280E-08   5.88160E-05   2.24780E-05   3.31776E-01   3.51940E-01   1.39271E-03
 1.28000E+02   2.56000E+01   2.10000E+00   0.00000E+00   0.00000E+00   0.00000E+00   1.44199E-06   3.01267E-04   1.91591E-02   1.33835E-05   1.73506E-05   4.64413E-09   9.04890E-06   1.40022E-05   1.74034E-08   5.76116E-08   2.01154E-08   5.91359E-05   2.17439E-05   2.90537E-01   3.72583E-01   1.14913E-01
 1.28000E+02   2.56000E+01   2.20000E+00   0.00000E+00   0.00000E+00   0.00000E+00   1.46140E-06   3.25064E-04   1.73388E-02   1.27063E-05   1.30710E-05   5.43966E-09   7.86467E-06   1.46028E-05   1.90140E-08   6.08697E-08   2.04163E-08   5.95744E-05   2.14903E-05   2.79974E-01   9.44963E-01   1.07892E+02
 1.28000E+02   2.56000E+01   2.30000E+00   0.00000E+00   0.00000E+00   0.00000E+00   1.49393E-06   3.57870E-04   1.60327E-02   1.25227E-05   1.04169E-05   5.99972E-09   7.62725E-06   1.56869E-05   1.97490E-08   6.31526E-08   2.03671E-08   6.01307E-05   2.15646E-05   2.92352E-01   4.48677E-01   1.63419E-03
 1.28000E+02   2.56000E+01   2.40000E+00   0.00000E+00   0.00000E+00   0.00000E+00   1.54145E-06   3.88506E-04   1.53395E-02   1.28736E-05   9.12394E-06   6.32727E-09   8.00761E-06   1.68490E-05   1.98266E-08   6.44199E-08   2.00393E-08   6.08022E-05   2.18426E-05   2.76671E+02   4.88647E-01   1.66404E-03
 1.28000E+02   2.56000E+01   2.50000E+00   0.00000E+00   0.00000E+00   0.00000E+00   1.60392E-06   4.11167E-04   1.54717E-02   1.36996E-05   9.06648E-06   6.44154E-09   8.76077E-06   1.78478E-05   1.94325E-08   6.46270E-08   1.95093E-08   6.15927E-05   2.22582E-05   3.55438E-01   5.23500E-01   1.66736E-03
 1.28000E+02   2.56000E+01   2.60000E+00   0.00000E+00   0.00000E+00   0.00000E+00   1.67957E-06   4.25923E-04   1.62222E-02   1.48080E-05   1.03513E-05   6.37726E-09   9.76017E-06   1.85843E-05   1.87257E-08   6.39172E-08   1.88094E-08   6.25047E-05   2.27886E-05   3.96664E-01   5.51380E-01   1.64780E-03
 1.28000E+02   2.56000E+01   2.70000E+00   0.00000E+00   0.00000E+00   0.00000E+00   1.76587E-06   4.34912E-04   1.69996E-02   1.59750E-05   1.27967E-05   6.19341E-09   1.09072E-05   1.90643E-05   1.79029E-08   6.24263E-08   1.79897E-08   6.35290E-05   2.34220E-05   4.41850E-01   5.72534E-01   1.60871E-03
 1.28000E+02   2.56000E+01   2.80000E+00   0.00000E+00   0.00000E+00   0.00000E+00   1.86050E-06   4.40710E-04   1.78472E-02   1.70655E-05   1.56205E-05   5.94758E-09   1.20584E-05   1.93317E-05   1.70561E-08   6.02648E-08   1.70916E-08   6.46471E-05   2.41145E-05   4.88752E-01   5.88167E-01   1.55307E-03
 1.28000E+02   2.56000E+01   2.90000E+00   0.00000E+00   0.00000E+00   0.00000E+00   1.96163E-06   4.45594E-04   1.85887E-02   1.79828E-05   1.81272E-05   5.67298E-09   1.30893E-05   1.94329E-05   1.61949E-08   5.75735E-08   1.61198E-08   6.58377E-05   2.48004E-05   5.33696E-01   5.99753E-01   1.48421E-03
 1.28000E+02   2.56000E+01   3.00000E+00   0.00000E+00   0.00000E+00   0.00000E+00   2.06782E-06   4.50485E-04   1.92315E-02   1.86552E-05   2.00614E-05   5.38281E-09   1.39398E-05   1.94025E-05   1.53128E-08   5.45443E-08   1.51070E-08   6.70931E-05   2.54356E-05   5.74041E-01   6.08288E-01   1.40681E-03
 1.28000E+02   2.56000E+01   3.10000E+00   0.00000E+00   0.00000E+00   0.00000E+00   2.17791E-06   4.56332E-04   1.97781E-02   1.90402E-05   2.15198E-05   5.08231E-09   1.46072E-05   1.92506E-05   1.44063E-08   5.13552E-08   1.40821E-08   6.84319E-05   2.60182E-05   6.09859E-01   6.13702E-01   1.32522E-03
 1.28000E+02   2.56000E+01   3.20000E+00   0.00000E+00   0.00000E+00   0.00000E+00   2.29115E-06   4.62580E-04   1.99852E-02   1.91633E-05   2.27360E-05   4.77316E-09   1.51262E-05   1.89696E-05   1.34779E-08   4.80511E-08   1.30995E-08   6.98950E-05   2.65793E-05   6.42624E-01   6.15465E-01   1.24107E-03
 1.28000E+02   2.56000E+01   3.30000E+00   0.00000E+00   0.00000E+00   0.00000E+00   2.40759E-06   4.67990E-04   1.99504E-02   1.91269E-05   2.39075E-05   4.45620E-09   1.55317E-05   1.85404E-05   1.25335E-08   4.49508E-08   1.23438E-08   7.15370E-05   2.71619E-05   6.73534E-01   6.12783E-01   1.16357E-03
 1.28000E+02   2.56000E+01   3.40000E+00   0.00000E+00   0.00000E+00   0.00000E+00   2.52836E-06   4.70883E-04   1.96757E-02   1.90512E-05   2.51380E-05   4.13193E-09   1.58381E-05   1.79638E-05   1.15784E-08   4.18594E-08   1.21901E-08   7.34178E-05   2.78060E-05   7.02891E-01   6.05515E-01   1.09265E-03
 1.28000E+02   2.56000E+01   3.50000E+00   0.00000E+00   0.00000E+00   0.00000E+00   2.65550E-06   4.70150E-04   1.91766E-02   1.90407E-05   2.64762E-05   3.80128E-09   1.60385E-05   1.72779E-05   1.06169E-08   3.87475E-08   1.31849E-08   7.55810E-05   2.85419E-05   7.30444E-01   5.94405E-01   1.03871E-03
 1.28000E+02   2.56000E+01   3.60000E+00   0.00000E+00   0.00000E+00   0.00000E+00   2.79117E-06   4.66040E-04   1.86178E-02   1.91283E-05   2.79687E-05   3.52118E-09   1.61159E-05   1.65568E-05   9.72930E-09   3.71970E-08   1.60503E-08   7.80444E-05   2.93881E-05   1.50883E+00   1.01157E+02   3.94938E-02
 1.28000E+02   2.56000E+01   3.70000E+00   0.00000E+00   0.00000E+00   0.00000E+00   2.93685E-06   4.59434E-04   1.82159E-02   1.92149E-05   2.96751E-05   3.73882E-09   1.60646E-05   1.58732E-05   9.57420E-09   4.23204E-08   2.17659E-08   8.08016E-05   3.03475E-05   2.76671E+02   5.65010E-01   1.28523E-03
 1.28000E+02   2.56000E+01   3.80000E+00   0.00000E+00   0.00000E+00   0.00000E+00   3.09303E-06   4.51126E-04   1.81376E-02   1.92154E-05   3.16394E-05   5.32877E-09   1.59208E-05   1.52753E-05   1.17878E-08   5.87451E-08   3.13438E-08   8.38439E-05   3.14234E-05   7.96864E-01   5.48145E-01   2.78345E+00
 1.28000E+02   2.56000E+01   3.90000E+00   0.00000E+00   0.00000E+00   0.00000E+00   3.25954E-06   4.41341E-04   1.82191E-02   1.91218E-05   3.38466E-05   8.95781E-09   1.57648E-05   1.47863E-05   1.84038E-08   8.40463E-08   4.57998E-08   8.71736E-05   3.26218E-05   8.12557E-01   5.30929E-01   2.61028E-03
 1.28000E+02   2.56000E+01   4.00000E+00   0.00000E+00   0.00000E+00   0.00000E+00   3.43613E-06   4.30409E-04   1.83664E-02   1.89777E-05   3.62717E-05   1.46398E-08   1.56782E-05   1.44069E-05   3.03242E-08   1.15661E-07   6.56482E-08   9.08071E-05   3.39527E-05   8.27006E-01   5.14113E-01   3.62753E-03
 1.28000E+02   2.56000E+01   4.10000E+00   0.00000E+00   0.00000E+00   0.00000E+00   3.62251E-06   4.18960E-04   1.84719E-02   1.88456E-05   3.89003E-05   2.20644E-08   1.57304E-05   1.41351E-05   4.77002E-08   1.52511E-07   9.06884E-08   9.47654E-05   3.54278E-05   8.41897E-01   4.98321E-01   4.83564E-03
 1.28000E+02   2.56000E+01   4.20000E+00   0.00000E+00   0.00000E+00   0.00000E+00   3.81834E-06   4.08054E-04   1.85617E-02   1.87655E-05   4.17260E-05   3.07659E-08   1.59799E-05   1.39752E-05   7.03355E-08   1.92746E-07   1.20470E-07   9.90672E-05   3.70559E-05   8.57923E-01   4.84140E-01   6.17997E-03
 1.28000E+02   2.56000E+01   4.30000E+00   0.00000E+00   0.00000E+00   0.00000E+00   4.02314E-06   3.99054E-04   1.86318E-02   1.87473E-05   4.47612E-05   4.03333E-08   1.64724E-05   1.39369E-05   9.74770E-08   2.34160E-07   1.54647E-07   1.03733E-04   3.88461E-05   8.75079E-01   4.72028E-01   7.59699E-03
 1.28000E+02   2.56000E+01   4.40000E+00   0.00000E+00   0.00000E+00   0.00000E+00   4.23640E-06   3.93396E-04   1.86358E-02   1.87955E-05   4.80060E-05   5.05866E-08   1.72387E-05   1.40354E-05   1.28027E-07   2.75412E-07   1.92274E-07   1.08792E-04   4.08083E-05   8.92929E-01   4.62271E-01   9.03070E-03
 1.28000E+02   2.56000E+01   4.50000E+00   0.00000E+00   0.00000E+00   0.00000E+00   4.45783E-06   3.92478E-04   1.85011E-02   1.89211E-05   5.14516E-05   6.14527E-08   1.82958E-05   1.42976E-05   1.60831E-07   3.16582E-07   2.32061E-07   1.14278E-04   4.29522E-05   9.10796E-01   4.55008E-01   1.04482E-02
 1.28000E+02   2.56000E+01   4.60000E+00   0.00000E+00   0.00000E+00   0.00000E+00   4.68746E-06   3.98135E-04   1.82392E-02   1.91419E-05   5.51020E-05   7.26113E-08   1.96558E-05   1.47593E-05   1.94582E-07   3.58750E-07   2.72843E-07   1.20218E-04   4.52884E-05   9.27793E-01   4.50337E-01   1.18403E-02
 1.28000E+02   2.56000E+01   4.70000E+00   0.00000E+00   0.00000E+00   0.00000E+00   4.92544E-06   4.12673E-04   1.79111E-02   1.94831E-05   5.89815E-05   8.35026E-08   2.13292E-05   1.54604E-05   2.28204E-07   4.03967E-07   3.13939E-07   1.26628E-04   4.78275E-05   9.43100E-01   4.48394E-01   1.32241E-02
 1.28000E+02   2.56000E+01   4.80000E+00   0.00000E+00   0.00000E+00   0.00000E+00   5.17189E-06   4.38351E-04   1.76134E-02   1.99780E-05   6.31233E-05   9.35692E-08   2.33222E-05   1.64405E-05   2.61089E-07   4.54455E-07   3.54688E-07   1.33511E-04   5.05783E-05   9.55948E-01   4.49336E-01   1.46221E-02
 1.28000E+02   2.56000E+01   4.90000E+00   0.00000E+00   0.00000E+00   0.00000E+00   5.42685E-06   4.76783E-04   1.73544E-02   2.06686E-05   6.75670E-05   1.02286E-07   2.56352E-05   1.77351E-05   2.92829E-07   5.10981E-07   3.94443E-07   1.40863E-04   5.35486E-05   9.65795E-01   4.53312E-01   1.60374E-02
 1.28000E+02   2.56000E+01   5.00000E+00   0.00000E+00   0.00000E+00   0.00000E+00   5.69028E-06   5.28568E-04   1.71114E-02   2.16044E-05   7.23562E-05   1.09131E-07   2.82624E-05   1.93713E-05   3.23125E-07   5.71408E-07   4.32294E-07   1.48676E-04   5.67463E-05   9.72469E-01   4.60420E-01   1.74277E-02
 2.56000E+02   5.12000E+01   5.00000E-01   0.00000E+00   0.00000E+00   0.00000E+00   2.47705E-07   2.86759E-04   9.95105E-03   1.66783E-01   1.33824E-01   0.00000E+00   1.25223E-01   1.39316E-01   0.00000E+00   2.33881E-10   1.16245E-10   2.41069E-01   1.24244E-01   2.32475E+02   2.18649E+02   2.41713E-05
 2.56000E+02   5.12000E+01   6.00000E-01   0.00000E+00   0.00000E+00   0.00000E+00   2.47703E-07   2.85773E-04   8.21670E-03   1.66783E-01   1.25497E-01   0.00000E+00   1.21393E-01   1.39316E-01   0.00000E+00   4.14856E-12   3.86234E-12   2.41069E-01   1.22848E-01   4.30976E+03   2.85402E+03   5.25324E-07
 2.56000E+02   5.12000E+01   7.00000E-01   0.00000E+00   0.00000E+00   0.00000E+00   2.47755E-07   2.76617E-04   1.13245E-02   1.64807E-01   1.02396E-01   0.00000E+00   1.06560E-01   1.32180E-01   0.00000E+00   6.01524E-14   5.86430E-13   2.41069E-01   1.17656E-01   8.32954E+03   7.33075E+03   5.46468E-08
 2.56000E+02   5.12000E+01   8.00000E-01   0.00000E+00   0.00000E+00   0.00000E+00   2.48468E-07   2.62437E-04   1.67050E-02   1.18705E-01   5.44935E-02   0.00000E+00   7.43126E-02   9.88369E-02   0.00000E+00   7.21849E-15   1.08392E-14   1.92331E-01   8.77767E-02   1.00493E+04   7.91240E+03   9.54866E-10
 2.56000E+02   5.12000E+01   9.00000E-01   0.00000E+00   0.00000E+00   0.00000E+00   2.50577E-07   2.47879E-04   1.87700E-02   9.85918E-02   3.17686E-02   2.19499E-11   3.77454E-02   7.43144E-02   1.71272E-10   3.57712E-15   4.03330E-15   1.41858E-01   6.48079E-02   9.60055E+03   7.36952E+03   4.82699E-10
 2.56000E+02   5.12000E+01   1.00000E+00   0.00000E+00   0.00000E+00   0.00000E+00   2.54140E-07   2.33453E-04   1.84317E-02   5.56555E-02   1.10623E-02   8.62288E-11   1.53011E-02   4.30425E-02   8.45641E-10   1.36693E-15   2.72190E-15   1.01606E-01   4.16740E-02   5.25917E+03   4.23410E+03   3.10807E-10
 2.56000E+02   5.12000E+01   1.10000E+00   0.00000E+00   0.00000E+00   0.00000E+00   2.58602E-07   2.17952E-04   1.70633E-02   1.56074E-05   2.97125E-05   1.11635E-10   8.60040E-03   9.68303E-06   5.68876E-10   6.13566E-11   1.50150E-11   6.79055E-02   2.28160E-02   2.71110E+00   7.97595E+02   6.20088E-06
 2.56000E+02   5.12000E+01   1.20000E+00   0.00000E+00   0.00000E+00   0.00000E+00   2.63216E-07   2.00582E-04   1.52690E-02   1.34969E-05   2.40779E-05   8.13410E-11   1.07578E-05   8.88618E-06   3.99420E-10   3.16867E-10   2.02188E-10   3.33405E-02   1.11135E-02   2.17021E+00   1.01241E+00   3.80800E-05
 2.56000E+02   5.12000E+01   1.30000E+00   0.00000E+00   0.00000E+00   0.00000E+00   2.67409E-07   1.81192E-04   1.36779E-02   1.12603E-05   1.98660E-05   5.52580E-11   8.58988E-06   8.03114E-06   2.84404E-10   1.02182E-09   7.28639E-10   1.07601E-02   3.58670E-03   1.77052E+00   8.75606E-01   1.27027E-04
 2.56000E+02   5.12000E+01   1.40000E+00   0.00000E+00   0.00000E+00   0.00000E+00   2.71043E-07   1.60736E-04   1.27992E-02   9.16572E-06   1.63145E-05   3.73753E-11   6.92693E-06   7.15451E-06   1.97525E-10   1.93920E-09   1.65949E-09   8.18343E-04   2.72873E-04   1.43510E+00   7.56609E-01   2.57039E-04
 2.56000E+02   5.12000E+01   1.50000E+00   0.00000E+00   0.00000E+00   0.00000E+00   2.74134E-07   1.40025E-04   1.24809E-02   7.39488E-06   1.32520E-05   2.35216E-11   5.68264E-06   6.28025E-06   1.40215E-10   3.01070E-09   2.71870E-09   1.70159E-05   8.10744E-06   1.14615E+00   6.52924E-01   4.07657E-04
 2.56000E+02   5.12000E+01   1.60000E+00   0.00000E+00   0.00000E+00   0.00000E+00   2.76696E-07   1.19519E-04   1.23126E-02   5.97992E-06   1.06798E-05   2.77034E-11   4.75245E-06   5.43507E-06   1.78687E-10   4.07499E-09   3.74388E-09   1.70387E-05   7.39566E-06   9.00877E-01   5.62853E-01   5.54813E-04
 2.56000E+02   5.12000E+01   1.70000E+00   0.00000E+00   0.00000E+00   0.00000E+00   2.78751E-07   9.99413E-05   1.19081E-02   4.96422E-06   8.58240E-06   2.05780E-10   3.99854E-06   4.66050E-06   8.90991E-10   5.03765E-09   4.57673E-09   1.70931E-05   6.89754E-06   7.07936E-01   4.83816E-01   6.82801E-04
 2.56000E+02   5.12000E+01   1.80000E+00   0.00000E+00   0.00000E+00   0.00000E+00   2.80460E-07   8.31628E-05   1.13700E-02   4.31755E-06   6.85730E-06   5.99715E-10   3.32797E-06   4.00278E-06   2.10408E-09   5.91574E-09   5.18619E-09   1.71816E-05   6.56566E-06   5.68183E-01   4.16714E-01   7.90930E-04
 2.56000E+02   5.12000E+01   1.90000E+00   0.00000E+00   0.00000E+00   0.00000E+00   2.82149E-07   7.10732E-05   1.07361E-02   3.94609E-06   5.41356E-06   1.11426E-09   2.74547E-06   3.50536E-06   3.43142E-09   6.67355E-09   5.58752E-09   1.73029E-05   6.36041E-06   4.71438E-01   3.66230E-01   8.77858E-04
 2.56000E+02   5.12000E+01   2.00000E+00   0.00000E+00   0.00000E+00   0.00000E+00   2.84155E-07   6.49495E-05   1.00003E-02   3.75480E-06   4.23579E-06   1.63374E-09   2.30389E-06   3.21088E-06   4.56711E-09   7.27565E-09   5.80066E-09   1.74518E-05   6.25588E-06   4.10203E-01   3.39191E-01   9.42277E-04
 2.56000E+02   5.12000E+01   2.10000E+00   0.00000E+00   0.00000E+00   0.00000E+00   2.86838E-07   6.50235E-05   9.33750E-03   3.67011E-06   3.35430E-06   2.07973E-09   2.04613E-06   3.12566E-06   5.36427E-09   7.77894E-09   5.91107E-09   1.76233E-05   6.22948E-06   3.80495E-01   3.38591E-01   9.92887E-04
 2.56000E+02   5.12000E+01   2.20000E+00   0.00000E+00   0.00000E+00   0.00000E+00   2.90581E-07   6.94195E-05   8.65788E-03   3.66467E-06   2.79256E-06   2.41857E-09   1.96154E-06   3.20739E-06   5.80847E-09   8.14420E-09   5.90178E-09   1.78071E-05   6.25793E-06   3.78703E-01   3.59725E-01   1.02596E-03
 2.56000E+02   5.12000E+01   2.30000E+00   0.00000E+00   0.00000E+00   0.00000E+00   2.95693E-07   7.56269E-05   8.04220E-03   3.72654E-06   2.51682E-06   2.64216E-09   2.01132E-06   3.39489E-06   5.95940E-09   8.39758E-09   5.79449E-09   1.79919E-05   6.32017E-06   3.97604E-01   3.93832E-01   1.04415E-03
 2.56000E+02   5.12000E+01   2.40000E+00   0.00000E+00   0.00000E+00   0.00000E+00   3.02313E-07   8.16758E-05   7.60896E-03   3.83228E-06   2.43549E-06   2.75536E-09   2.16781E-06   3.62014E-06   5.89647E-09   8.49965E-09   5.60571E-09   1.81704E-05   6.39952E-06   4.25716E-01   4.32239E-01   1.04595E-03
 2.56000E+02   5.12000E+01   2.50000E+00   0.00000E+00   0.00000E+00   0.00000E+00   3.10406E-07   8.66537E-05   7.54177E-03   3.97360E-06   2.50050E-06   2.77169E-09   2.41390E-06   3.83051E-06   5.68791E-09   8.46882E-09   5.34509E-09   1.83404E-05   6.48856E-06   4.57897E-01   4.69051E-01   1.03215E-03
 2.56000E+02   5.12000E+01   2.60000E+00   0.00000E+00   0.00000E+00   0.00000E+00   3.19788E-07   9.03986E-05   7.77249E-03   4.14296E-06   2.73641E-06   2.71056E-09   2.72724E-06   4.00321E-06   5.39226E-09   8.33902E-09   5.06636E-09   1.85065E-05   6.58793E-06   4.95248E-01   5.01642E-01   1.00886E-03
 2.56000E+02   5.12000E+01   2.70000E+00   0.00000E+00   0.00000E+00   0.00000E+00   3.30203E-07   9.29665E-05   8.07707E-03   4.32185E-06   3.16675E-06   2.60193E-09   3.07134E-06   4.13431E-06   5.07556E-09   8.12033E-09   4.76039E-09   1.86774E-05   6.70056E-06   5.38840E-01   5.29174E-01   9.76588E-04
 2.56000E+02   5.12000E+01   2.80000E+00   0.00000E+00   0.00000E+00   0.00000E+00   3.41453E-07   9.44987E-05   8.36704E-03   4.48931E-06   3.73639E-06   2.47357E-09   3.40614E-06   4.22831E-06   4.76830E-09   7.83408E-09   4.46880E-09   1.88617E-05   6.82608E-06   5.86183E-01   5.51522E-01   9.38200E-04
 2.56000E+02   5.12000E+01   2.90000E+00   0.00000E+00   0.00000E+00   0.00000E+00   3.53401E-07   9.51898E-05   8.66734E-03   4.62479E-06   4.33405E-06   2.34041E-09   3.70364E-06   4.29646E-06   4.47305E-09   7.46238E-09   4.14201E-09   1.90655E-05   6.95893E-06   6.31707E-01   5.68986E-01   8.90667E-04
 2.56000E+02   5.12000E+01   3.00000E+00   0.00000E+00   0.00000E+00   0.00000E+00   3.65946E-07   9.52766E-05   9.05542E-03   4.71146E-06   4.88337E-06   2.20751E-09   3.95004E-06   4.34727E-06   4.18450E-09   7.08926E-09   3.87018E-09   1.92937E-05   7.09297E-06   6.71440E-01   5.81996E-01   8.45381E-04
 2.56000E+02   5.12000E+01   3.10000E+00   0.00000E+00   0.00000E+00   0.00000E+00   3.78982E-07   9.51504E-05   9.49067E-03   4.75171E-06   5.36837E-06   2.07508E-09   4.14398E-06   4.37836E-06   3.89854E-09   6.65795E-09   3.56531E-09   1.95533E-05   7.22706E-06   7.06311E-01   5.90538E-01   7.92799E-04
 2.56000E+02   5.12000E+01   3.20000E+00   0.00000E+00   0.00000E+00   0.00000E+00   3.92402E-07   9.50998E-05   9.80964E-03   4.76875E-06   5.80159E-06   1.94187E-09   4.28729E-06   4.38242E-06   3.61401E-09   6.29430E-09   3.30849E-09   1.98562E-05   7.36549E-06   7.39546E-01   5.94205E-01   7.48597E-04
 2.56000E+02   5.12000E+01   3.30000E+00   0.00000E+00   0.00000E+00   0.00000E+00   4.06179E-07   9.52476E-05   9.88258E-03   4.78560E-06   6.19456E-06   1.80700E-09   4.38291E-06   4.35497E-06   3.33148E-09   6.03292E-09   3.08311E-09   2.02168E-05   7.51421E-06   7.72314E-01   5.93068E-01   7.16265E-04
 2.56000E+02   5.12000E+01   3.40000E+00   0.00000E+00   0.00000E+00   0.00000E+00   4.20391E-07   9.56908E-05   9.77086E-03   4.82187E-06   6.54917E-06   1.67045E-09   4.43572E-06   4.29404E-06   3.05222E-09   5.99568E-09   2.96226E-09   2.06481E-05   7.67825E-06   8.03720E-01   5.87476E-01   7.11861E-04
 2.56000E+02   5.12000E+01   3.50000E+00   0.00000E+00   0.00000E+00   0.00000E+00   4.35227E-07   9.63783E-05   9.52565E-03   4.88572E-06   6.86156E-06   1.53309E-09   4.45110E-06   4.20514E-06   2.77766E-09   6.26624E-09   3.01376E-09   2.11567E-05   7.86024E-06   8.31919E-01   5.78255E-01   7.50556E-04
 2.56000E+02   5.12000E+01   3.60000E+00   0.00000E+00   0.00000E+00   0.00000E+00   4.50897E-07   9.71126E-05   9.22835E-03   4.96409E-06   7.12811E-06   1.40707E-09   4.43662E-06   4.09863E-06   2.52382E-09   7.18421E-09   3.37253E-09   2.17438E-05   8.06037E-06   8.54478E-01   5.66545E-01   8.69378E-04
 2.56000E+02   5.12000E+01   3.70000E+00   0.00000E+00   0.00000E+00   0.00000E+00   4.67555E-07   9.77507E-05   8.96048E-03   5.04583E-06   7.35057E-06   1.36966E-09   4.40402E-06   3.98725E-06   2.42878E-09   9.34196E-09   4.19959E-09   2.24093E-05   8.27957E-06   8.69968E-01   5.53475E-01   1.12606E-03
 2.56000E+02   5.12000E+01   3.80000E+00   0.00000E+00   0.00000E+00   0.00000E+00   4.85260E-07   9.83222E-05   8.79496E-03   5.12729E-06   7.54022E-06   1.55757E-09   4.36470E-06   3.88407E-06   2.88046E-09   1.33141E-08   5.82330E-09   2.31556E-05   8.52097E-06   8.78464E-01   5.39889E-01   1.58680E-03
 2.56000E+02   5.12000E+01   3.90000E+00   0.00000E+00   0.00000E+00   0.00000E+00   5.04004E-07   9.88818E-05   8.71573E-03   5.21408E-06   7.71374E-06   2.11099E-09   4.33138E-06   3.79937E-06   4.36640E-09   1.94107E-08   8.40007E-09   2.39878E-05   8.78951E-06   8.81149E-01   5.26663E-01   2.29168E-03
 2.56000E+02   5.12000E+01   4.00000E+00   0.00000E+00   0.00000E+00   0.00000E+00   5.23744E-07   9.93872E-05   8.66536E-03   5.31850E-06   7.89019E-06   3.04449E-09   4.31598E-06   3.73854E-06   7.01640E-09   2.74837E-08   1.19246E-08   2.49130E-05   9.09092E-06   8.80103E-01   5.14478E-01   3.22771E-03
 2.56000E+02   5.12000E+01   4.10000E+00   0.00000E+00   0.00000E+00   0.00000E+00   5.44407E-07   9.98042E-05   8.63004E-03   5.44738E-06   8.08763E-06   4.26614E-09   4.32675E-06   3.70310E-06   1.07734E-08   3.75808E-08   1.61504E-08   2.59400E-05   9.43046E-06   8.77303E-01   5.03694E-01   4.37807E-03
 2.56000E+02   5.12000E+01   4.20000E+00   0.00000E+00   0.00000E+00   0.00000E+00   5.65907E-07   1.00160E-04   8.60345E-03   5.60265E-06   8.31944E-06   5.65814E-09   4.36891E-06   3.69283E-06   1.55383E-08   4.95987E-08   2.08933E-08   2.70782E-05   9.81245E-06   8.74036E-01   4.94409E-01   5.70967E-03
 2.56000E+02   5.12000E+01   4.30000E+00   0.00000E+00   0.00000E+00   0.00000E+00   5.88153E-07   1.00545E-04   8.57924E-03   5.78643E-06   8.59708E-06   7.14290E-09   4.44549E-06   3.70820E-06   2.11652E-08   6.36353E-08   2.59195E-08   2.83360E-05   1.02407E-05   8.71105E-01   4.86492E-01   7.20117E-03
 2.56000E+02   5.12000E+01   4.40000E+00   0.00000E+00   0.00000E+00   0.00000E+00   6.11055E-07   1.01118E-04   8.53415E-03   6.00095E-06   8.93282E-06   8.70017E-09   4.55862E-06   3.75188E-06   2.74074E-08   7.93529E-08   3.12009E-08   2.97209E-05   1.07187E-05   8.68994E-01   4.79653E-01   8.79966E-03
 2.56000E+02   5.12000E+01   4.50000E+00   0.00000E+00   0.00000E+00   0.00000E+00   6.34552E-07   1.02070E-04   8.45162E-03   6.24828E-06   9.33428E-06   1.03023E-08   4.71151E-06   3.82963E-06   3.39450E-08   9.61445E-08   3.67373E-08   3.12388E-05   1.12492E-05   8.67559E-01   4.73628E-01   1.04332E-02
 2.56000E+02   5.12000E+01   4.60000E+00   0.00000E+00   0.00000E+00   0.00000E+00   6.58619E-07   1.03633E-04   8.32650E-03   6.53089E-06   9.80686E-06   1.18801E-08   4.90900E-06   3.95057E-06   4.04973E-08   1.13831E-07   4.26221E-08   3.28911E-05   1.18339E-05   8.66211E-01   4.68285E-01   1.20772E-02
 2.56000E+02   5.12000E+01   4.70000E+00   0.00000E+00   0.00000E+00   0.00000E+00   6.83255E-07   1.06184E-04   8.17643E-03   6.85173E-06   1.03566E-05   1.33473E-08   5.15678E-06   4.12570E-06   4.69223E-08   1.32018E-07   4.88953E-08   3.46749E-05   1.24731E-05   8.64174E-01   4.63584E-01   1.36904E-02
 2.56000E+02   5.12000E+01   4.80000E+00   0.00000E+00   0.00000E+00   0.00000E+00   7.08465E-07   1.10210E-04   8.02644E-03   7.21490E-06   1.09908E-05   1.46055E-08   5.46022E-06   4.36614E-06   5.32398E-08   1.50019E-07   5.57025E-08   3.65845E-05   1.31664E-05   8.60716E-01   4.59518E-01   1.52123E-02
 2.56000E+02   5.12000E+01   4.90000E+00   0.00000E+00   0.00000E+00   0.00000E+00   7.34254E-07   1.16209E-04   7.88607E-03   7.62611E-06   1.17173E-05   1.55815E-08   5.82357E-06   4.68154E-06   5.95633E-08   1.67042E-07   6.31474E-08   3.86120E-05   1.39133E-05   8.55325E-01   4.56064E-01   1.65762E-02
 2.56000E+02   5.12000E+01   5.00000E+00   0.00000E+00   0.00000E+00   0.00000E+00   7.60627E-07   1.24580E-04   7.75037E-03   8.09253E-06   1.25440E-05   1.62678E-08   6.24946E-06   5.07899E-06   6.60033E-08   1.81856E-07   7.11815E-08   4.07491E-05   1.47129E-05   8.47786E-01   4.53174E-01   1.76762E-02
 5.12000E+02   1.02400E+02   5.00000E-01   0.00000E+00   0.00000E+00   0.00000E+00   6.02853E-08   6.23335E-05   4.06429E-03   1.60769E-01   1.31516E-01   0.00000E+00   1.23221E-01   1.32885E-01   0.00000E+00   7.08023E-11   2.65832E-11   2.28028E-01   1.19248E-01   4.38829E+02   4.31536E+02   2.76322E-05
 5.12000E+02   1.02400E+02   6.00000E-01   0.00000E+00   0.00000E+00   0.00000E+00   6.02854E-08   6.21510E-05   3.38960E-03   1.60769E-01   1.19332E-01   0.00000E+00   1.21305E-01   1.32885E-01   0.00000E+00   6.84027E-12   4.70120E-13   2.28028E-01   1.17595E-01   2.04949E+04   8.02705E+03   2.54183E-06
 5.12000E+02   1.02400E+02   7.00000E-01   0.00000E+00   0.00000E+00   0.00000E+00   6.02875E-08   5.99420E-05   4.65342E-03   1.57391E-01   1.03157E-01   0.00000E+00   1.06323E-01   1.27457E-01   0.00000E+00   6.04323E-13   4.35095E-14   2.28028E-01   1.13019E-01   3.26014E+04   2.69642E+04   2.24575E-07
 5.12000E+02   1.02400E+02   8.00000E-01   0.00000E+00   0.00000E+00   0.00000E+00   6.03121E-08   5.61712E-05   7.39673E-03   1.32124E-01   6.99689E-02   0.00000E+00   7.63761E-02   1.03690E-01   0.00000E+00   7.15678E-16   1.11191E-15   1.97036E-01   9.29520E-02   3.79192E+04   3.03608E+04   4.71233E-10
 5.12000E+02   1.02400E+02   9.00000E-01   0.00000E+00   0.00000E+00   0.00000E+00   6.04055E-08   5.24127E-05   8.24571E-03   9.45728E-02   3.18600E-02   2.08933E-11   4.41286E-02   6.27381E-02   9.95513E-11   6.75874E-16   1.06545E-15   1.48253E-01   6.48257E-02   3.53397E+04   2.84362E+04   4.61841E-10
 5.12000E+02   1.02400E+02   1.00000E+00   0.00000E+00   0.00000E+00   0.00000E+00   6.05734E-08   4.89567E-05   7.97772E-03   3.25680E-02   8.53165E-03   3.16501E-11   1.63574E-02   2.22735E-02   1.91356E-10   6.99754E-16   1.02362E-15   1.02564E-01   3.71431E-02   1.24814E+04   1.02451E+04   4.46039E-10
 5.12000E+02   1.02400E+02   1.10000E+00   0.00000E+00   0.00000E+00   0.00000E+00   6.07875E-08   4.54159E-05   7.23468E-03   3.15685E-06   5.31753E-06   2.45468E-11   6.55489E-03   2.17206E-06   1.26930E-10   1.85627E-11   1.36536E-11   6.23982E-02   2.09139E-02   1.64661E+00   2.43035E+03   8.54276E-06
 5.12000E+02   1.02400E+02   1.20000E+00   0.00000E+00   0.00000E+00   0.00000E+00   6.10097E-08   4.15190E-05   6.40708E-03   2.79875E-06   4.42992E-06   1.91601E-11   2.04076E-06   1.95972E-06   8.73211E-11   8.43551E-11   5.25402E-11   3.42912E-02   1.14304E-02   1.33508E+00   8.78934E-01   3.91075E-05
 5.12000E+02   1.02400E+02   1.30000E+00   0.00000E+00   0.00000E+00   0.00000E+00   6.12118E-08   3.73327E-05   5.74067E-03   2.38462E-06   3.77064E-06   1.49256E-11   1.69063E-06   1.75413E-06   6.12292E-11   2.83877E-10   2.09228E-10   8.51537E-03   2.83846E-03   1.12300E+00   7.48666E-01   1.43632E-04
 5.12000E+02   1.02400E+02   1.40000E+00   0.00000E+00   0.00000E+00   0.00000E+00   6.13885E-08   3.30830E-05   5.54112E-03   1.97164E-06   3.20088E-06   1.09709E-11   1.41452E-06   1.55319E-06   4.21751E-11   5.25661E-10   4.18003E-10   6.73273E-06   2.66408E-06   9.47752E-01   6.35937E-01   2.75862E-04
 5.12000E+02   1.02400E+02   1.50000E+00   0.00000E+00   0.00000E+00   0.00000E+00   6.15403E-08           NaN   5.61653E-03   1.58504E-06   2.66896E-06   7.49770E-12   1.19291E-06   1.36002E-06   2.77865E-11   8.31410E-10   6.78698E-10   6.73153E-06   2.54344E-06   7.84121E-01   5.38046E-01   4.39449E-04
 5.12000E+02   1.02400E+02   1.60000E+00   0.00000E+00   0.00000E+00   0.00000E+00   6.16667E-08   2.46834E-05   5.71121E-03   1.24928E-06   2.19225E-06   6.58790E-12   1.01497E-06   1.17855E-06   3.82508E-11   1.13358E-09   9.58570E-10   6.73362E-06   2.45238E-06   6.32465E-01   4.54454E-01   6.06845E-04
 5.12000E+02   1.02400E+02   1.70000E+00   0.00000E+00   0.00000E+00   0.00000E+00   6.17682E-08   2.06399E-05   5.63624E-03   9.86130E-07   1.78656E-06   4.35319E-11   8.66508E-07   1.01538E-06   2.09663E-10   1.37909E-09   1.14889E-09   6.73966E-06   2.38907E-06   4.97971E-01   3.85378E-01   7.31705E-04
 5.12000E+02   1.02400E+02   1.80000E+00   0.00000E+00   0.00000E+00   0.00000E+00   6.18498E-08   1.70293E-05   5.36765E-03   8.02247E-07   1.44575E-06   1.31428E-10   7.36294E-07   8.77328E-07   4.97439E-10   1.63161E-09   1.27451E-09   6.75007E-06   2.34779E-06   3.83546E-01   3.31929E-01   8.49810E-04
 5.12000E+02   1.02400E+02   1.90000E+00   0.00000E+00   0.00000E+00   0.00000E+00   6.19253E-08   1.42987E-05   5.02311E-03   6.96155E-07   1.15646E-06   2.48167E-10   6.26183E-07   7.70001E-07   8.10523E-10   1.83534E-09   1.40393E-09   6.76520E-06   2.32319E-06   2.91842E-01   2.95881E-01   9.46004E-04
 5.12000E+02   1.02400E+02   2.00000E+00   0.00000E+00   0.00000E+00   0.00000E+00   6.20111E-08   1.28088E-05   4.60297E-03   6.61594E-07   9.15217E-07   3.63833E-10   5.45074E-07   7.00973E-07   1.07688E-09   2.00582E-09   1.45404E-09   6.78458E-06   2.31167E-06   2.34375E-01   2.80146E-01   1.02226E-03
 5.12000E+02   1.02400E+02   2.10000E+00   0.00000E+00   0.00000E+00   0.00000E+00   6.21219E-08   1.26365E-05   4.17211E-03   6.82160E-07   7.29320E-07   4.59457E-10   4.98156E-07   6.71893E-07   1.26324E-09   2.10998E-09   1.49123E-09   6.80757E-06   2.31036E-06   2.24799E-01   2.84875E-01   1.07130E-03
 5.12000E+02   1.02400E+02   2.20000E+00   0.00000E+00   0.00000E+00   0.00000E+00   6.22743E-08   1.34554E-05   3.79983E-03   7.35919E-07   6.03450E-07   5.29732E-10   4.82436E-07   6.78721E-07   1.36768E-09   2.25115E-09   1.48466E-09   6.83290E-06   2.31631E-06   2.54736E-01   3.06084E-01   1.12229E-03
 5.12000E+02   1.02400E+02   2.30000E+00   0.00000E+00   0.00000E+00   0.00000E+00   6.24819E-08   1.47391E-05   3.51046E-03   8.04650E-07   5.33210E-07   5.76282E-10   4.89356E-07   7.12298E-07   1.40476E-09   2.30186E-09   1.47521E-09   6.85887E-06   2.32672E-06   3.02043E-01   3.37100E-01   1.14505E-03
 5.12000E+02   1.02400E+02   2.40000E+00   0.00000E+00   0.00000E+00   0.00000E+00   6.27522E-08   1.60494E-05   3.35204E-03   8.75143E-07   5.06080E-07   6.01848E-10   5.10938E-07   7.56960E-07   1.39290E-09   2.39340E-09   1.44977E-09   6.88440E-06   2.33930E-06   3.50820E-01   3.70136E-01   1.17312E-03
 5.12000E+02   1.02400E+02   2.50000E+00   0.00000E+00   0.00000E+00   0.00000E+00   6.30872E-08   1.71724E-05   3.32563E-03   9.39875E-07   5.12754E-07   6.09001E-10   5.42288E-07   7.98082E-07   1.34775E-09   2.33401E-09   1.38653E-09   6.90938E-06   2.35270E-06   3.94253E-01   3.99300E-01   1.14480E-03
 5.12000E+02   1.02400E+02   2.60000E+00   0.00000E+00   0.00000E+00   0.00000E+00   6.34836E-08   1.80506E-05   3.39599E-03   9.98339E-07   5.53311E-07   6.00812E-10   5.80614E-07   8.29622E-07   1.28261E-09   2.32621E-09   1.33802E-09   6.93470E-06   2.36686E-06   4.32887E-01   4.22280E-01   1.13503E-03
 5.12000E+02   1.02400E+02   2.70000E+00   0.00000E+00   0.00000E+00   0.00000E+00   6.39362E-08   1.87015E-05   3.46697E-03   1.05296E-06   6.28158E-07   5.82592E-10   6.23062E-07   8.51894E-07   1.21253E-09   2.23459E-09   1.23390E-09   6.96161E-06   2.38237E-06   4.69603E-01   4.39298E-01   1.08531E-03
 5.12000E+02   1.02400E+02   2.80000E+00   0.00000E+00   0.00000E+00   0.00000E+00   6.44415E-08   1.91744E-05   3.51884E-03   1.10543E-06   7.30458E-07   5.59617E-10   6.65559E-07   8.67614E-07   1.14437E-09   2.15930E-09   1.15831E-09   6.99128E-06   2.39975E-06   5.06565E-01   4.51633E-01   1.04573E-03
 5.12000E+02   1.02400E+02   2.90000E+00   0.00000E+00   0.00000E+00   0.00000E+00   6.49985E-08   1.95051E-05   3.58763E-03   1.15604E-06   8.41164E-07   5.34756E-10   7.04296E-07   8.79144E-07   1.07856E-09   2.07579E-09   1.13376E-09   7.02454E-06   2.41884E-06   5.43420E-01   4.60592E-01   1.00973E-03
 5.12000E+02   1.02400E+02   3.00000E+00   0.00000E+00   0.00000E+00   0.00000E+00   6.56049E-08   1.97120E-05   3.70293E-03   1.20130E-06   9.44054E-07   5.09070E-10   7.37103E-07   8.87150E-07   1.01389E-09   1.96438E-09   1.01378E-09   7.06214E-06   2.43900E-06   5.78179E-01   4.67183E-01   9.47014E-04
 5.12000E+02   1.02400E+02   3.10000E+00   0.00000E+00   0.00000E+00   0.00000E+00   6.62556E-08   1.98372E-05   3.88080E-03   1.23709E-06   1.03535E-06   4.82786E-10   7.63456E-07   8.90560E-07   9.49356E-10   1.85216E-09   9.10976E-10   7.10538E-06   2.46001E-06   6.10346E-01   4.71644E-01   8.87215E-04
 5.12000E+02   1.02400E+02   3.20000E+00   0.00000E+00   0.00000E+00   0.00000E+00   6.69435E-08   1.99282E-05   4.02099E-03   1.26256E-06   1.11715E-06   4.55784E-10   7.83821E-07   8.88109E-07   8.84557E-10   1.69405E-09   8.87040E-10   7.15581E-06   2.48218E-06   6.40399E-01   4.73747E-01   8.22983E-04
 5.12000E+02   1.02400E+02   3.30000E+00   0.00000E+00   0.00000E+00   0.00000E+00   6.76646E-08   2.00135E-05   4.07308E-03   1.27995E-06   1.19188E-06   4.27941E-10   7.99097E-07   8.79442E-07   8.19516E-10   1.62864E-09   8.36081E-10   7.21463E-06   2.50603E-06   6.68649E-01   4.73297E-01   7.87181E-04
 5.12000E+02   1.02400E+02   3.40000E+00   0.00000E+00   0.00000E+00   0.00000E+00   6.84204E-08   2.01024E-05   4.02014E-03   1.29232E-06   1.25985E-06   3.99250E-10   8.09907E-07   8.64620E-07   7.54462E-10   1.64005E-09   7.91792E-10   7.28221E-06   2.53183E-06   6.94465E-01   4.70004E-01   7.78948E-04
 5.12000E+02   1.02400E+02   3.50000E+00   0.00000E+00   0.00000E+00   0.00000E+00   6.92171E-08   2.01557E-05   3.89090E-03   1.30132E-06   1.31946E-06   3.69851E-10   8.16638E-07   8.45487E-07   6.89710E-10   1.61226E-09   7.68362E-10   7.35848E-06   2.55959E-06   7.16347E-01   4.64094E-01   7.65694E-04
 5.12000E+02   1.02400E+02   3.60000E+00   0.00000E+00   0.00000E+00   0.00000E+00   7.00629E-08   2.01181E-05   3.74155E-03   1.30634E-06   1.36906E-06   3.42177E-10   8.19480E-07   8.25800E-07   6.27919E-10   1.75232E-09   7.52717E-10   7.44317E-06   2.58919E-06   7.32420E-01   4.56375E-01   8.20974E-04
 5.12000E+02   1.02400E+02   3.70000E+00   0.00000E+00   0.00000E+00   0.00000E+00   7.09645E-08   1.99663E-05   3.62471E-03   1.30678E-06   1.40794E-06   3.31476E-10   8.18752E-07   8.08939E-07   5.87111E-10   2.06405E-09   8.02108E-10   7.53618E-06   2.62062E-06   7.41376E-01   4.47507E-01   9.52608E-04
 5.12000E+02   1.02400E+02   3.80000E+00   0.00000E+00   0.00000E+00   0.00000E+00   7.19248E-08   1.97230E-05   3.57276E-03   1.30365E-06   1.43598E-06   3.62456E-10   8.15334E-07   7.96581E-07   6.06695E-10   2.69508E-09   1.00108E-09   7.63721E-06   2.65388E-06   7.42771E-01   4.37895E-01   1.23174E-03
 5.12000E+02   1.02400E+02   3.90000E+00   0.00000E+00   0.00000E+00   0.00000E+00   7.29427E-08   1.94178E-05   3.55440E-03   1.29918E-06   1.45471E-06   4.60441E-10   8.10499E-07   7.89387E-07   7.51026E-10   3.61169E-09   1.38221E-09   7.74617E-06   2.68922E-06   7.37313E-01   4.27972E-01   1.64911E-03
 5.12000E+02   1.02400E+02   4.00000E+00   0.00000E+00   0.00000E+00   0.00000E+00   7.40151E-08   1.90665E-05   3.53288E-03   1.29585E-06   1.46858E-06   6.29859E-10   8.05458E-07   7.87349E-07   1.06899E-09   4.79997E-09   1.96749E-09   7.86339E-06   2.72718E-06   7.27137E-01   4.18153E-01   2.20543E-03
 5.12000E+02   1.02400E+02   4.10000E+00   0.00000E+00   0.00000E+00   0.00000E+00   7.51387E-08   1.86864E-05   3.50506E-03   1.29608E-06   1.48258E-06   8.54155E-10   8.01274E-07   7.90315E-07   1.57304E-09   6.14615E-09   2.71004E-09   7.98974E-06   2.76848E-06   7.14697E-01   4.08863E-01   2.84734E-03
 5.12000E+02   1.02400E+02   4.20000E+00   0.00000E+00   0.00000E+00   0.00000E+00   7.63103E-08   1.83033E-05   3.48011E-03   1.30184E-06   1.50100E-06   1.10921E-09   7.99079E-07   7.98240E-07   2.24864E-09   7.70785E-09   3.51554E-09   8.12629E-06   2.81386E-06   7.01909E-01   4.00470E-01   3.56443E-03
 5.12000E+02   1.02400E+02   4.30000E+00   0.00000E+00   0.00000E+00   0.00000E+00   7.75269E-08   1.79581E-05   3.46090E-03   1.31376E-06   1.52753E-06   1.37724E-09   8.00427E-07   8.11184E-07   3.05838E-09   9.37339E-09   4.41430E-09   8.27413E-06   2.86394E-06   6.89874E-01   3.93243E-01   4.31873E-03
 5.12000E+02   1.02400E+02   4.40000E+00   0.00000E+00   0.00000E+00   0.00000E+00   7.87857E-08   1.77039E-05   3.43609E-03   1.33169E-06   1.56497E-06   1.65287E-09   8.07270E-07   8.29376E-07   3.96223E-09   1.10309E-08   5.39513E-09   8.43433E-06   2.91929E-06   6.78969E-01   3.87298E-01   5.05493E-03
 5.12000E+02   1.02400E+02   4.50000E+00   0.00000E+00   0.00000E+00   0.00000E+00   8.00857E-08   1.75962E-05   3.39335E-03   1.35530E-06   1.61602E-06   1.93448E-09   8.21765E-07   8.53355E-07   4.93052E-09   1.25467E-08   6.48031E-09   8.60787E-06   2.98045E-06   6.69211E-01   3.82575E-01   5.72077E-03
 5.12000E+02   1.02400E+02   4.60000E+00   0.00000E+00   0.00000E+00   0.00000E+00   8.14284E-08   1.76940E-05   3.32672E-03   1.38440E-06   1.68348E-06   2.21395E-09   8.46218E-07   8.84188E-07   5.94840E-09   1.39617E-08   7.66363E-09   8.79534E-06   3.04789E-06   6.60384E-01   3.78923E-01   6.32063E-03
 5.12000E+02   1.02400E+02   4.70000E+00   0.00000E+00   0.00000E+00   0.00000E+00   8.28176E-08   1.80861E-05   3.24286E-03   1.41926E-06   1.77018E-06   2.47579E-09   8.82782E-07   9.23441E-07   7.02166E-09   1.52904E-08   8.98194E-09   8.99716E-06   3.12213E-06   6.52084E-01   3.76144E-01   6.85532E-03
 5.12000E+02   1.02400E+02   4.80000E+00   0.00000E+00   0.00000E+00   0.00000E+00   8.42582E-08   1.88855E-05   3.15574E-03   1.46089E-06   1.87879E-06   2.70167E-09   9.33086E-07   9.73058E-07   8.18264E-09   1.64026E-08   1.05897E-08   9.21348E-06   3.20365E-06   6.43874E-01   3.73983E-01   7.31034E-03
 5.12000E+02   1.02400E+02   4.90000E+00   0.00000E+00   0.00000E+00   0.00000E+00   8.57556E-08   2.01954E-05   3.07061E-03   1.51107E-06   2.01157E-06   2.87829E-09   9.98207E-07   1.03517E-06   9.47135E-09   1.75607E-08   1.24017E-08   9.44418E-06   3.29293E-06   6.35383E-01   3.72198E-01   7.74952E-03
 5.12000E+02   1.02400E+02   5.00000E+00   0.00000E+00   0.00000E+00   0.00000E+00   8.73160E-08   2.20859E-05   2.98140E-03   1.57231E-06   2.17016E-06   3.01107E-09   1.07875E-06   1.11186E-06   1.09119E-08   1.86184E-08   1.44463E-08   9.68936E-06   3.39061E-06   6.26360E-01   3.70603E-01   8.14465E-03
