        Grid    Cell/Diam.            PU        Center        Center        Center        Radius       Tangent     Curvature      Sigma_xx      Sigma_xy      Sigma_xz      Sigma_yx      Sigma_yy      Sigma_yz      Sigma_zx      Sigma_zy      Sigma_zz       StressT        XForce        YForce        ZForce
        Size                      Spread             X             Y             Z         Error         Error         Error         Error         Error         Error         Error         Error         Error         Error         Error         Error         Error         Error         Error         Error
 1.60000E+01   3.20000E+00   5.00000E-01   0.00000E+00   0.00000E+00   0.00000E+00   7.47018E-03   4.67210E-02   5.29150E+00   3.29882E-01   1.64505E-01   0.00000E+00   2.58835E-01   2.85789E-01   0.00000E+00   1.03367E-16   3.19352E-17   4.68127E-01   2.36572E-01   2.96304E+00   2.42337E+00   2.27000E-15
 1.60000E+01   3.20000E+00   6.00000E-01   0.00000E+00   0.00000E+00   0.00000E+00   7.46973E-03   4.68066E-02   5.14936E+00   3.29882E-01   1.64505E-01   0.00000E+00   1.96953E-01   2.85789E-01   0.00000E+00   1.51154E-11   7.04433E-16   4.68127E-01   2.29853E-01   1.43711E+01   3.79063E+01   4.73286E+01
 1.60000E+01   3.20000E+00   7.00000E-01   0.00000E+00   0.00000E+00   0.00000E+00   7.41609E-03   4.93148E-02   4.63076E+00   3.29882E-01   1.64505E-01   0.00000E+00   1.22807E-01   2.85789E-01   0.00000E+00   1.12639E-09   1.88158E-09   4.68127E-01   2.24049E-01   1.60126E+01   1.32037E+01   6.02599E+00
 1.60000E+01   3.20000E+00   8.00000E-01   0.00000E+00   0.00000E+00   0.00000E+00   7.16932E-03   5.23791E-02   4.73773E+00   1.87439E-01   5.46266E-02   0.00000E+00   1.22928E-01   2.42077E-01   0.00000E+00   1.01478E-08   6.26049E-09   4.18821E-01   1.78650E-01   3.38706E+01   3.33167E+01   1.44763E+01
 1.60000E+01   3.20000E+00   9.00000E-01   0.00000E+00   0.00000E+00   0.00000E+00   6.77461E-03   4.99803E-02   4.15622E+00   1.87383E-01   4.96279E-02   0.00000E+00   5.96787E-02   1.88794E-01   0.00000E+00   1.04963E-07   3.59745E-09   2.28617E-01   1.19743E-01   8.29545E+02   1.26714E+03   1.12320E+03
 1.60000E+01   3.20000E+00   1.00000E+00   0.00000E+00   0.00000E+00   0.00000E+00   6.47959E-03   4.40944E-02   3.20003E+00   2.27155E-02   4.40838E-02   0.00000E+00   9.80408E-02   2.79433E-02   1.22868E-06   2.80436E-07   5.04492E-09   1.22146E-01   5.55496E-02   1.45440E+00   2.22265E+00   6.83681E-06
 1.60000E+01   3.20000E+00   1.10000E+00   0.00000E+00   0.00000E+00   0.00000E+00   6.53726E-03   3.77612E-02   2.89942E+00   2.06410E-02   3.81053E-02   6.17648E-08   8.19941E-02   2.29503E-02   6.52998E-05   3.01856E-07   3.47088E-09   1.17906E-01   5.05850E-02   9.57865E+02   9.57866E+02   9.57864E+02
 1.60000E+01   3.20000E+00   1.20000E+00   0.00000E+00   0.00000E+00   0.00000E+00   6.97573E-03   3.25939E-02   3.07047E+00   1.94199E-02   3.27083E-02   4.42288E-08   6.76133E-02   1.94335E-02   4.35316E-05   2.41112E-07   9.14572E-10   1.14895E-01   4.66632E-02   2.99542E+01   9.57866E+02   9.57864E+02
 1.60000E+01   3.20000E+00   1.30000E+00   0.00000E+00   0.00000E+00   0.00000E+00   7.61130E-03   2.98453E-02   3.06046E+00   1.94199E-02   2.95329E-02   3.15152E-08   5.53961E-02   1.70457E-02   2.95086E-05   1.57074E-07   8.16859E-09   4.88157E-02   2.78719E-02   8.29538E+02   2.08552E+00   2.71507E+00
 1.60000E+01   3.20000E+00   1.40000E+00   0.00000E+00   0.00000E+00   0.00000E+00   8.41680E-03   3.01637E-02   2.74200E+00   2.01593E-02   2.87273E-02   2.24708E-08   4.53623E-02   1.49594E-02   1.95194E-05   2.11669E-07   1.70513E-08   3.97779E-02   2.37942E-02   1.50028E+01   1.50007E+01   4.78935E+02
 1.60000E+01   3.20000E+00   1.50000E+00   0.00000E+00   0.00000E+00   0.00000E+00   9.48268E-03   3.11947E-02   2.72840E+00   2.09846E-02   2.91735E-02   1.71462E-08   3.78354E-02   1.29742E-02   1.23795E-05   4.51113E-07   2.81953E-08   3.82205E-02   2.19902E-02   1.50045E+01   1.11206E+01   1.05830E+01
 1.60000E+01   3.20000E+00   1.60000E+00   0.00000E+00   0.00000E+00   0.00000E+00   1.08659E-02   3.18047E-02   2.87742E+00   2.12674E-02   2.98402E-02   1.11304E-08   3.30407E-02   1.11666E-02   7.22950E-06   7.74981E-07   4.77840E-08   3.77042E-02   2.10310E-02   1.08342E+00   1.74779E+00   9.88138E-01
 1.60000E+01   3.20000E+00   1.70000E+00   0.00000E+00   0.00000E+00   0.00000E+00   1.25561E-02   3.24186E-02   2.99177E+00   2.08051E-02   3.01434E-02   7.12755E-09   2.99720E-02   9.74527E-03   3.75540E-06   1.14135E-06   8.46992E-08   3.80643E-02   2.05038E-02   2.21592E+00   7.19432E-01   5.20224E-02
 1.60000E+01   3.20000E+00   1.80000E+00   0.00000E+00   0.00000E+00   0.00000E+00   1.45236E-02   3.30168E-02   2.97398E+00   1.96898E-02   2.99888E-02   4.61129E-09   2.73002E-02   8.88804E-03   1.57391E-06   1.51653E-06   1.40008E-07   3.92892E-02   2.01521E-02   1.05095E+00   7.23201E-01   6.82541E-02
 1.60000E+01   3.20000E+00   1.90000E+00   0.00000E+00   0.00000E+00   0.00000E+00   1.67306E-02   3.29645E-02   3.10414E+00   1.81775E-02   2.95038E-02   2.95867E-09   2.46015E-02   8.48377E-03   2.56850E-07   1.87495E-06   2.07171E-07   4.14185E-02   1.99822E-02   1.83581E+01   1.83408E+01   1.05830E+01
 1.60000E+01   3.20000E+00   2.00000E+00   0.00000E+00   0.00000E+00   0.00000E+00   1.91473E-02   3.19721E-02   2.99923E+00   1.65277E-02   2.87947E-02   1.89100E-09   2.21530E-02   8.47733E-03   6.49660E-07   2.20708E-06   2.79576E-07   4.44192E-02   2.01052E-02   1.49976E+01   1.49772E+01   1.49670E+01
 1.60000E+01   3.20000E+00   2.10000E+00   0.00000E+00   0.00000E+00   0.00000E+00   2.17442E-02   3.02626E-02   3.00647E+00   1.48645E-02   2.78103E-02   1.05185E-09   2.04483E-02   8.86011E-03   1.22989E-06   2.50710E-06   3.51147E-07   4.82378E-02   2.05963E-02   1.49964E+01   1.49756E+01   1.49666E+01
 1.60000E+01   3.20000E+00   2.20000E+00   0.00000E+00   0.00000E+00   0.00000E+00   2.44880E-02   2.81014E-02   2.66498E+00   1.33460E-02   2.64813E-02   7.53113E-10   1.96628E-02   9.52405E-03   1.68868E-06   2.77229E-06   4.16884E-07   5.28175E-02   2.14642E-02   1.51768E+01   1.49749E+01   1.49666E+01
 1.60000E+01   3.20000E+00   2.30000E+00   0.00000E+00   0.00000E+00   0.00000E+00   2.73667E-02   2.57223E-02   2.32539E+00   1.21246E-02   2.48174E-02   1.40028E-09   1.96571E-02   1.03730E-02   2.10437E-06   3.00710E-06   4.73579E-07   5.80863E-02   2.26836E-02   7.85630E-01   5.09417E-01   8.93515E-01
 1.60000E+01   3.20000E+00   2.40000E+00   0.00000E+00   0.00000E+00   0.00000E+00   3.03796E-02   2.34233E-02   2.05131E+00   1.12676E-02   2.28623E-02   1.88575E-09   2.01709E-02   1.14185E-02   2.51865E-06   3.21653E-06   2.88335E-05   1.04437E-01   3.66577E-02   7.15479E-01   5.60122E-01   6.64671E-02
 1.60000E+01   3.20000E+00   2.50000E+00   0.00000E+00   0.00000E+00   0.00000E+00   3.35292E-02   2.14883E-02   1.83665E+00   1.07631E-02   2.06676E-02   2.56310E-09   2.09818E-02   1.27240E-02   2.94897E-06   3.40607E-06   2.15260E-05   1.34867E-01   4.63492E-02   6.42655E-01   5.42884E-01   8.25608E-01
 1.60000E+01   3.20000E+00   2.60000E+00   0.00000E+00   0.00000E+00   0.00000E+00   3.68164E-02   2.00988E-02   1.65563E+00   2.61882E-01   2.58716E-01   4.34767E-09   2.19268E-02   1.42611E-02   3.39174E-06   3.58057E-06   1.82646E-05   1.62871E-01   1.34465E-01   5.65200E-01   5.79209E-01   5.82742E-01
 1.60000E+01   3.20000E+00   2.70000E+00   0.00000E+00   0.00000E+00   0.00000E+00   4.02425E-02   1.92794E-02   1.49452E+00   2.61843E-01   2.56412E-01   7.60225E-09   2.29055E-02   1.59336E-02   3.81062E-06   3.74334E-06   1.62699E-05   1.88547E-01   1.37694E-01   4.98019E-01   1.69152E+00   9.88138E-01
 1.60000E+01   3.20000E+00   2.80000E+00   0.00000E+00   0.00000E+00   0.00000E+00   4.38063E-02   1.89952E-02   1.38651E+00   2.61804E-01   2.54058E-01   1.26701E-08   2.08916E-01   1.90646E-01   4.16420E-06   3.89637E-06   1.48319E-05   2.12259E-01   1.69356E-01   4.43535E-01   6.50418E-01   5.86641E-01
 1.60000E+01   3.20000E+00   2.90000E+00   0.00000E+00   0.00000E+00   0.00000E+00   4.75065E-02   1.91581E-02   1.32986E+00   2.61772E-01   2.51680E-01   1.94255E-08   2.08842E-01   1.91962E-01   4.41832E-06   4.03938E-06   1.36788E-05   2.34650E-01   1.72367E-01   4.23532E-01   1.73783E+00   3.69028E-04
 1.60000E+01   3.20000E+00   3.00000E+00   0.00000E+00   0.00000E+00   0.00000E+00   5.13497E-02   1.96675E-02   1.33006E+00   2.61753E-01   2.49278E-01   2.71775E-08   2.08785E-01   1.93294E-01   4.62715E-06   4.17061E-06   1.26885E-05   2.56284E-01   1.75528E-01   3.45296E+00   9.17821E-01   1.56630E+00
 1.60000E+01   3.20000E+00   3.10000E+00   0.00000E+00   0.00000E+00   0.00000E+00   5.53464E-02   2.04943E-02   1.37665E+00   2.61749E-01   2.46845E-01   3.50740E-08   2.08735E-01   1.94619E-01   4.80319E-06   4.30129E-06   1.18462E-05   2.77496E-01   1.78853E-01   3.97533E-01   7.03697E-01   1.70679E-01
 1.60000E+01   3.20000E+00   3.20000E+00   0.00000E+00   0.00000E+00   0.00000E+00   5.95049E-02   2.16348E-02   1.43045E+00   2.61762E-01   2.44383E-01   4.27041E-08   2.08678E-01   1.95919E-01   4.95997E-06   4.89935E-06   1.19441E-05   2.98482E-01   1.82350E-01   1.24708E+00   6.99840E-01   1.81459E-01
 1.60000E+01   3.20000E+00   3.30000E+00   0.00000E+00   0.00000E+00   0.00000E+00   6.38300E-02   2.30766E-02   1.48280E+00   3.23089E-01   3.11358E-01   5.03318E-08   2.08604E-01   1.97186E-01   5.10738E-06   7.93728E-06   1.56346E-05   3.19372E-01   2.07023E-01   2.02866E+01   1.75133E+00   1.81471E-01
 1.60000E+01   3.20000E+00   3.40000E+00   0.00000E+00   0.00000E+00   0.00000E+00   6.83249E-02   2.47673E-02   1.52752E+00   4.02168E-01   3.09542E-01   5.90160E-08   2.08511E-01   1.98415E-01   5.25217E-06   1.63314E-05   2.74487E-05   3.40257E-01   2.25136E-01   4.83960E-01   1.73955E+00   9.88138E-01
 1.60000E+01   3.20000E+00   3.50000E+00   0.00000E+00   0.00000E+00   0.00000E+00   7.29929E-02   2.66492E-02   1.56922E+00   4.02482E-01   3.07564E-01   6.98124E-08   3.06389E-01   2.92350E-01   5.39787E-06   3.23126E-05   5.12555E-05   3.53054E-01   2.49572E-01   5.09416E-01   2.35269E+00   2.26196E+00
 1.60000E+01   3.20000E+00   3.60000E+00   0.00000E+00   0.00000E+00   0.00000E+00   7.78408E-02   2.86718E-02   1.60918E+00   4.02761E-01   3.05548E-01   2.19022E-07   3.06095E-01   2.93511E-01   5.11877E-06   5.70281E-05   8.83551E-05   3.63684E-01   2.51150E-01   1.06260E+01   2.99902E+00   5.12858E+00
 1.60000E+01   3.20000E+00   3.70000E+00   0.00000E+00   0.00000E+00   0.00000E+00   8.28759E-02   3.07935E-02   1.64280E+00   4.03007E-01   3.03496E-01   1.63979E-06   3.05786E-01   2.94667E-01   7.06702E-06   9.04471E-05   1.38922E-04   3.75212E-01   2.52904E-01   5.79435E-01   1.75908E+00   9.88149E-01
 1.60000E+01   3.20000E+00   3.80000E+00   0.00000E+00   0.00000E+00   0.00000E+00   8.81047E-02   3.29758E-02   1.67202E+00   4.03219E-01   3.01410E-01   5.64622E-06   3.05458E-01   2.95811E-01   3.17662E-05   1.32256E-04   2.02749E-04   3.87593E-01   2.54835E-01   1.61095E+01   2.79147E+00   3.03695E+00
 1.60000E+01   3.20000E+00   3.90000E+00   0.00000E+00   0.00000E+00   0.00000E+00   9.35319E-02   3.51893E-02   1.69654E+00   4.03396E-01   2.99293E-01   1.28013E-05   3.32366E-01   3.26370E-01   8.00340E-05   1.82297E-04   2.77771E-04   4.00788E-01   2.64558E-01   6.65152E-01   2.88537E+00   1.89626E+00
 1.60000E+01   3.20000E+00   4.00000E+00   0.00000E+00   0.00000E+00   0.00000E+00   9.91600E-02   3.74232E-02   1.70817E+00   4.03544E-01   2.97155E-01   2.30874E-05   3.41854E-01   3.27432E-01   1.51991E-04   2.40154E-04   3.61296E-04   4.14771E-01   2.68175E-01   2.31387E+00   8.28596E-01   2.45168E+00
 1.60000E+01   3.20000E+00   4.10000E+00   0.00000E+00   0.00000E+00   0.00000E+00   1.04990E-01   3.96808E-02   1.70774E+00   4.03670E-01   2.95006E-01   3.62306E-05   3.41631E-01   3.28513E-01   2.46238E-04   3.05091E-04   4.51105E-04   4.29520E-01   2.70616E-01   2.15615E+00   2.26616E+00   1.56310E-02
 1.60000E+01   3.20000E+00   4.20000E+00   0.00000E+00   0.00000E+00   0.00000E+00   1.11022E-01   4.19655E-02   1.70382E+00   4.03782E-01   2.92856E-01   5.17442E-05   3.41386E-01   3.29620E-01   3.58874E-04   3.75965E-04   5.44876E-04   4.45019E-01   2.73260E-01   9.92634E-01   2.48385E+00   1.90936E-02
 1.60000E+01   3.20000E+00   4.30000E+00   0.00000E+00   0.00000E+00   0.00000E+00   1.17254E-01   4.42791E-02   1.70016E+00   4.03886E-01   2.90705E-01   6.91205E-05   3.41120E-01   3.30754E-01   4.84833E-04   4.51032E-04   6.40495E-04   4.61245E-01   2.76112E-01   3.99763E+00   2.31502E+00   1.54812E+00
 1.60000E+01   3.20000E+00   4.40000E+00   0.00000E+00   0.00000E+00   0.00000E+00   1.23679E-01   4.66210E-02   1.69737E+00   4.03989E-01   2.88554E-01   8.79841E-05   3.40828E-01   3.31914E-01   6.18659E-04   5.28134E-04   7.36261E-04   4.78173E-01   2.79176E-01   2.29279E+00   8.92539E-01   2.63322E-02
 1.60000E+01   3.20000E+00   4.50000E+00   0.00000E+00   0.00000E+00   0.00000E+00   1.30291E-01   4.89964E-02   1.69215E+00   4.65364E-01   2.63724E-01   1.06454E-04   3.40511E-01   3.33096E-01   7.54609E-04   6.05009E-04   8.29943E-04   4.95772E-01   2.90365E-01   3.32957E+00   2.00642E+00   3.00944E-02
 1.60000E+01   3.20000E+00   4.60000E+00   0.00000E+00   0.00000E+00   0.00000E+00   1.37081E-01   5.14060E-02   1.68589E+00   4.69014E-01   2.67569E-01   1.24445E-04   3.40167E-01   3.34297E-01   8.87687E-04   6.79560E-04   9.19030E-04   5.14008E-01   2.95003E-01   3.40709E+00   2.34322E+00   2.24736E+00
 1.60000E+01   3.20000E+00   4.70000E+00   0.00000E+00   0.00000E+00   0.00000E+00   1.44042E-01   5.38452E-02   1.68278E+00   4.70016E-01   2.65431E-01   1.41905E-04   3.39798E-01   3.35509E-01   1.01387E-03   7.49965E-04   1.00146E-03   5.32838E-01   2.98760E-01   1.53535E+01   1.38599E+01   2.44778E+00
 1.60000E+01   3.20000E+00   4.80000E+00   0.00000E+00   0.00000E+00   0.00000E+00   1.51166E-01   5.63066E-02   1.68513E+00   4.71013E-01   2.88790E-01   1.58403E-04   3.39405E-01   3.36728E-01   1.12924E-03   8.14435E-04   1.07529E-03   5.52220E-01   3.05284E-01   1.51488E+01   1.38616E+01   2.44783E+00
 1.60000E+01   3.20000E+00   4.90000E+00   0.00000E+00   0.00000E+00   0.00000E+00   1.58443E-01   5.87815E-02   1.69401E+00   4.72005E-01   2.86622E-01   1.73670E-04   3.39793E-01   3.38943E-01   1.07076E-03   8.07478E-04   1.09271E-03   5.70071E-01   3.09168E-01   3.18393E+00   2.47452E+00   2.27426E+00
 1.60000E+01   3.20000E+00   5.00000E+00   0.00000E+00   0.00000E+00   0.00000E+00   1.65864E-01   6.12644E-02   1.70835E+00   4.72992E-01   2.95455E-01   1.84978E-04   3.39636E-01   3.43563E-01   1.10196E-03   8.56906E-04   1.15310E-03   5.85901E-01   3.14057E-01   2.56721E+00   3.21218E+00   2.39701E+00
 3.20000E+01   6.40000E+00   5.00000E-01   0.00000E+00   0.00000E+00   0.00000E+00   9.70383E-04   2.54395E-02   3.96863E+00   2.43232E-01   1.67897E-01   0.00000E+00   1.52258E-01   2.06763E-01   0.00000E+00   3.68076E-07   8.23378E-07   3.28570E-01   1.70373E-01   2.15674E+00   1.55969E+00   4.12247E-05
 3.20000E+01   6.40000E+00   6.00000E-01   0.00000E+00   0.00000E+00   0.00000E+00   9.70390E-04   2.54448E-02   3.94603E+00   2.43232E-01   1.20487E-01   0.00000E+00   1.26964E-01   2.06763E-01   0.00000E+00   2.23551E-07   1.14121E-06   3.28570E-01   1.63472E-01   2.74863E+01   1.23780E+01   4.23320E+01
 3.20000E+01   6.40000E+00   7.00000E-01   0.00000E+00   0.00000E+00   0.00000E+00   9.72288E-04   2.62374E-02   3.56885E+00   2.43232E-01   1.20485E-01   0.00000E+00   1.26963E-01   2.06763E-01   0.00000E+00   8.16581E-08   2.57293E-07   3.28570E-01   1.63472E-01   6.39610E+01   4.80022E+01   2.70665E+01
 3.20000E+01   6.40000E+00   8.00000E-01   0.00000E+00   0.00000E+00   0.00000E+00   9.71826E-04   2.80707E-02   3.08913E+00   2.06267E-01   1.15694E-01   0.00000E+00   1.20406E-01   2.09923E-01   0.00000E+00   1.54739E-08   7.68475E-08   2.83940E-01   1.47241E-01   1.58287E+01   1.98906E+01   1.19242E+01
 3.20000E+01   6.40000E+00   9.00000E-01   0.00000E+00   0.00000E+00   0.00000E+00   9.58704E-04   2.97639E-02   2.93086E+00   1.52363E-01   6.35310E-02   0.00000E+00   7.32013E-02   1.27898E-01   3.51228E-08   1.12491E-08   3.33652E-08   2.28408E-01   1.06007E-01   5.39369E+00   5.54710E+00   4.14342E+00
 3.20000E+01   6.40000E+00   1.00000E+00   0.00000E+00   0.00000E+00   0.00000E+00   9.24106E-04   3.07741E-02   2.59486E+00   9.85751E-03   1.87406E-02   7.70110E-06   4.93307E-02   5.48960E-02   8.20723E-06   1.40055E-08   1.56357E-08   1.53770E-01   5.72915E-02   3.43547E+00   1.60553E+00   1.13134E-06
 3.20000E+01   6.40000E+00   1.10000E+00   0.00000E+00   0.00000E+00   0.00000E+00   8.57737E-04   3.05309E-02   2.12428E+00   8.99218E-03   1.64410E-02   5.29778E-06   4.77007E-02   5.40933E-02   5.74437E-06   8.58505E-09   8.81809E-09   8.59952E-02   3.79294E-02   7.43009E-01   1.66093E+00   6.80609E-07
 3.20000E+01   6.40000E+00   1.20000E+00   0.00000E+00   0.00000E+00   0.00000E+00   7.88777E-04   2.90157E-02   1.75724E+00   8.02843E-03   1.47300E-02   3.67144E-06   6.51900E-02   5.35236E-02   4.17284E-06   7.35471E-09   5.15055E-09   3.34833E-02   3.07626E-02   7.06274E-01   4.93929E-01   2.81252E-07
 3.20000E+01   6.40000E+00   1.30000E+00   0.00000E+00   0.00000E+00   0.00000E+00   8.03649E-04   2.68173E-02   1.70952E+00   7.09206E-03   1.37968E-02   2.52685E-06   6.55848E-02   5.29775E-02   2.99211E-06   5.49427E-08   1.92098E-08   7.91086E-03   2.86961E-02   6.94564E-01   4.57634E-01   2.99148E-06
 3.20000E+01   6.40000E+00   1.40000E+00   0.00000E+00   0.00000E+00   0.00000E+00   9.69688E-04   2.43740E-02   1.95784E+00   6.28636E-03   1.34239E-02   1.69969E-06   6.52511E-02   5.23697E-02   2.21267E-06   1.56409E-07   7.35939E-08   7.95557E-03   2.84474E-02   6.97182E-01   4.37857E-01   4.57727E+00
 3.20000E+01   6.40000E+00   1.50000E+00   0.00000E+00   0.00000E+00   0.00000E+00   1.25794E-03   2.16355E-02   2.20307E+00   5.66648E-03   1.35161E-02   1.09147E-06   6.45062E-02   5.18214E-02   1.49295E-06   3.09481E-07   1.50317E-07   8.01432E-03   2.81376E-02   2.99416E+01   1.73084E+00   2.99333E+01
 3.20000E+01   6.40000E+00   1.60000E+00   0.00000E+00   0.00000E+00   0.00000E+00   1.61787E-03   1.86460E-02   2.46497E+00   5.23460E-03   1.38098E-02   6.37750E-07   6.37397E-02   5.14126E-02   9.22693E-07   4.98219E-07   2.36261E-07   8.16751E-03   2.78704E-02   3.03844E+01   3.72093E-01   5.68990E+00
 3.20000E+01   6.40000E+00   1.70000E+00   0.00000E+00   0.00000E+00   0.00000E+00   2.01834E-03   1.57415E-02   2.29266E+00   4.95458E-03   1.42170E-02   3.30660E-07   6.32348E-02   5.11860E-02   4.96321E-07   7.05872E-07   3.22654E-07   8.46200E-03   2.77227E-02   7.40929E-01   3.60919E-01   4.21263E-05
 3.20000E+01   6.40000E+00   1.80000E+00   0.00000E+00   0.00000E+00   0.00000E+00   2.43946E-03   1.31111E-02   2.31285E+00   4.79414E-03   1.46041E-02   1.38933E-07   6.30802E-02   5.11512E-02   1.98169E-07   9.17531E-07   4.05074E-07   8.92215E-03   2.77117E-02   7.58942E-01   1.49707E+01   5.44365E-05
 3.20000E+01   6.40000E+00   1.90000E+00   0.00000E+00   0.00000E+00   0.00000E+00   2.87072E-03   1.08181E-02   2.47726E+00   4.74710E-03   1.48237E-02   2.33868E-08   6.31944E-02   5.12575E-02   2.87090E-08   1.12015E-06   4.81244E-07   9.58719E-03   2.77990E-02   3.24903E+01   3.38120E+00   1.72292E+01
 3.20000E+01   6.40000E+00   2.00000E+00   0.00000E+00   0.00000E+00   0.00000E+00   3.30670E-03   8.98959E-03   2.38139E+00   4.79640E-03   1.48473E-02   5.59822E-08   6.34619E-02   5.14572E-02   1.38099E-07   1.30299E-06   5.50138E-07   1.04961E-02   2.79461E-02   3.24904E+01   3.38044E+00   1.72292E+01
 3.20000E+01   6.40000E+00   2.10000E+00   0.00000E+00   0.00000E+00   0.00000E+00   3.74726E-03   7.63122E-03   2.25642E+00   4.89029E-03   1.47138E-02   1.08350E-07   6.38056E-02   5.17202E-02   2.23671E-07   1.46150E-06   6.11470E-07   1.16612E-02   2.81317E-02   7.65984E-01   3.28467E-01   8.61853E-05
 3.20000E+01   6.40000E+00   2.20000E+00   0.00000E+00   0.00000E+00   0.00000E+00   4.19618E-03   6.68022E-03   2.11504E+00   4.95909E-03   1.44809E-02   1.50437E-07   6.41822E-02   5.20250E-02   2.86789E-07   1.59607E-06   6.64956E-07   1.30818E-02   2.83458E-02   7.56310E-01   3.24985E-01   9.41599E-05
 3.20000E+01   6.40000E+00   2.30000E+00   0.00000E+00   0.00000E+00   0.00000E+00   4.65848E-03   6.02701E-03   1.98653E+00   4.96570E-03   1.42228E-02   1.88227E-07   6.45735E-02   5.23535E-02   3.40919E-07   1.71095E-06   7.11201E-07   1.47566E-02   2.85877E-02   7.45319E-01   3.25050E-01   1.00992E-04
 3.20000E+01   6.40000E+00   2.40000E+00   0.00000E+00   0.00000E+00   0.00000E+00   5.13944E-03   5.57127E-03   1.85452E+00   4.91466E-03   1.40019E-02   2.24560E-07   6.49725E-02   5.26914E-02   3.93804E-07   1.81210E-06   7.51680E-07   1.66753E-02   2.88600E-02   7.36073E-01   3.31091E-01   1.07006E-04
 3.20000E+01   6.40000E+00   2.50000E+00   0.00000E+00   0.00000E+00   0.00000E+00   5.64358E-03   5.25275E-03   1.71731E+00   4.83878E-03   1.38575E-02   2.60386E-07   6.53749E-02   5.30283E-02   4.48708E-07   1.90357E-06   7.88006E-07   1.88134E-02   2.91648E-02   7.30377E-01   3.44542E-01   1.12446E-04
 3.20000E+01   6.40000E+00   2.60000E+00   0.00000E+00   0.00000E+00   0.00000E+00   6.17383E-03   5.03665E-03   1.58020E+00   4.76824E-03   1.37991E-02   2.95168E-07   6.57799E-02   5.33527E-02   5.05559E-07   1.98717E-06   8.21521E-07   2.11366E-02   2.95022E-02   7.28267E-01   3.64807E-01   1.17445E-04
 3.20000E+01   6.40000E+00   2.70000E+00   0.00000E+00   0.00000E+00   0.00000E+00   6.73089E-03   4.91664E-03   1.46026E+00   4.70950E-03   1.37935E-02   3.26150E-07   6.61910E-02   5.36435E-02   5.60701E-07   2.06344E-06   8.53128E-07   2.36075E-02   2.98675E-02   7.27602E-01   3.88354E-01   1.22055E-04
 3.20000E+01   6.40000E+00   2.80000E+00   0.00000E+00   0.00000E+00   0.00000E+00   7.31373E-03   4.91414E-03   1.35412E+00   4.65356E-03   1.38018E-02   3.52151E-07   6.66038E-02   5.38930E-02   6.10858E-07   2.13139E-06   8.83408E-07   2.61962E-02   3.02562E-02   7.26284E-01   4.11602E-01   1.26250E-04
 3.20000E+01   6.40000E+00   2.90000E+00   0.00000E+00   0.00000E+00   0.00000E+00   7.92033E-03   5.02177E-03   1.27484E+00   2.17860E-02   2.14058E-02   3.73585E-07   6.70076E-02   5.41128E-02   6.54536E-07   2.18998E-06   9.12457E-07   2.88899E-02   3.19473E-02   1.21656E+00   4.33247E-01   1.29987E-04
 3.20000E+01   6.40000E+00   3.00000E+00   0.00000E+00   0.00000E+00   0.00000E+00   8.54837E-03   5.20044E-03   1.22787E+00   2.46463E-02   2.13609E-02   3.91373E-07   6.73928E-02   5.43161E-02   6.92156E-07   2.23703E-06   9.40300E-07   3.16950E-02   3.25923E-02   1.30353E+00   4.52935E-01   1.33166E-04
 3.20000E+01   6.40000E+00   3.10000E+00   0.00000E+00   0.00000E+00   0.00000E+00   9.19645E-03   5.38509E-03   1.21001E+00   2.70482E-02   2.12954E-02   4.06465E-07   6.77524E-02   5.45128E-02   7.25224E-07   2.25776E-06   9.69689E-07   3.46260E-02   3.32434E-02   1.38120E+00   4.70628E-01   1.35127E-04
 3.20000E+01   6.40000E+00   3.20000E+00   0.00000E+00   0.00000E+00   0.00000E+00   9.86453E-03   5.52844E-03   1.19045E+00   2.91062E-02   2.12103E-02   4.19599E-07   6.80822E-02   5.47084E-02   7.55327E-07   2.04293E-06   1.05251E-06   3.76932E-02   3.39051E-02   1.44987E+00   4.86203E-01   1.26653E-04
 3.20000E+01   6.40000E+00   3.30000E+00   0.00000E+00   0.00000E+00   0.00000E+00   1.05537E-02   5.61283E-03   1.16008E+00   3.08979E-02   2.11023E-02   4.31308E-07   6.83811E-02   5.49011E-02   7.83743E-07   1.45529E-06   1.61536E-06   4.08981E-02   3.45812E-02   1.51066E+00   4.99208E-01   1.12733E-04
 3.20000E+01   6.40000E+00   3.40000E+00   0.00000E+00   0.00000E+00   0.00000E+00   1.12655E-02   5.64729E-03   1.12162E+00   3.24805E-02   2.09670E-02   4.42004E-07   6.86488E-02   5.50869E-02   8.11417E-07   3.09016E-06   3.66736E-06   4.42349E-02   3.52744E-02   1.56514E+00   5.09157E-01   2.39039E-04
 3.20000E+01   6.40000E+00   3.50000E+00   0.00000E+00   0.00000E+00   0.00000E+00   1.20010E-02   5.64726E-03   1.08536E+00   3.39058E-02   2.08052E-02   4.51954E-07   6.88847E-02   5.52641E-02   8.38980E-07   7.96291E-06   7.77975E-06   4.76954E-02   3.59885E-02   1.61515E+00   5.16226E-01   5.74592E-04
 3.20000E+01   6.40000E+00   3.60000E+00   0.00000E+00   0.00000E+00   0.00000E+00   1.27600E-02   5.62191E-03   1.05097E+00   3.52158E-02   2.06206E-02   5.19953E-07   6.90854E-02   5.54328E-02   1.03248E-06   1.55549E-05   1.42404E-05   5.12732E-02   3.67271E-02   1.66237E+00   5.21190E-01   1.11099E-03
 3.20000E+01   6.40000E+00   3.70000E+00   0.00000E+00   0.00000E+00   0.00000E+00   1.35421E-02   5.57462E-03   1.01564E+00   3.64409E-02   2.04195E-02   1.05155E-06   6.92513E-02   5.55942E-02   3.89797E-06   2.58390E-05   2.31028E-05   5.49649E-02   3.74944E-02   1.70785E+00   5.25030E-01   1.84659E-03
 3.20000E+01   6.40000E+00   3.80000E+00   0.00000E+00   0.00000E+00   0.00000E+00   1.43464E-02   5.50863E-03   9.83856E-01   3.75950E-02   2.02070E-02   2.48421E-06   6.93863E-02   5.57499E-02   1.24135E-05   3.86607E-05   3.41401E-05   5.87695E-02   3.82943E-02   1.75185E+00   5.28690E-01   2.76796E-03
 3.20000E+01   6.40000E+00   3.90000E+00   0.00000E+00   0.00000E+00   0.00000E+00   1.51723E-02   5.43131E-03   9.58483E-01   3.86852E-02   1.99868E-02   4.97999E-06   6.94944E-02   5.58986E-02   2.74574E-05   5.38764E-05   4.71157E-05   6.26843E-02   3.91287E-02   1.79448E+00   5.32683E-01   3.86260E-03
 3.20000E+01   6.40000E+00   4.00000E+00   0.00000E+00   0.00000E+00   0.00000E+00   1.60197E-02   5.35109E-03   9.37521E-01   3.97207E-02   1.97621E-02   8.49595E-06   6.95793E-02   5.60384E-02   4.87594E-05   7.13927E-05   6.18876E-05   6.67043E-02   3.99991E-02   1.83601E+00   5.37171E-01   5.12172E-03
 3.20000E+01   6.40000E+00   4.10000E+00   0.00000E+00   0.00000E+00   0.00000E+00   1.68885E-02   5.27509E-03   9.16802E-01   4.07138E-02   1.95353E-02   1.29022E-05   1.35343E-01   1.27343E-01   7.51955E-05   9.10958E-05   7.83118E-05   7.08234E-02   6.79781E-02   3.78848E+00   5.41390E-01   6.53485E-03
 3.20000E+01   6.40000E+00   4.20000E+00   0.00000E+00   0.00000E+00   0.00000E+00   1.77782E-02   5.20786E-03   8.96640E-01   4.16766E-02   1.93081E-02   1.80252E-05   1.35216E-01   1.27323E-01   1.05251E-04   1.12631E-04   9.60257E-05   7.50369E-02   6.85037E-02   1.91747E+00   5.46041E-01   8.07286E-03
 3.20000E+01   6.40000E+00   4.30000E+00   0.00000E+00   0.00000E+00   0.00000E+00   1.86881E-02   5.15252E-03   8.78589E-01   4.26193E-02   1.90846E-02   2.36524E-05   1.35088E-01   1.27314E-01   1.37242E-04   1.35258E-04   1.14495E-04   7.93414E-02   6.90680E-02   1.95820E+00   3.33675E+00   9.68176E-03
 3.20000E+01   6.40000E+00   4.40000E+00   0.00000E+00   0.00000E+00   0.00000E+00   1.96167E-02   5.11059E-03   8.62653E-01   4.31249E-02   4.38738E-02   2.95115E-05   1.34961E-01   1.27319E-01   1.69549E-04   1.57992E-04   1.33035E-04   8.37326E-02   7.08836E-02   1.98989E+00   5.57339E-01   1.12908E-02
 3.20000E+01   6.40000E+00   4.50000E+00   0.00000E+00   0.00000E+00   0.00000E+00   2.05628E-02   5.08312E-03   8.49837E-01   4.39681E-02   4.36177E-02   3.53160E-05   1.34834E-01   1.27338E-01   2.00820E-04   1.79849E-04   1.86797E-03   1.02017E-01   7.35163E-02   3.94713E+00   5.64233E-01   8.55156E-02
 3.20000E+01   6.40000E+00   4.60000E+00   0.00000E+00   0.00000E+00   0.00000E+00   2.15250E-02   5.07056E-03   8.39839E-01   1.40454E-01   1.04077E-01   4.08177E-05   1.34709E-01   1.27370E-01   2.29936E-04   2.00000E-04   1.76895E-03   1.19781E-01   9.38556E-02   4.74993E+00   5.71962E-01   8.19249E-02
 3.20000E+01   6.40000E+00   4.70000E+00   0.00000E+00   0.00000E+00   0.00000E+00   2.25022E-02   5.07318E-03   8.32317E-01   1.40717E-01   1.40145E-01   4.57782E-05   1.34586E-01   1.27415E-01   2.55913E-04   2.17703E-04   1.40041E-03   1.35981E-01   1.01260E-01   4.52754E+01   2.99389E+01   2.99333E+01
 3.20000E+01   6.40000E+00   4.80000E+00   0.00000E+00   0.00000E+00   0.00000E+00   2.34927E-02   5.09165E-03   8.29402E-01   1.40980E-01   1.39571E-01   4.99702E-05   1.34464E-01   1.27471E-01   2.77924E-04   2.32294E-04   1.21077E-03   1.50467E-01   1.03455E-01   2.04967E+00   5.89189E-01   4.69243E-01
 3.20000E+01   6.40000E+00   4.90000E+00   0.00000E+00   0.00000E+00   0.00000E+00   2.44948E-02   5.12663E-03   8.32466E-01   1.41245E-01   1.38992E-01   5.32039E-05   1.34345E-01   1.27535E-01   2.95335E-04   2.43189E-04   1.07862E-03   1.63653E-01   1.05602E-01   2.06287E+00   3.83146E+03   1.14545E+03
 3.20000E+01   6.40000E+00   5.00000E+00   0.00000E+00   0.00000E+00   0.00000E+00   2.55067E-02   5.17811E-03   8.38910E-01   1.41511E-01   1.38413E-01   5.53555E-05   1.34229E-01   1.27607E-01   3.07754E-04   2.49956E-04   9.67344E-04   1.75729E-01   1.07686E-01   2.08294E+00   6.07570E-01   3.40275E+00
 6.40000E+01   1.28000E+01   5.00000E-01   0.00000E+00   0.00000E+00   0.00000E+00   1.90093E-04   1.45483E-03   3.20416E+00   1.93897E-01   1.39637E-01   0.00000E+00   1.26956E-01   1.71528E-01   0.00000E+00   4.64574E-07   5.17595E-07   2.80071E-01   1.41843E-01   1.34763E+00   1.07944E+00   6.29501E-05
 6.40000E+01   1.28000E+01   6.00000E-01   0.00000E+00   0.00000E+00   0.00000E+00   1.90139E-04   1.44149E-03   3.00867E+00   1.93897E-01   1.23363E-01   0.00000E+00   1.26956E-01   1.71528E-01   0.00000E+00   5.84432E-10   5.04509E-09   2.80071E-01   1.40156E-01   2.62763E+01   4.37336E+01   4.59683E-07
 6.40000E+01   1.28000E+01   7.00000E-01   0.00000E+00   0.00000E+00   0.00000E+00   1.89911E-04   1.44105E-03   2.85635E+00   1.90508E-01   9.20423E-02   0.00000E+00   9.66066E-02   1.71528E-01   0.00000E+00   1.50061E-07   8.79542E-09   2.80071E-01   1.34147E-01   1.03742E+01   3.50480E+01   2.51254E+01
 6.40000E+01   1.28000E+01   8.00000E-01   0.00000E+00   0.00000E+00   0.00000E+00   1.88411E-04   1.43884E-03   2.60700E+00   1.59372E-01   8.29196E-02   0.00000E+00   8.60000E-02   1.34543E-01   0.00000E+00   6.59764E-09   8.01859E-09   2.37410E-01   1.12614E-01   6.85421E+03   6.85420E+03   6.18299E+01
 6.40000E+01   1.28000E+01   9.00000E-01   0.00000E+00   0.00000E+00   0.00000E+00   1.84714E-04   1.46790E-03   2.03170E+00   1.10358E-01   2.08117E-02   8.28202E-07   3.01740E-02   9.18625E-02   3.40971E-06   3.12238E-09   9.37382E-09   1.49123E-01   7.00785E-02   1.58285E+04   1.58284E+04   1.58284E+04
 6.40000E+01   1.28000E+01   1.00000E+00   0.00000E+00   0.00000E+00   0.00000E+00   1.77847E-04   1.58093E-03   1.83631E+00   6.63184E-02   2.06309E-02   6.67903E-07   9.20094E-03   6.14606E-02   1.17874E-05   7.75920E-09   7.65266E-09   1.10794E-01   4.82598E-02   6.36821E+00   5.63390E+00   7.03616E-07
 6.40000E+01   1.28000E+01   1.10000E+00   0.00000E+00   0.00000E+00   0.00000E+00   1.69670E-04   1.73763E-03   1.68976E+00   4.68086E-03   5.85024E-03   1.40594E-06   4.36098E-03   3.72369E-03   8.92942E-06   3.81057E-09   3.51781E-09   7.34656E-02   2.46896E-02   6.60986E-01   5.89846E-01   5.49999E-07
 6.40000E+01   1.28000E+01   1.20000E+00   0.00000E+00   0.00000E+00   0.00000E+00   1.61720E-04   1.81762E-03   1.78925E+00   4.66646E-03   5.13218E-03   1.46869E-06   3.87615E-03   3.43326E-03   7.65701E-06   6.50344E-09   6.89392E-08   3.91130E-02   1.33531E-02   6.05520E-01   5.30023E-01   6.49925E-06
 6.40000E+01   1.28000E+01   1.30000E+00   0.00000E+00   0.00000E+00   0.00000E+00   1.57326E-04   1.77228E-03   1.83873E+00   4.36334E-03   4.58328E-03   1.21201E-06   3.58833E-03   3.10228E-03   5.55363E-06   2.18540E-08   2.33511E-07   1.08364E-02   4.47181E-03   5.55030E-01   4.87750E-01   2.19398E-05
 6.40000E+01   1.28000E+01   1.40000E+00   0.00000E+00   0.00000E+00   0.00000E+00   1.65653E-04   1.65876E-03   1.85259E+00   3.95107E-03   4.17970E-03   8.21963E-07   3.46771E-03   2.82047E-03   3.99674E-06   5.23025E-08   5.01030E-07   3.93388E-03   2.75956E-03   5.14417E-01   4.64824E-01   4.71697E-05
 6.40000E+01   1.28000E+01   1.50000E+00   0.00000E+00   0.00000E+00   0.00000E+00   1.93699E-04   1.51198E-03   1.80845E+00   3.62195E-03   3.90616E-03   5.29427E-07   3.42504E-03   2.59051E-03   2.70860E-06   9.90580E-08   8.41845E-07   3.95266E-03   2.63400E-03   4.89109E-01   4.51440E-01   7.94760E-05
 6.40000E+01   1.28000E+01   1.60000E+00   0.00000E+00   0.00000E+00   0.00000E+00   2.39590E-04   1.32584E-03   1.88248E+00   3.42545E-03   3.75561E-03   3.10543E-07   3.36319E-03   2.39206E-03   1.70526E-06   1.59925E-07   1.21608E-06   3.98901E-03   2.55568E-03   4.74231E-01   4.36331E-01   1.15259E-04
 6.40000E+01   1.28000E+01   1.70000E+00   0.00000E+00   0.00000E+00   0.00000E+00   2.98333E-04   1.12321E-03   2.10882E+00   3.31587E-03   3.70748E-03   1.59858E-07   3.26723E-03   2.21589E-03   9.74801E-07   2.29574E-07   1.58906E-06   4.06065E-03   2.51251E-03   4.63930E-01   4.16164E-01   1.51324E-04
 6.40000E+01   1.28000E+01   1.80000E+00   0.00000E+00   0.00000E+00   0.00000E+00   3.65254E-04   9.31768E-04   2.13446E+00   3.23850E-03   3.69551E-03   6.39393E-08   3.16331E-03   2.07799E-03   4.68391E-07   3.00860E-07   1.93971E-06   4.19271E-03   2.49551E-03   4.54286E-01   3.93546E-01   1.85594E-04
 6.40000E+01   1.28000E+01   1.90000E+00   0.00000E+00   0.00000E+00   0.00000E+00   4.36476E-04   7.59924E-04   1.88201E+00   3.16659E-03   3.65129E-03   1.00153E-08   3.05820E-03   1.99837E-03   2.05568E-07   3.68935E-07   2.25678E-06   4.40826E-03   2.49751E-03   4.41034E-01   3.70469E-01   2.16900E-04
 6.40000E+01   1.28000E+01   2.00000E+00   0.00000E+00   0.00000E+00   0.00000E+00   5.09326E-04   6.21781E-04   1.68365E+00   3.08966E-03   3.56026E-03   3.88114E-08   2.95178E-03   1.98179E-03   3.15290E-07   4.31576E-07   2.53458E-06   4.71973E-03   2.51965E-03   4.22668E-01   3.48654E-01   2.44603E-04
 6.40000E+01   1.28000E+01   2.10000E+00   0.00000E+00   0.00000E+00   0.00000E+00   5.82308E-04   5.23625E-04   1.61644E+00   3.01205E-03   3.44460E-03   6.78708E-08   2.84865E-03   2.02017E-03   4.66693E-07   4.88171E-07   2.77343E-06   5.13377E-03   2.57097E-03   4.00986E-01   3.30140E-01   2.68645E-04
 6.40000E+01   1.28000E+01   2.20000E+00   0.00000E+00   0.00000E+00   0.00000E+00   6.54861E-04   4.62827E-04   1.52658E+00   2.94762E-03   3.32462E-03   9.25475E-08   2.75283E-03   2.10529E-03   5.87579E-07   5.39031E-07   2.97920E-06   5.65000E-03   2.65988E-03   3.78533E-01   3.16361E-01   2.89514E-04
 6.40000E+01   1.28000E+01   2.30000E+00   0.00000E+00   0.00000E+00   0.00000E+00   7.27458E-04   4.34391E-04   1.44259E+00   2.91440E-03   3.20917E-03   1.15033E-07   2.66982E-03   2.22036E-03   6.94361E-07   5.85486E-07   3.16137E-06   6.26082E-03   2.78983E-03   3.57666E-01   3.07624E-01   3.08077E-04
 6.40000E+01   1.28000E+01   2.40000E+00   0.00000E+00   0.00000E+00   0.00000E+00   8.01200E-04   4.31306E-04   1.36619E+00   2.92311E-03   3.09731E-03   1.35194E-07   8.69218E-02   8.68673E-02   7.97370E-07   6.29280E-07   3.32791E-06   6.89647E-03   4.10515E-02   3.39672E-01   3.03376E-01   3.32651E-04
 6.40000E+01   1.28000E+01   2.50000E+00   0.00000E+00   0.00000E+00   0.00000E+00   8.77795E-04   4.41188E-04   1.31566E+00   2.97575E-03   2.98255E-03   1.53501E-07   8.69340E-02   8.68878E-02   9.03465E-07   6.71760E-07   3.48485E-06   7.46857E-03   4.10698E-02   3.24390E-01   3.02308E-01   3.48969E-04
 6.40000E+01   1.28000E+01   2.60000E+00   0.00000E+00   0.00000E+00   0.00000E+00   9.58815E-04   4.54782E-04   1.26448E+00   3.06408E-03   2.86120E-03   1.70640E-07   8.69363E-02   8.68987E-02   1.01359E-06   7.13642E-07   3.63605E-06   8.12848E-03   4.10866E-02   3.11129E-01   3.02755E-01   3.64678E-04
 6.40000E+01   1.28000E+01   2.70000E+00   0.00000E+00   0.00000E+00   0.00000E+00   1.04517E-03   4.65800E-04   1.21350E+00   3.17098E-03   2.74224E-03   1.86403E-07   8.69428E-02   8.69139E-02   1.12058E-06   7.55111E-07   3.78245E-06   8.86820E-03   4.11087E-02   2.99645E-01   3.04622E-01   3.79885E-04
 6.40000E+01   1.28000E+01   2.80000E+00   0.00000E+00   0.00000E+00   0.00000E+00   1.13695E-03   4.72171E-04   1.15268E+00   3.28060E-03   2.64027E-03   2.00608E-07   8.69349E-02   8.69287E-02   1.22023E-06   7.96137E-07   3.92352E-06   9.68012E-03   4.11308E-02   2.89856E-01   3.16115E-01   3.94548E-04
 6.40000E+01   1.28000E+01   2.90000E+00   0.00000E+00   0.00000E+00   0.00000E+00   1.23364E-03   4.73806E-04   1.08849E+00   3.38266E-03   2.56385E-03   2.13511E-07   8.69243E-02   8.69407E-02   1.30981E-06   8.36521E-07   4.05653E-06   1.05593E-02   4.11556E-02   2.81431E-01   3.28929E-01   4.08426E-04
 6.40000E+01   1.28000E+01   3.00000E+00   0.00000E+00   0.00000E+00   0.00000E+00   1.33450E-03   4.70869E-04   1.03401E+00   3.47476E-03   2.51890E-03   2.25516E-07   8.69117E-02   8.69513E-02   1.38969E-06   8.76003E-07   4.17868E-06   1.15030E-02   4.11837E-02   2.74474E-01   3.40500E-01   4.21265E-04
 6.40000E+01   1.28000E+01   3.10000E+00   0.00000E+00   0.00000E+00   0.00000E+00   1.43913E-03   4.63455E-04   9.98472E-01   3.56163E-03   2.50802E-03   2.36808E-07   8.68971E-02   8.69614E-02   1.46205E-06   9.16981E-07   4.28567E-06   1.25092E-02   4.12160E-02   2.69445E-01   3.50871E-01   4.32751E-04
 6.40000E+01   1.28000E+01   3.20000E+00   0.00000E+00   0.00000E+00   0.00000E+00   1.54756E-03   4.51563E-04   9.74396E-01   3.64753E-03   2.52761E-03   2.47326E-07   8.68809E-02   8.69714E-02   1.52927E-06   1.00549E-06   4.32629E-06   1.35753E-02   4.12530E-02   2.66711E-01   3.60805E-01   4.39532E-04
 6.40000E+01   1.28000E+01   3.30000E+00   0.00000E+00   0.00000E+00   0.00000E+00   1.66005E-03   4.36135E-04   9.52754E-01   3.73313E-03   2.56955E-03   2.57143E-07   8.68622E-02   8.69801E-02   1.59343E-06   1.32131E-06   4.16464E-06   1.46976E-02   4.12945E-02   2.66331E-01   3.71391E-01   4.36206E-04
 6.40000E+01   1.28000E+01   3.40000E+00   0.00000E+00   0.00000E+00   0.00000E+00   1.77690E-03   4.18566E-04   9.19655E-01   3.81927E-03   2.62357E-03   2.66427E-07   8.68408E-02   8.69864E-02   1.65607E-06   2.16920E-06   3.71626E-06   1.58726E-02   4.13405E-02   2.68255E-01   3.83075E-01   4.43845E-04
 6.40000E+01   1.28000E+01   3.50000E+00   0.00000E+00   0.00000E+00   0.00000E+00   1.89819E-03   4.00513E-04   8.74721E-01   3.90693E-03   2.67677E-03   2.75361E-07   8.68165E-02   8.69905E-02   1.71807E-06   3.75769E-06   3.46549E-06   1.70974E-02   4.13914E-02   2.72136E-01   3.96038E-01   5.57087E-04
 6.40000E+01   1.28000E+01   3.60000E+00   0.00000E+00   0.00000E+00   0.00000E+00   2.02384E-03   3.83535E-04   8.25729E-01   3.99678E-03   2.71672E-03   2.72238E-07   8.67897E-02   8.69935E-02   1.82269E-06   6.18583E-06   4.96343E-06   1.83705E-02   4.14476E-02   2.77511E-01   4.10580E-01   8.76869E-04
 6.40000E+01   1.28000E+01   3.70000E+00   0.00000E+00   0.00000E+00   0.00000E+00   2.15379E-03   3.68574E-04   7.82056E-01   4.08887E-03   2.73446E-03   3.03482E-07   8.67603E-02   8.69965E-02   2.37713E-06   9.46325E-06   8.59716E-06   1.96903E-02   4.15099E-02   2.83911E-01   4.27079E-01   1.40082E-03
 6.40000E+01   1.28000E+01   3.80000E+00   0.00000E+00   0.00000E+00   0.00000E+00   2.28803E-03   3.55511E-04   7.45784E-01   4.18192E-03   2.72516E-03   8.36586E-07   8.67287E-02   8.70005E-02   4.26831E-06   1.35500E-05   1.38129E-05   2.10534E-02   4.15787E-02   2.90822E-01   4.45933E-01   2.10021E-03
 6.40000E+01   1.28000E+01   3.90000E+00   0.00000E+00   0.00000E+00   0.00000E+00   2.42662E-03   3.43525E-04   7.10489E-01   4.27360E-03   2.68742E-03   1.91663E-06   8.66951E-02   8.70063E-02   7.95503E-06   1.83568E-05   2.03565E-05   2.24554E-02   4.16545E-02   2.97857E-01   1.27220E+00   2.95504E-03
 6.40000E+01   1.28000E+01   4.00000E+00   0.00000E+00   0.00000E+00   0.00000E+00   2.56957E-03   3.32266E-04   6.72403E-01   4.36253E-03   2.62160E-03   3.44354E-06   8.66598E-02   8.70145E-02   1.33288E-05   2.37311E-05   2.80394E-05   2.38922E-02   4.17375E-02   3.04962E-01   4.91591E-01   3.94270E-03
 6.40000E+01   1.28000E+01   4.10000E+00   0.00000E+00   0.00000E+00   0.00000E+00   2.71669E-03   3.21796E-04   6.31607E-01   4.44872E-03   2.52889E-03   5.32045E-06   8.66241E-02   8.70254E-02   2.01148E-05   2.95030E-05   3.66361E-05   2.53605E-02   4.18284E-02   3.12240E-01   5.18288E-01   5.03621E-03
 6.40000E+01   1.28000E+01   4.20000E+00   0.00000E+00   0.00000E+00   0.00000E+00   2.86766E-03   3.11977E-04   5.91842E-01   4.53288E-03   2.41232E-03   7.43503E-06   8.65889E-02   8.70397E-02   2.79503E-05   3.55135E-05   4.58243E-05   2.68575E-02   4.19275E-02   3.19866E-01   5.47194E-01   6.20059E-03
 6.40000E+01   1.28000E+01   4.30000E+00   0.00000E+00   0.00000E+00   0.00000E+00   3.02204E-03   3.02600E-04   5.56344E-01   8.55341E-02   8.56079E-02   9.66318E-06   8.65548E-02   8.70579E-02   3.64203E-05   4.16058E-05   5.51197E-05   2.83807E-02   5.82343E-02   3.26877E-01   5.77890E-01   7.38625E-03
 6.40000E+01   1.28000E+01   4.40000E+00   0.00000E+00   0.00000E+00   0.00000E+00   3.17936E-03   2.93700E-04   5.26253E-01   8.55242E-02   8.55803E-02   1.18893E-05   8.65223E-02   8.70800E-02   4.51162E-05   4.76529E-05   6.39778E-05   2.99273E-02   5.83124E-02   3.35410E-01   6.09894E-01   8.53942E-03
 6.40000E+01   1.28000E+01   4.50000E+00   0.00000E+00   0.00000E+00   0.00000E+00   3.33916E-03   2.85358E-04   5.00868E-01   8.55188E-02   8.55562E-02   1.40301E-05   8.64915E-02   8.71058E-02   5.36523E-05   5.35277E-05   7.19407E-05   3.14946E-02   5.83985E-02   3.44787E-01   6.42711E-01   9.61227E-03
 6.40000E+01   1.28000E+01   4.60000E+00   0.00000E+00   0.00000E+00   0.00000E+00   3.50095E-03   2.77615E-04   4.80969E-01   8.55176E-02   8.55355E-02   1.60092E-05   8.64624E-02   8.71349E-02   6.16696E-05   5.90316E-05   7.86646E-05   3.30801E-02   5.84923E-02   3.55069E-01   6.75874E-01   1.05617E-02
 6.40000E+01   1.28000E+01   4.70000E+00   0.00000E+00   0.00000E+00   0.00000E+00   3.66426E-03   2.70549E-04   4.68596E-01   8.55203E-02   8.55179E-02   1.77554E-05   8.64349E-02   8.71667E-02   6.88268E-05   6.39125E-05   8.39012E-05   3.46812E-02   5.85936E-02   3.66285E-01   7.08973E-01   1.13488E-02
 6.40000E+01   1.28000E+01   4.80000E+00   0.00000E+00   0.00000E+00   0.00000E+00   3.82860E-03   2.64095E-04   4.64952E-01   8.55265E-02   8.55033E-02   1.92094E-05   8.64089E-02   8.72007E-02   7.48157E-05   6.79459E-05   8.75321E-05   3.62950E-02   5.87021E-02   3.78434E-01   7.41669E-01   1.19465E-02
 6.40000E+01   1.28000E+01   4.90000E+00   0.00000E+00   0.00000E+00   0.00000E+00   3.99354E-03   2.58084E-04   4.69823E-01   8.55356E-02   8.54911E-02   2.03332E-05   8.63842E-02   8.72363E-02   7.93918E-05   7.09787E-05   8.95370E-05   3.79181E-02   5.88173E-02   3.91464E-01   7.73686E-01   1.23404E-02
 6.40000E+01   1.28000E+01   5.00000E+00   0.00000E+00   0.00000E+00   0.00000E+00   4.15866E-03   2.52347E-04   4.82135E-01   8.55474E-02   8.54812E-02   2.11049E-05   8.63606E-02   8.72729E-02   8.23875E-05   7.29067E-05   8.99204E-05   3.95470E-02   5.89389E-02   4.05270E-01   8.04808E-01   1.25225E-02
 1.28000E+02   2.56000E+01   5.00000E-01   0.00000E+00   0.00000E+00   0.00000E+00   3.61149E-05   5.12921E-04   2.97769E+00   1.74871E-01   1.35394E-01   0.00000E+00   1.31225E-01   1.50198E-01   0.00000E+00   9.79932E-07   6.32970E-07   2.45384E-01   1.28627E-01   1.07529E+00   9.60406E-01   2.25487E-04
 1.28000E+02   2.56000E+01   6.00000E-01   0.00000E+00   0.00000E+00   0.00000E+00   3.61276E-05   5.12194E-04   2.83372E+00   1.74871E-01   1.27243E-01   0.00000E+00   1.14864E-01   1.50198E-01   0.00000E+00   7.92510E-08   1.63855E-07   2.45384E-01   1.25935E-01   8.61888E+00   1.16384E+01   3.28926E-05
 1.28000E+02   2.56000E+01   7.00000E-01   0.00000E+00   0.00000E+00   0.00000E+00   3.61567E-05   5.05053E-04   2.56736E+00   1.72734E-01   1.04132E-01   0.00000E+00   1.07300E-01   1.45815E-01   0.00000E+00   5.49123E-09   6.53349E-09   2.45384E-01   1.21869E-01   1.66768E+01   1.53185E+01   1.47979E-06
 1.28000E+02   2.56000E+01   8.00000E-01   0.00000E+00   0.00000E+00   0.00000E+00   3.58857E-05   4.91176E-04   2.22066E+00   1.34779E-01   8.41518E-02   0.00000E+00   9.01910E-02   1.34942E-01   0.00000E+00   4.01783E-09   3.08531E-09   2.06861E-01   1.02406E-01   2.02494E+01   1.61520E+01   8.97500E-07
 1.28000E+02   2.56000E+01   9.00000E-01   0.00000E+00   0.00000E+00   0.00000E+00   3.48539E-05   4.91487E-04   1.95225E+00   1.11848E-01   4.52381E-02   0.00000E+00   4.46120E-02   9.67178E-02   7.13021E-06   3.07244E-09   3.39107E-09   1.76273E-01   7.95636E-02   2.10238E+01   1.81910E+01   9.14708E+01
 1.28000E+02   2.56000E+01   1.00000E+00   0.00000E+00   0.00000E+00   0.00000E+00   3.30959E-05   5.08907E-04   1.91117E+00   4.65962E-02   2.09567E-02   1.26082E-06   1.28917E-02   4.62390E-02   5.52191E-06   1.95936E-09   2.41845E-09   1.25693E-01   4.79739E-02   9.25601E+00   8.61524E+00   1.04604E+02
 1.28000E+02   2.56000E+01   1.10000E+00   0.00000E+00   0.00000E+00   0.00000E+00   3.22110E-05   5.26012E-04   1.87770E+00   2.48443E-03   3.29247E-03   1.20046E-06   1.02114E-02   1.91606E-03   4.68487E-06   1.15566E-09   1.77452E-09   7.03578E-02   2.37468E-02   5.58136E-01   1.92996E+00   4.22310E-07
 1.28000E+02   2.56000E+01   1.20000E+00   0.00000E+00   0.00000E+00   0.00000E+00   3.42922E-05   5.21861E-04   1.70774E+00   2.42318E-03   3.04004E-03   8.82292E-07   2.18072E-03   1.70704E-03   3.68893E-06   1.65746E-08   1.33996E-08   2.73103E-02   9.24143E-03   5.13454E-01   5.40786E-01   4.21719E-06
 1.28000E+02   2.56000E+01   1.30000E+00   0.00000E+00   0.00000E+00   0.00000E+00   3.98515E-05   4.94874E-04   1.70802E+00   2.36510E-03   2.85612E-03   6.67130E-07   2.09078E-03   1.47017E-03   2.57324E-06   5.92735E-08   4.95273E-08   4.75247E-03   2.18250E-03   4.84811E-01   4.93834E-01   1.53092E-05
 1.28000E+02   2.56000E+01   1.40000E+00   0.00000E+00   0.00000E+00   0.00000E+00   4.81469E-05   4.55678E-04   1.76565E+00   2.31769E-03   2.72500E-03   4.72447E-07   2.04967E-03   1.28189E-03   1.74814E-06   1.27465E-07   1.11423E-07   2.71903E-03   1.70081E-03   4.72304E-01   4.62860E-01   3.35702E-05
 1.28000E+02   2.56000E+01   1.50000E+00   0.00000E+00   0.00000E+00   0.00000E+00   5.83680E-05   4.08653E-04   1.81164E+00   2.29244E-03   2.64389E-03   3.17810E-07   2.04589E-03   1.16695E-03   1.11426E-06   2.12203E-07   1.89815E-07   2.71408E-03   1.67196E-03   4.72193E-01   4.46456E-01   5.65422E-05
 1.28000E+02   2.56000E+01   1.60000E+00   0.00000E+00   0.00000E+00   0.00000E+00   6.99547E-05   3.56023E-04   1.97853E+00   2.29799E-03   2.61328E-03   1.94882E-07   2.05496E-03   1.11510E-03   6.47530E-07   3.03310E-07   2.71452E-07   2.72449E-03   1.66664E-03   3.78660E+01   4.36624E-01   8.11190E-05
 1.28000E+02   2.56000E+01   1.70000E+00   0.00000E+00   0.00000E+00   0.00000E+00   8.25273E-05   3.05241E-04   1.95100E+00   2.32981E-03   2.61507E-03   1.04118E-07   1.43079E-02   1.41752E-02   3.33368E-07   3.92902E-07   3.46671E-07   2.75958E-03   6.87618E-03   4.94159E-01   4.27370E-01   1.04943E-04
 1.28000E+02   2.56000E+01   1.80000E+00   0.00000E+00   0.00000E+00   0.00000E+00   9.57250E-05   2.61217E-04   1.85391E+00   2.37533E-03   2.62191E-03   4.20273E-08   1.43077E-02   1.41780E-02   1.37964E-07   4.75765E-07   4.10707E-07   2.82984E-03   6.88193E-03   5.04933E-01   4.16988E-01   1.26595E-04
 1.28000E+02   2.56000E+01   1.90000E+00   0.00000E+00   0.00000E+00   0.00000E+00   1.09261E-04   2.25930E-04   1.79614E+00   2.42272E-03   2.61682E-03   7.62291E-09   1.43059E-02   1.41839E-02   2.95974E-08   5.49123E-07   4.62541E-07   2.94402E-03   6.88981E-03   5.10696E-01   4.04869E-01   1.45449E-04
 1.28000E+02   2.56000E+01   2.00000E+00   0.00000E+00   0.00000E+00   0.00000E+00   1.22982E-04   2.00483E-04   1.69926E+00   2.46121E-03   2.59318E-03   2.72816E-08   1.43022E-02   1.41917E-02   6.64759E-08   6.11938E-07   5.03155E-07   3.10725E-03   6.89924E-03   5.10055E-01   3.91357E-01   1.61379E-04
 1.28000E+02   2.56000E+01   2.10000E+00   0.00000E+00   0.00000E+00   0.00000E+00   1.36808E-04   1.83999E-04   1.65818E+00   2.48336E-03   2.55313E-03   4.46651E-08   1.42969E-02   1.42005E-02   1.16199E-07   6.64568E-07   5.34269E-07   3.32116E-03   6.91032E-03   5.03397E-01   3.77368E-01   1.74564E-04
 1.28000E+02   2.56000E+01   2.20000E+00   0.00000E+00   0.00000E+00   0.00000E+00   1.50700E-04   1.73654E-04   1.64855E+00   2.48825E-03   2.50188E-03   5.81073E-08   1.42896E-02   1.42085E-02   1.55804E-07   7.08694E-07   5.58512E-07   3.58536E-03   6.92323E-03   4.92025E-01   3.63357E-01   1.85517E-04
 1.28000E+02   2.56000E+01   2.30000E+00   0.00000E+00   0.00000E+00   0.00000E+00   1.64717E-04   1.66482E-04   1.64662E+00   2.47809E-03   2.44397E-03   7.00835E-08   1.42801E-02   1.42146E-02   1.91123E-07   7.47059E-07   5.78852E-07   3.89752E-03   6.93848E-03   4.77273E-01   3.49771E-01   1.94987E-04
 1.28000E+02   2.56000E+01   2.40000E+00   0.00000E+00   0.00000E+00   0.00000E+00   1.79023E-04   1.60548E-04   1.60986E+00   2.45673E-03   2.38225E-03   8.19096E-08   5.40467E-02   5.40235E-02   2.25135E-07   7.81962E-07   5.97279E-07   4.25376E-03   2.55373E-02   4.60358E-01   3.37061E-01   2.03576E-04
 1.28000E+02   2.56000E+01   2.50000E+00   0.00000E+00   0.00000E+00   0.00000E+00   1.93865E-04   1.54690E-04   1.55457E+00   2.42904E-03   2.31757E-03   9.41052E-08   5.40468E-02   5.40288E-02   2.58742E-07   8.14732E-07   6.14523E-07   4.64977E-03   2.55453E-02   4.41982E-01   3.25318E-01   2.11603E-04
 1.28000E+02   2.56000E+01   2.60000E+00   0.00000E+00   0.00000E+00   0.00000E+00   2.09531E-04   1.48187E-04   1.47851E+00   2.39976E-03   2.25024E-03   1.06572E-07   5.40479E-02   5.40353E-02   2.91492E-07   8.46005E-07   6.30715E-07   5.08121E-03   2.55552E-02   4.22555E-01   3.14020E-01   2.19208E-04
 1.28000E+02   2.56000E+01   2.70000E+00   0.00000E+00   0.00000E+00   0.00000E+00   2.26250E-04   1.41036E-04   1.38840E+00   2.37300E-03   2.17985E-03   1.18427E-07   5.40505E-02   5.40431E-02   3.20726E-07   8.75949E-07   6.45750E-07   5.54433E-03   2.55674E-02   4.02134E-01   3.02764E-01   2.26421E-04
 1.28000E+02   2.56000E+01   2.80000E+00   0.00000E+00   0.00000E+00   0.00000E+00   2.44110E-04   1.33268E-04   1.29418E+00   2.35065E-03   2.10754E-03   1.28990E-07   5.40539E-02   5.40514E-02   3.45011E-07   9.04390E-07   6.59500E-07   6.03675E-03   2.55817E-02   3.80799E-01   2.91304E-01   2.33206E-04
 1.28000E+02   2.56000E+01   2.90000E+00   0.00000E+00   0.00000E+00   0.00000E+00   2.63058E-04   1.24801E-04   1.20357E+00   2.33318E-03   2.03534E-03   1.38094E-07   5.40578E-02   5.40600E-02   3.64601E-07   9.31175E-07   6.71699E-07   6.55756E-03   2.55980E-02   3.58966E-01   2.79631E-01   2.39509E-04
 1.28000E+02   2.56000E+01   3.00000E+00   0.00000E+00   0.00000E+00   0.00000E+00   2.82952E-04   1.15972E-04   1.12617E+00   2.31972E-03   1.96590E-03   1.45952E-07   5.40618E-02   5.40684E-02   3.80365E-07   9.56040E-07   6.82226E-07   7.10645E-03   2.56164E-02   3.37249E-01   2.68049E-01   2.45272E-04
 1.28000E+02   2.56000E+01   3.10000E+00   0.00000E+00   0.00000E+00   0.00000E+00   3.03663E-04   1.07267E-04   1.06274E+00   2.30896E-03   1.90137E-03   1.52906E-07   6.99926E-02   6.99873E-02   3.93235E-07   9.75671E-07   6.90468E-07   7.68274E-03   3.31078E-02   3.16216E-01   2.56868E-01   2.49909E-04
 1.28000E+02   2.56000E+01   3.20000E+00   0.00000E+00   0.00000E+00   0.00000E+00   3.25133E-04   9.91491E-05   1.00290E+00   2.29980E-03   1.84256E-03   1.59274E-07   6.99958E-02   6.99951E-02   4.03933E-07   9.39334E-07   6.90828E-07   8.28504E-03   3.31261E-02   2.96205E-01   2.46240E-01   2.44743E-04
 1.28000E+02   2.56000E+01   3.30000E+00   0.00000E+00   0.00000E+00   0.00000E+00   3.47352E-04   9.19488E-05   9.45326E-01   2.29127E-03   1.78978E-03   1.65312E-07   6.99988E-02   7.00028E-02   4.13096E-07   7.43906E-07   7.06049E-07   8.91129E-03   3.31463E-02   6.11924E+00   2.36284E-01   2.17353E-04
 1.28000E+02   2.56000E+01   3.40000E+00   0.00000E+00   0.00000E+00   0.00000E+00   3.70337E-04   8.58035E-05   8.88386E-01   2.28288E-03   1.74295E-03   1.71188E-07   7.00017E-02   7.00105E-02   4.21208E-07   5.06374E-07   9.34448E-07   9.55993E-03   3.31685E-02   2.14734E+00   2.27037E-01   2.25543E-04
 1.28000E+02   2.56000E+01   3.50000E+00   0.00000E+00   0.00000E+00   0.00000E+00   3.94108E-04   8.07767E-05   8.30196E-01   2.27455E-03   1.70158E-03   1.76994E-07   7.00043E-02   7.00179E-02   4.28602E-07   1.18853E-06   1.66556E-06   1.02304E-02   3.31928E-02   2.43007E-01   2.18518E-01   4.30735E-04
 1.28000E+02   2.56000E+01   3.60000E+00   0.00000E+00   0.00000E+00   0.00000E+00   4.18662E-04   7.68362E-05   7.72012E-01   2.26634E-03   1.66505E-03   1.94859E-07   7.00062E-02   7.00248E-02   4.52953E-07   2.70760E-06   2.94776E-06   1.09058E-02   3.32185E-02   2.27387E-01   2.10701E-01   8.43653E-04
 1.28000E+02   2.56000E+01   3.70000E+00   0.00000E+00   0.00000E+00   0.00000E+00   4.43968E-04   7.37922E-05   7.18292E-01   2.25870E-03   1.63265E-03   3.12655E-07   7.00074E-02   7.00310E-02   7.10852E-07   4.86827E-06   4.73892E-06   1.15572E-02   3.32444E-02   2.12892E-01   2.03503E-01   1.43390E-03
 1.28000E+02   2.56000E+01   3.80000E+00   0.00000E+00   0.00000E+00   0.00000E+00   4.69993E-04   7.13935E-05   6.72844E-01   2.25232E-03   1.60358E-03   6.47032E-07   9.57573E-02   9.57429E-02   1.63471E-06   7.65586E-06   7.00014E-06   1.22344E-02   4.53303E-02   1.99800E-01   1.96910E-01   2.18856E-03
 1.28000E+02   2.56000E+01   3.90000E+00   0.00000E+00   0.00000E+00   0.00000E+00   4.96734E-04   6.93233E-05   6.32266E-01   2.24774E-03   1.57699E-03   1.24087E-06   9.57542E-02   9.57454E-02   3.33490E-06   1.09960E-05   9.70823E-06   1.29359E-02   4.53516E-02   1.88488E-01   1.90951E-01   3.09230E-03
 1.28000E+02   2.56000E+01   4.00000E+00   0.00000E+00   0.00000E+00   0.00000E+00   5.24212E-04   6.73530E-05   5.93419E-01   2.24524E-03   1.55200E-03   2.07216E-06   9.57501E-02   9.57470E-02   5.73584E-06   1.47809E-05   1.28415E-05   1.36458E-02   4.53740E-02   1.79262E-01   1.85757E-01   4.12934E-03
 1.28000E+02   2.56000E+01   4.10000E+00   0.00000E+00   0.00000E+00   0.00000E+00   5.52433E-04   6.53540E-05   5.54904E-01   2.24483E-03   1.52789E-03   3.09179E-06   9.57449E-02   9.57477E-02   8.70252E-06   1.89091E-05   1.63538E-05   1.43044E-02   4.53954E-02   1.72269E-01   1.81385E-01   5.27304E-03
 1.28000E+02   2.56000E+01   4.20000E+00   0.00000E+00   0.00000E+00   0.00000E+00   5.81369E-04   6.32563E-05   5.18195E-01   2.24636E-03   1.50414E-03   4.23836E-06   9.57386E-02   9.57476E-02   1.20627E-05   2.32628E-05   2.01306E-05   1.49891E-02   4.54184E-02   1.67530E-01   1.77853E-01   6.49169E-03
 1.28000E+02   2.56000E+01   4.30000E+00   0.00000E+00   0.00000E+00   0.00000E+00   6.10971E-04   6.10183E-05   4.84619E-01   2.24967E-03   1.48060E-03   5.44524E-06   9.57312E-02   9.57466E-02   1.56227E-05   2.77031E-05   2.40163E-05   1.56978E-02   4.54430E-02   1.65014E-01   1.75158E-01   7.74042E-03
 1.28000E+02   2.56000E+01   4.40000E+00   0.00000E+00   0.00000E+00   0.00000E+00   6.41179E-04   5.86496E-05   4.54724E-01   2.25458E-03   1.45732E-03   6.65185E-06   9.57228E-02   9.57449E-02   1.91956E-05   3.20921E-05   2.78434E-05   1.64279E-02   4.54692E-02   1.66042E-01   1.73385E-01   4.05547E+01
 1.28000E+02   2.56000E+01   4.50000E+00   0.00000E+00   0.00000E+00   0.00000E+00   6.71934E-04   5.61918E-05   4.27237E-01   2.26088E-03   1.43459E-03   7.81000E-06   9.57134E-02   9.57427E-02   2.26265E-05   3.62693E-05   3.14381E-05   1.71769E-02   4.54972E-02   1.66224E-01   1.72359E-01   1.01380E-02
 1.28000E+02   2.56000E+01   4.60000E+00   0.00000E+00   0.00000E+00   0.00000E+00   7.03178E-04   5.36879E-05   4.02759E-01   2.26839E-03   1.41290E-03   8.87770E-06   9.57034E-02   9.57400E-02   2.57849E-05   4.00329E-05   3.46349E-05   1.79425E-02   4.55270E-02   2.13833E+00   1.72336E-01   1.11839E-02
 1.28000E+02   2.56000E+01   4.70000E+00   0.00000E+00   0.00000E+00   0.00000E+00   7.34846E-04   5.11887E-05   3.82856E-01   2.36626E-02   1.39283E-03   9.81667E-06   9.56928E-02   9.57372E-02   2.85525E-05   4.31795E-05   3.72958E-05   1.87223E-02   4.62302E-02   4.22469E+00   1.73306E-01   3.35473E+01
 1.28000E+02   2.56000E+01   4.80000E+00   0.00000E+00   0.00000E+00   0.00000E+00   7.66867E-04   4.87396E-05   3.69453E-01   3.33416E-02   3.34281E-02   1.05929E-05   9.56819E-02   9.57341E-02   3.08284E-05   4.55588E-05   3.93168E-05   1.95141E-02   4.82240E-02   2.13846E+00   1.75141E-01   3.15847E+01
 1.28000E+02   2.56000E+01   4.90000E+00   0.00000E+00   0.00000E+00   0.00000E+00   7.99167E-04   4.63777E-05   3.62921E-01   3.33316E-02   3.34112E-02   1.11887E-05   9.56706E-02   9.57309E-02   3.25419E-05   4.70723E-05   4.06363E-05   2.03155E-02   4.82555E-02   1.73830E-01   1.77816E-01   1.31702E-02
 1.28000E+02   2.56000E+01   5.00000E+00   0.00000E+00   0.00000E+00   0.00000E+00   8.31678E-04   4.41373E-05   3.62749E-01   3.33219E-02   3.33949E-02   1.15931E-05   9.56592E-02   9.57277E-02   3.36525E-05   4.76675E-05   4.12251E-05   2.11242E-02   4.82888E-02   1.80750E-01   1.81336E-01   1.09301E+01
 2.56000E+02   5.12000E+01   5.00000E-01   0.00000E+00   0.00000E+00   0.00000E+00   8.90749E-06   1.01946E-04   2.81662E+00   1.64942E-01   1.32629E-01   0.00000E+00   1.24352E-01   1.38699E-01   0.00000E+00   8.35282E-07   1.15312E-06   2.39108E-01   1.23229E-01   8.93190E-01   8.57347E-01   5.23962E-04
 2.56000E+02   5.12000E+01   6.00000E-01   0.00000E+00   0.00000E+00   0.00000E+00   8.90910E-06   1.01749E-04   2.74303E+00   1.64942E-01   1.24468E-01   0.00000E+00   1.20502E-01   1.38699E-01   0.00000E+00   7.65293E-08   5.90067E-08   2.39108E-01   1.21851E-01   1.68937E+01   1.12369E+01   3.50094E-05
 2.56000E+02   5.12000E+01   7.00000E-01   0.00000E+00   0.00000E+00   0.00000E+00   8.91700E-06   1.00695E-04   2.40924E+00   1.62955E-01   1.01737E-01   0.00000E+00   1.05624E-01   1.31689E-01   0.00000E+00   5.41207E-09   2.41495E-09   2.39108E-01   1.16703E-01   3.25532E+01   2.87049E+01   2.21409E-06
 2.56000E+02   5.12000E+01   8.00000E-01   0.00000E+00   0.00000E+00   0.00000E+00   8.77152E-06   9.92183E-05   2.05813E+00   1.17233E-01   5.42830E-02   0.00000E+00   7.36199E-02   9.86689E-02   0.00000E+00   2.25948E-09   1.02783E-09   1.90872E-01   8.71001E-02   3.92038E+01   3.09142E+01   1.06043E-06
 2.56000E+02   5.12000E+01   9.00000E-01   0.00000E+00   0.00000E+00   0.00000E+00   8.29380E-06   9.81280E-05   1.89409E+00   9.73396E-02   3.17603E-02   3.03263E-07   3.73252E-02   7.42371E-02   7.47278E-06   1.93074E-09   1.15182E-09   1.40677E-01   6.42720E-02   3.75130E+01   2.88047E+01   8.46553E-07
 2.56000E+02   5.12000E+01   1.00000E+00   0.00000E+00   0.00000E+00   0.00000E+00   7.58483E-06   9.85746E-05   1.82007E+00   5.49404E-02   1.12480E-02   2.02766E-06   1.51632E-02   4.30098E-02   7.37173E-06   1.46883E-09   1.18194E-09   1.00643E-01   4.13035E-02   2.05480E+01   1.65621E+01   6.79721E-07
 2.56000E+02   5.12000E+01   1.10000E+00   0.00000E+00   0.00000E+00   0.00000E+00   7.04193E-06   1.00259E-04   1.68025E+00   2.16056E-03   1.87066E-03   1.73335E-06   8.59593E-03   1.18133E-03   5.90787E-06   9.00763E-10   1.61389E-09   6.73562E-02   2.26576E-02   6.62291E-01   3.20721E+00   7.30635E-07
 2.56000E+02   5.12000E+01   1.20000E+00   0.00000E+00   0.00000E+00   0.00000E+00   7.23416E-06   1.01197E-04   1.62403E+00   2.10249E-03   1.78501E-03   1.48461E-06   1.37559E-03   1.12332E-03   5.07753E-06   7.72630E-09   1.97455E-08   3.31219E-02   1.10947E-02   5.86171E-01   5.21055E-01   8.37685E-06
 2.56000E+02   5.12000E+01   1.30000E+00   0.00000E+00   0.00000E+00   0.00000E+00   8.38887E-06   9.99389E-05   1.60936E+00   2.04762E-03   1.72462E-03   1.16927E-06   1.33857E-03   1.06131E-03   3.82677E-06   3.20958E-08   7.30649E-08   1.09255E-02   3.79257E-03   5.26903E-01   4.73639E-01   3.20172E-05
 2.56000E+02   5.12000E+01   1.40000E+00   0.00000E+00   0.00000E+00   0.00000E+00   1.02917E-05   9.60127E-05   1.68534E+00   2.00892E-03   1.68873E-03   8.26336E-07   1.32536E-03   1.00869E-03   2.71327E-06   7.63621E-08   1.63825E-07   2.46386E-03   1.32213E-03   4.92789E-01   4.40406E-01   7.30770E-05
 2.56000E+02   5.12000E+01   1.50000E+00   0.00000E+00   0.00000E+00   0.00000E+00   1.26587E-05   9.02647E-05   1.71857E+00   1.98854E-03   1.67349E-03   5.47754E-07   1.32371E-03   9.69261E-04   1.80153E-06   1.38949E-07   2.82744E-07   2.32948E-03   1.28552E-03   4.80242E-01   4.18643E-01   1.28157E-04
 2.56000E+02   5.12000E+01   1.60000E+00   0.00000E+00   0.00000E+00   0.00000E+00   1.53144E-05   8.24303E-05   1.83677E+00   1.98101E-03   1.67017E-03   3.32128E-07   1.32606E-03   9.39699E-04   1.09445E-06   2.15462E-07   4.16802E-07   2.33489E-03   1.28266E-03   4.77239E-01   4.03350E-01   1.92132E-04
 2.56000E+02   5.12000E+01   1.70000E+00   0.00000E+00   0.00000E+00   0.00000E+00   1.81679E-05   7.31194E-05   1.88546E+00   1.98003E-03   1.66943E-03   1.77081E-07   1.32665E-03   9.18018E-04   5.85943E-07   2.99339E-07   5.54081E-07   2.34389E-03   1.28254E-03   4.74296E-01   3.91220E-01   2.59597E-04
 2.56000E+02   5.12000E+01   1.80000E+00   0.00000E+00   0.00000E+00   0.00000E+00   2.11474E-05   6.36102E-05   1.75739E+00   1.98120E-03   1.66544E-03   7.33193E-08   1.32231E-03   9.05569E-04   2.45181E-07   3.84362E-07   6.85829E-07   2.35835E-03   1.28362E-03   4.67919E-01   3.79923E-01   3.25983E-04
 2.56000E+02   5.12000E+01   1.90000E+00   0.00000E+00   0.00000E+00   0.00000E+00   2.42043E-05   5.46313E-05   1.71209E+00   1.98218E-03   1.65545E-03   7.81109E-09   1.31168E-03   9.02221E-04   2.93406E-08   4.65713E-07   8.06559E-07   2.38064E-03   1.28545E-03   4.57267E-01   3.67277E-01   3.88092E-04
 2.56000E+02   5.12000E+01   2.00000E+00   0.00000E+00   0.00000E+00   0.00000E+00   2.73257E-05   4.68984E-05   1.67268E+00   1.98214E-03   1.63964E-03   3.85632E-08   1.29465E-03   9.05972E-04   1.25073E-07   5.40241E-07   9.13516E-07   2.41341E-03   1.28836E-03   4.42561E-01   3.52451E-01   4.44079E-04
 2.56000E+02   5.12000E+01   2.10000E+00   0.00000E+00   0.00000E+00   0.00000E+00   3.05136E-05   4.09627E-05   1.63966E+00   1.98095E-03   1.62009E-03   6.89526E-08   1.27315E-03   9.14379E-04   2.26858E-07   6.06297E-07   1.00609E-06   2.45911E-03   1.29328E-03   4.25012E-01   3.36557E-01   4.93201E-04
 2.56000E+02   5.12000E+01   2.20000E+00   0.00000E+00   0.00000E+00   0.00000E+00   3.37694E-05   3.67817E-05   1.60549E+00   1.97872E-03   1.59897E-03   9.25103E-08   1.25008E-03   9.24610E-04   3.06630E-07   6.63860E-07   1.08578E-06   2.51999E-03   1.30128E-03   4.05945E-01   3.21166E-01   5.35848E-04
 2.56000E+02   5.12000E+01   2.30000E+00   0.00000E+00   0.00000E+00   0.00000E+00   3.71021E-05   3.39413E-05   1.55569E+00   1.97555E-03   1.57795E-03   1.13160E-07   1.22785E-03   9.34283E-04   3.76924E-07   7.14440E-07   1.15613E-06   2.59777E-03   1.31325E-03   3.86555E-01   3.06939E-01   5.73517E-04
 2.56000E+02   5.12000E+01   2.40000E+00   0.00000E+00   0.00000E+00   0.00000E+00   4.05389E-05   3.20658E-05   1.48369E+00   1.97189E-03   1.55803E-03   1.33058E-07   1.20812E-03   9.42476E-04   4.44756E-07   7.60225E-07   1.22054E-06   2.69334E-03   1.32990E-03   3.67922E-01   2.94018E-01   6.07888E-04
 2.56000E+02   5.12000E+01   2.50000E+00   0.00000E+00   0.00000E+00   0.00000E+00   4.41187E-05   3.07289E-05   1.40570E+00   1.96817E-03   1.53931E-03   1.53170E-07   1.19142E-03   9.49536E-04   5.13385E-07   8.02931E-07   1.28119E-06   2.80684E-03   1.35165E-03   3.50214E-01   2.82419E-01   6.40157E-04
 2.56000E+02   5.12000E+01   2.60000E+00   0.00000E+00   0.00000E+00   0.00000E+00   4.78929E-05   2.95768E-05   1.32730E+00   1.96470E-03   1.52132E-03   1.73550E-07   1.17724E-03   9.55984E-04   5.83086E-07   8.43564E-07   1.33949E-06   2.93783E-03   1.37861E-03   3.32729E-01   2.71987E-01   6.71075E-04
 2.56000E+02   5.12000E+01   2.70000E+00   0.00000E+00   0.00000E+00   0.00000E+00   5.19062E-05   2.84798E-05   1.24105E+00   1.96174E-03   1.50396E-03   1.92971E-07   1.16466E-03   9.61776E-04   6.49849E-07   8.82462E-07   1.39561E-06   3.08567E-03   1.41080E-03   3.15018E-01   2.62218E-01   7.00823E-04
 2.56000E+02   5.12000E+01   2.80000E+00   0.00000E+00   0.00000E+00   0.00000E+00   5.61781E-05   2.74670E-05   1.15151E+00   1.95944E-03   1.48712E-03   2.10405E-07   1.15303E-03   9.66699E-04   7.10381E-07   9.19609E-07   1.44961E-06   3.24975E-03   1.44821E-03   2.97030E-01   2.52626E-01   7.29407E-04
 2.56000E+02   5.12000E+01   2.90000E+00   0.00000E+00   0.00000E+00   0.00000E+00   6.06963E-05   2.65762E-05   1.06263E+00   1.95755E-03   1.47109E-03   2.25616E-07   1.14260E-03   9.70512E-04   7.63942E-07   9.54816E-07   1.50120E-06   3.42961E-03   1.49093E-03   2.79040E-01   2.43151E-01   7.56686E-04
 2.56000E+02   5.12000E+01   3.00000E+00   0.00000E+00   0.00000E+00   0.00000E+00   6.54281E-05   2.58242E-05   9.85761E-01   1.95577E-03   1.45648E-03   2.38831E-07   1.13388E-03   9.73213E-04   8.11247E-07   9.87854E-07   1.54999E-06   3.62486E-03   1.53908E-03   2.61644E-01   2.34186E-01   7.82465E-04
 2.56000E+02   5.12000E+01   3.10000E+00   0.00000E+00   0.00000E+00   0.00000E+00   7.03425E-05   2.51521E-05   9.25674E-01   1.95403E-03   1.44367E-03   2.50455E-07   1.12700E-03   9.74899E-04   8.53554E-07   1.01846E-06   1.59515E-06   3.83505E-03   1.59271E-03   2.45321E-01   2.26109E-01   8.06420E-04
 2.56000E+02   5.12000E+01   3.20000E+00   0.00000E+00   0.00000E+00   0.00000E+00   7.54247E-05   2.45204E-05   8.75428E-01   1.95248E-03   1.43267E-03   2.60907E-07   1.12153E-03   9.75772E-04   8.92202E-07   1.04454E-06   1.62564E-06   4.05958E-03   1.65176E-03   2.30383E-01   2.19014E-01   8.24576E-04
 2.56000E+02   5.12000E+01   3.30000E+00   0.00000E+00   0.00000E+00   0.00000E+00   8.06720E-05   2.39012E-05   8.31017E-01   1.95128E-03   1.42327E-03   2.70543E-07   1.11684E-03   9.76154E-04   9.28356E-07   1.06767E-06   1.61685E-06   4.29769E-03   1.71605E-03   2.17021E-01   2.12809E-01   8.29466E-04
 2.56000E+02   5.12000E+01   3.40000E+00   0.00000E+00   0.00000E+00   0.00000E+00   8.60861E-05   2.32886E-05   7.87876E-01   1.95048E-03   1.41515E-03   2.79635E-07   1.11240E-03   9.76374E-04   9.62910E-07   1.12294E-06   1.55508E-06   4.54863E-03   1.78537E-03   2.05235E-01   2.07371E-01   8.26285E-04
 2.56000E+02   5.12000E+01   3.50000E+00   0.00000E+00   0.00000E+00   0.00000E+00   9.16672E-05   2.26879E-05   7.43897E-01   1.94998E-03   1.40796E-03   2.88368E-07   1.10785E-03   9.76660E-04   9.96486E-07   1.31160E-06   1.48082E-06   4.81172E-03   1.85947E-03   1.94844E-01   2.02593E-01   8.60708E-04
 2.56000E+02   5.12000E+01   3.60000E+00   0.00000E+00   0.00000E+00   0.00000E+00   9.74123E-05   2.21265E-05   6.99583E-01   1.94964E-03   1.40141E-03   2.97399E-07   1.10292E-03   9.76921E-04   1.03819E-06   1.75336E-06   1.54584E-06   5.08636E-03   1.93812E-03   1.85622E-01   1.98321E-01   1.02622E-03
 2.56000E+02   5.12000E+01   3.70000E+00   0.00000E+00   0.00000E+00   0.00000E+00   1.03314E-04   2.16076E-05   6.58513E-01   1.94938E-03   1.39523E-03   3.16490E-07   1.09740E-03   9.76817E-04   1.15408E-06   2.49153E-06   1.95848E-06   5.37206E-03   2.02112E-03   1.77366E-01   1.94342E-01   1.39378E-03
 2.56000E+02   5.12000E+01   3.80000E+00   0.00000E+00   0.00000E+00   0.00000E+00   1.09367E-04   2.11066E-05   6.22930E-01   1.94919E-03   1.38914E-03   3.96810E-07   1.09101E-03   9.76078E-04   1.48148E-06   3.50180E-06   2.76864E-06   5.66840E-03   2.10826E-03   1.69933E-01   1.90489E-01   1.95864E-03
 2.56000E+02   5.12000E+01   3.90000E+00   0.00000E+00   0.00000E+00   0.00000E+00   1.15571E-04   2.05845E-05   5.91291E-01   1.94918E-03   1.38297E-03   6.08550E-07   1.08336E-03   9.74643E-04   2.15673E-06   4.74289E-06   3.89730E-06   5.97504E-03   2.19941E-03   1.63291E-01   1.86712E-01   2.68590E-03
 2.56000E+02   5.12000E+01   4.00000E+00   0.00000E+00   0.00000E+00   0.00000E+00   1.21932E-04   2.00321E-05   5.60989E-01   1.94940E-03   1.37668E-03   9.54543E-07   1.07418E-03   9.72542E-04   3.18958E-06   6.17073E-06   5.27500E-06   6.29159E-03   2.29442E-03   1.57483E-01   1.83036E-01   3.54413E-03
 2.56000E+02   5.12000E+01   4.10000E+00   0.00000E+00   0.00000E+00   0.00000E+00   1.28455E-04   1.94501E-05   5.30850E-01   1.94989E-03   1.37021E-03   1.40073E-06   1.06332E-03   9.69864E-04   4.50658E-06   7.74268E-06   6.85686E-06   6.61758E-03   2.39312E-03   1.52509E-01   1.79476E-01   4.50821E-03
 2.56000E+02   5.12000E+01   4.20000E+00   0.00000E+00   0.00000E+00   0.00000E+00   1.35134E-04   1.88390E-05   5.02070E-01   1.95065E-03   1.36356E-03   1.91138E-06   1.05070E-03   9.66745E-04   6.01498E-06   9.41822E-06   8.59156E-06   6.95246E-03   2.49532E-03   1.48357E-01   1.76030E-01   5.55117E-03
 2.56000E+02   5.12000E+01   4.30000E+00   0.00000E+00   0.00000E+00   0.00000E+00   1.41960E-04   1.81976E-05   4.76213E-01   1.95166E-03   1.35672E-03   2.45231E-06   1.03634E-03   9.63289E-04   7.61938E-06   1.11499E-05   1.04062E-05   7.29563E-03   2.60081E-03   1.45034E-01   1.72710E-01   6.63609E-03
 2.56000E+02   5.12000E+01   4.40000E+00   0.00000E+00   0.00000E+00   0.00000E+00   1.48923E-04   1.75268E-05   4.53587E-01   1.95287E-03   1.34971E-03   2.99411E-06   1.02031E-03   9.59587E-04   9.23137E-06   1.28756E-05   1.22206E-05   7.64640E-03   2.70935E-03   1.42563E-01   1.69549E-01   7.71849E-03
 2.56000E+02   5.12000E+01   4.50000E+00   0.00000E+00   0.00000E+00   0.00000E+00   1.56010E-04   1.68296E-05   4.33324E-01   1.95427E-03   1.34257E-03   3.51444E-06   1.00274E-03   9.55743E-04   1.07784E-05   1.45200E-05   1.39590E-05   7.99573E-03   2.81805E-03   1.41001E-01   1.66603E-01   8.76172E-03
 2.56000E+02   5.12000E+01   4.60000E+00   0.00000E+00   0.00000E+00   0.00000E+00   1.63210E-04   1.61179E-05   4.15640E-01   1.95587E-03   1.33532E-03   3.99522E-06   9.83759E-04   9.51894E-04   1.22007E-05   1.60088E-05   1.55497E-05   8.34858E-03   2.92844E-03   1.40430E-01   1.63938E-01   9.70230E-03
 2.56000E+02   5.12000E+01   4.70000E+00   0.00000E+00   0.00000E+00   0.00000E+00   1.70508E-04   1.54044E-05   4.01859E-01   1.95766E-03   1.32798E-03   4.41968E-06   9.63549E-04   9.48181E-04   1.34446E-05   1.72819E-05   1.69274E-05   8.70728E-03   3.04122E-03   1.40911E-01   1.61628E-01   1.05122E-02
 2.56000E+02   5.12000E+01   4.80000E+00   0.00000E+00   0.00000E+00   0.00000E+00   1.77889E-04   1.46996E-05   3.93266E-01   1.95965E-03   1.32061E-03   4.77355E-06   9.42330E-04   9.44734E-04   1.44640E-05   1.82918E-05   1.80329E-05   9.07090E-03   3.15607E-03   1.42454E-01   1.59741E-01   1.11604E-02
 2.56000E+02   5.12000E+01   4.90000E+00   0.00000E+00   0.00000E+00   0.00000E+00   1.85337E-04   1.40139E-05   3.90014E-01   1.96182E-03   1.31329E-03   5.04697E-06   9.20367E-04   9.41657E-04   1.52271E-05   1.90025E-05   1.88145E-05   9.43847E-03   3.27267E-03   1.45018E-01   1.58336E-01   1.16215E-02
 2.56000E+02   5.12000E+01   5.00000E+00   0.00000E+00   0.00000E+00   0.00000E+00   1.92837E-04   1.33572E-05   3.91710E-01   1.96416E-03   1.30606E-03   5.23387E-06   8.97932E-04   9.39026E-04   1.57159E-05   1.93860E-05   1.92368E-05   9.80906E-03   3.39068E-03   1.48504E-01   1.57454E-01   1.18776E-02
 5.12000E+02   1.02400E+02   5.00000E-01   0.00000E+00   0.00000E+00   0.00000E+00   1.99868E-06   2.27650E-05   2.73181E+00   1.59026E-01   1.30339E-01   0.00000E+00   1.22355E-01   1.32233E-01   0.00000E+00   9.70227E-07   9.62546E-07   2.26124E-01   1.18259E-01   8.41474E-01   8.46495E-01   1.05127E-03
 5.12000E+02   1.02400E+02   6.00000E-01   0.00000E+00   0.00000E+00   0.00000E+00   1.99893E-06   2.27492E-05   2.66795E+00   1.59026E-01   1.18383E-01   0.00000E+00   1.20429E-01   1.32233E-01   0.00000E+00   1.74869E-07   4.73613E-08   2.26124E-01   1.16631E-01   4.00440E+01   1.57313E+01   1.31230E-04
 5.12000E+02   1.02400E+02   7.00000E-01   0.00000E+00   0.00000E+00   0.00000E+00   2.00368E-06   2.26859E-05   2.36600E+00   1.55637E-01   1.02479E-01   0.00000E+00   1.05399E-01   1.26896E-01   0.00000E+00   1.28232E-08   6.39461E-10   2.26124E-01   1.12085E-01   6.36722E+01   5.26962E+01   9.30741E-06
 5.12000E+02   1.02400E+02   8.00000E-01   0.00000E+00   0.00000E+00   0.00000E+00   1.98850E-06   2.27387E-05   1.89491E+00   1.30559E-01   6.95784E-02   0.00000E+00   7.56796E-02   1.03379E-01   0.00000E+00   1.46733E-09   1.24920E-09   1.95405E-01   9.21861E-02   7.40110E+01   5.93354E+01   1.50059E-06
 5.12000E+02   1.02400E+02   9.00000E-01   0.00000E+00   0.00000E+00   0.00000E+00   1.88472E-06   2.29365E-05   1.76949E+00   9.33931E-02   3.18047E-02   5.36338E-07   4.36146E-02   6.26208E-02   4.96186E-06   1.14491E-09   1.01653E-09   1.46961E-01   6.42521E-02   6.89382E+01   5.55708E+01   1.11737E-06
 5.12000E+02   1.02400E+02   1.00000E+00   0.00000E+00   0.00000E+00   0.00000E+00   1.68927E-06   2.33521E-05   1.77893E+00   3.21650E-02   8.65914E-03   2.64645E-06   1.61722E-02   2.22971E-02   6.91686E-06   7.40188E-10   7.38661E-10   1.01734E-01   3.68451E-02   2.43882E+01   2.00102E+01   7.51518E-07
 5.12000E+02   1.02400E+02   1.10000E+00   0.00000E+00   0.00000E+00   0.00000E+00   1.51720E-06   2.39186E-05   1.66929E+00   1.88002E-03   1.42225E-03   2.09023E-06   6.55685E-03   9.59282E-04   7.76656E-06   6.41002E-10   1.56828E-09   6.19465E-02   2.07815E-02   6.41541E-01   4.76807E+00   1.34691E-06
 5.12000E+02   1.02400E+02   1.20000E+00   0.00000E+00   0.00000E+00   0.00000E+00   1.54645E-06   2.41601E-05   1.60249E+00   1.86731E-03   1.39603E-03   1.70101E-06   1.10258E-03   9.44327E-04   5.73674E-06   7.72188E-09   1.88229E-08   3.40789E-02   1.13965E-02   5.68996E-01   4.70639E-01   1.63039E-05
 5.12000E+02   1.02400E+02   1.30000E+00   0.00000E+00   0.00000E+00   0.00000E+00   1.84525E-06   2.38065E-05   1.49876E+00   1.85424E-03   1.37626E-03   1.24623E-06   1.08654E-03   9.23942E-04   4.30498E-06   3.26553E-08   6.97970E-08   8.72652E-03   3.04628E-03   5.08853E-01   4.28349E-01   6.28442E-05
 5.12000E+02   1.02400E+02   1.40000E+00   0.00000E+00   0.00000E+00   0.00000E+00   2.32951E-06   2.28892E-05   1.52336E+00   1.84395E-03   1.36321E-03   8.83557E-07   1.07756E-03   9.03183E-04   2.99425E-06   7.96261E-08   1.58183E-07   2.18005E-03   1.15412E-03   4.66866E-01   4.00140E-01   1.46115E-04
 5.12000E+02   1.02400E+02   1.50000E+00   0.00000E+00   0.00000E+00   0.00000E+00   2.91495E-06   2.15176E-05   1.59328E+00   1.83720E-03   1.35622E-03   5.86992E-07   1.07274E-03   8.84827E-04   1.97934E-06   1.46107E-07   2.75572E-07   2.18068E-03   1.15006E-03   4.40929E-01   3.83497E-01   2.59709E-04
 5.12000E+02   1.02400E+02   1.60000E+00   0.00000E+00   0.00000E+00   0.00000E+00   3.55983E-06   1.96616E-05   1.70022E+00   1.83307E-03   1.35377E-03   3.56356E-07   1.07005E-03   8.69484E-04   1.19524E-06   2.25961E-07   4.08807E-07   2.18183E-03   1.14767E-03   4.24951E-01   3.72986E-01   3.92130E-04
 5.12000E+02   1.02400E+02   1.70000E+00   0.00000E+00   0.00000E+00   0.00000E+00   4.24536E-06   1.74512E-05   1.71799E+00   1.83054E-03   1.35408E-03   1.89996E-07   1.06821E-03   8.57514E-04   6.36533E-07   3.11913E-07   5.45239E-07   2.18396E-03   1.14652E-03   4.14564E-01   3.64432E-01   5.31209E-04
 5.12000E+02   1.02400E+02   1.80000E+00   0.00000E+00   0.00000E+00   0.00000E+00   4.95514E-06   1.51656E-05   1.61327E+00   1.82902E-03   1.35513E-03   7.82855E-08   1.06610E-03   8.49335E-04   2.66054E-07   3.97642E-07   6.76227E-07   2.18756E-03   1.14625E-03   4.06590E-01   3.55349E-01   6.67587E-04
 5.12000E+02   1.02400E+02   1.90000E+00   0.00000E+00   0.00000E+00   0.00000E+00   5.67819E-06   1.29775E-05   1.59042E+00   1.82822E-03   1.35489E-03   8.06966E-09   1.06267E-03   8.44901E-04   3.36068E-08   4.78688E-07   7.96468E-07   2.19317E-03   1.14655E-03   3.97868E-01   3.43894E-01   7.95011E-04
 5.12000E+02   1.02400E+02   2.00000E+00   0.00000E+00   0.00000E+00   0.00000E+00   6.41406E-06   1.10400E-05   1.58012E+00   1.82803E-03   1.35269E-03   4.20472E-08   1.38119E-02   1.37965E-02   1.32589E-07   5.52420E-07   9.03403E-07   2.20149E-03   6.59234E-03   3.86777E-01   3.29962E-01   9.10022E-04
 5.12000E+02   1.02400E+02   2.10000E+00   0.00000E+00   0.00000E+00   0.00000E+00   7.16438E-06   9.48807E-06   1.54319E+00   1.82820E-03   1.34898E-03   7.43836E-08   1.38119E-02   1.37972E-02   2.41605E-07   6.17598E-07   9.96229E-07   2.21323E-03   6.59286E-03   3.73527E-01   3.14796E-01   1.01114E-03
 5.12000E+02   1.02400E+02   2.20000E+00   0.00000E+00   0.00000E+00   0.00000E+00   7.92902E-06   8.35306E-06   1.52805E+00   1.82843E-03   1.34455E-03   9.93613E-08   1.38119E-02   1.37979E-02   3.27183E-07   6.74444E-07   1.07666E-06   2.22908E-03   6.59352E-03   3.58938E-01   2.99460E-01   1.09937E-03
 5.12000E+02   1.02400E+02   2.30000E+00   0.00000E+00   0.00000E+00   0.00000E+00   8.70993E-06   7.58144E-06   1.49705E+00   1.82849E-03   1.34005E-03   1.21252E-07   1.38118E-02   1.37987E-02   4.02567E-07   7.24668E-07   1.14791E-06   2.24967E-03   6.59435E-03   3.43676E-01   2.84538E-01   1.17764E-03
 5.12000E+02   1.02400E+02   2.40000E+00   0.00000E+00   0.00000E+00   0.00000E+00   9.51346E-06   7.10504E-06   1.42184E+00   1.82827E-03   1.33589E-03   1.42381E-07   1.38117E-02   1.37993E-02   4.75076E-07   7.70354E-07   1.21328E-06   2.27551E-03   6.59537E-03   3.28163E-01   2.70406E-01   1.24927E-03
 5.12000E+02   1.02400E+02   2.50000E+00   0.00000E+00   0.00000E+00   0.00000E+00   1.03487E-05   6.81898E-06   1.33698E+00   1.82788E-03   1.33212E-03   1.63787E-07   1.38117E-02   1.37999E-02   5.48150E-07   8.13129E-07   1.27497E-06   2.30695E-03   6.59661E-03   3.12572E-01   2.57298E-01   1.31666E-03
 5.12000E+02   1.02400E+02   2.60000E+00   0.00000E+00   0.00000E+00   0.00000E+00   1.12282E-05   6.60708E-06   1.25322E+00   1.82756E-03   1.32846E-03   1.85526E-07   1.38116E-02   1.38005E-02   6.22086E-07   8.53917E-07   1.33399E-06   2.34420E-03   6.59809E-03   2.96667E-01   2.45160E-01   1.38109E-03
 5.12000E+02   1.02400E+02   2.70000E+00   0.00000E+00   0.00000E+00   0.00000E+00   1.21637E-05   6.41457E-06   1.17223E+00   1.82749E-03   1.32469E-03   2.06284E-07   1.38115E-02   1.38010E-02   6.92523E-07   8.93127E-07   1.39094E-06   2.38741E-03   6.59982E-03   2.80130E-01   2.33857E-01   1.44319E-03
 5.12000E+02   1.02400E+02   2.80000E+00   0.00000E+00   0.00000E+00   0.00000E+00   1.31610E-05   6.23499E-06   1.08819E+00   1.82762E-03   1.32083E-03   2.24934E-07   1.38114E-02   1.38014E-02   7.56041E-07   9.30710E-07   1.44557E-06   2.43676E-03   6.60181E-03   2.62823E-01   2.23242E-01   1.50285E-03
 5.12000E+02   1.02400E+02   2.90000E+00   0.00000E+00   0.00000E+00   0.00000E+00   1.42178E-05   6.06873E-06   1.00245E+00   1.82785E-03   1.31708E-03   2.41196E-07   1.38113E-02   1.38017E-02   8.12014E-07   9.66562E-07   1.49774E-06   2.49252E-03   6.60411E-03   2.45015E-01   2.13173E-01   1.55988E-03
 5.12000E+02   1.02400E+02   3.00000E+00   0.00000E+00   0.00000E+00   0.00000E+00   1.53263E-05   5.90560E-06   9.25742E-01   1.82803E-03   1.31373E-03   2.55325E-07   1.38113E-02   1.38020E-02   8.61304E-07   1.00044E-06   1.54709E-06   2.55497E-03   6.60674E-03   2.27430E-01   2.03864E-01   1.61388E-03
 5.12000E+02   1.02400E+02   3.10000E+00   0.00000E+00   0.00000E+00   0.00000E+00   1.64788E-05   5.72214E-06   8.64414E-01   1.82815E-03   1.31094E-03   2.67770E-07   1.38112E-02   1.38021E-02   9.05289E-07   1.03200E-06   1.59306E-06   2.62438E-03   6.60973E-03   2.10695E-01   1.95506E-01   1.66429E-03
 5.12000E+02   1.02400E+02   3.20000E+00   0.00000E+00   0.00000E+00   0.00000E+00   1.76721E-05   5.50584E-06   8.14851E-01   1.82824E-03   1.30868E-03   2.78992E-07   1.38112E-02   1.38022E-02   9.45396E-07   1.05857E-06   1.62995E-06   2.70088E-03   6.61312E-03   1.95102E-01   1.88086E-01   1.70599E-03
 5.12000E+02   1.02400E+02   3.30000E+00   0.00000E+00   0.00000E+00   0.00000E+00   1.89066E-05   5.25661E-06   7.71075E-01   1.82835E-03   1.30678E-03   2.89382E-07   1.38111E-02   1.38023E-02   9.82873E-07   1.07492E-06   1.64466E-06   2.78446E-03   6.61692E-03   1.80700E-01   1.81507E-01   1.72733E-03
 5.12000E+02   1.02400E+02   3.40000E+00   0.00000E+00   0.00000E+00   0.00000E+00   2.01830E-05   4.98330E-06   7.26917E-01   1.82852E-03   1.30509E-03   2.99229E-07   1.38110E-02   1.38023E-02   1.01868E-06   1.08235E-06   1.62449E-06   2.87500E-03   6.62117E-03   1.67464E-01   1.75626E-01   1.71966E-03
 5.12000E+02   1.02400E+02   3.50000E+00   0.00000E+00   0.00000E+00   0.00000E+00   2.15006E-05   4.69902E-06   6.80309E-01   1.82869E-03   1.30349E-03   3.08728E-07   1.38108E-02   1.38022E-02   1.05347E-06   1.10202E-06   1.56890E-06   2.97240E-03   6.62587E-03   1.55386E-01   1.70285E-01   1.69275E-03
 5.12000E+02   1.02400E+02   3.60000E+00   0.00000E+00   0.00000E+00   0.00000E+00   2.28578E-05   4.42054E-06   6.33786E-01   1.82884E-03   1.30195E-03   3.19126E-07   1.38106E-02   1.38021E-02   1.09307E-06   1.18349E-06   1.50295E-06   3.07655E-03   6.63104E-03   1.44466E-01   1.65317E-01   1.69148E-03
 5.12000E+02   1.02400E+02   3.70000E+00   0.00000E+00   0.00000E+00   0.00000E+00   2.42520E-05   4.15508E-06   5.90756E-01   1.82897E-03   1.30042E-03   3.38715E-07   1.38102E-02   1.38018E-02   1.17316E-06   1.39064E-06   1.48876E-06   3.18735E-03   6.63666E-03   1.34692E-01   1.60575E-01   1.80010E-03
 5.12000E+02   1.02400E+02   3.80000E+00   0.00000E+00   0.00000E+00   0.00000E+00   2.56817E-05   3.89971E-06   5.53307E-01   1.82907E-03   1.29884E-03   3.84908E-07   1.38095E-02   1.38013E-02   1.34553E-06   1.75683E-06   1.61188E-06   3.30465E-03   6.64273E-03   1.26014E-01   1.55934E-01   2.09966E-03
 5.12000E+02   1.02400E+02   3.90000E+00   0.00000E+00   0.00000E+00   0.00000E+00   2.71471E-05   3.64838E-06   5.20283E-01   1.82917E-03   1.29717E-03   4.81102E-07   1.38086E-02   1.38005E-02   1.66002E-06   2.26891E-06   1.92787E-06   3.42828E-03   6.64927E-03   1.18391E-01   1.51336E-01   2.61179E-03
 5.12000E+02   1.02400E+02   4.00000E+00   0.00000E+00   0.00000E+00   0.00000E+00   2.86499E-05   3.40149E-06   4.89418E-01   1.82930E-03   1.29535E-03   6.37906E-07   1.38075E-02   1.37996E-02   2.13566E-06   2.89314E-06   2.43143E-06   3.55801E-03   6.65631E-03   1.11811E-01   1.46795E-01   3.30685E-03
 5.12000E+02   1.02400E+02   4.10000E+00   0.00000E+00   0.00000E+00   0.00000E+00   3.01912E-05   3.16136E-06   4.59017E-01   1.82949E-03   1.29329E-03   8.47474E-07   1.38061E-02   1.37984E-02   2.75401E-06   3.59861E-06   3.08575E-06   3.69358E-03   6.66389E-03   1.06226E-01   1.42339E-01   4.14371E-03
 5.12000E+02   1.02400E+02   4.20000E+00   0.00000E+00   0.00000E+00   0.00000E+00   3.17704E-05   2.92990E-06   4.29872E-01   1.82974E-03   1.29096E-03   1.09349E-06   1.38045E-02   1.37971E-02   3.47547E-06   4.35754E-06   3.84847E-06   3.83472E-03   6.67203E-03   1.01577E-01   1.37991E-01   5.08123E-03
 5.12000E+02   1.02400E+02   4.30000E+00   0.00000E+00   0.00000E+00   0.00000E+00   3.33856E-05   2.70796E-06   4.03283E-01   1.83002E-03   1.28832E-03   1.35794E-06   1.38026E-02   1.37957E-02   4.25308E-06   5.13743E-06   4.67376E-06   3.98113E-03   6.68074E-03   9.78269E-02   1.33784E-01   6.07226E-03
 5.12000E+02   1.02400E+02   4.40000E+00   0.00000E+00   0.00000E+00   0.00000E+00   3.50346E-05   2.49666E-06   3.79732E-01   1.83033E-03   1.28535E-03   1.62497E-06   1.38006E-02   1.37941E-02   5.04228E-06   5.90368E-06   5.51564E-06   4.13248E-03   6.69006E-03   9.49675E-02   1.29750E-01   7.06729E-03
 5.12000E+02   1.02400E+02   4.50000E+00   0.00000E+00   0.00000E+00   0.00000E+00   3.67153E-05   2.29789E-06   3.58444E-01   1.83066E-03   1.28205E-03   1.88268E-06   1.37984E-02   1.37924E-02   5.80644E-06   6.62393E-06   6.33053E-06   4.28838E-03   6.70001E-03   9.30320E-02   1.25935E-01   8.01950E-03
 5.12000E+02   1.02400E+02   4.60000E+00   0.00000E+00   0.00000E+00   0.00000E+00   3.84253E-05   2.11462E-06   3.39219E-01   1.83102E-03   1.27843E-03   2.12167E-06   1.37961E-02   1.37906E-02   6.51493E-06   7.27026E-06   7.08000E-06   4.44845E-03   6.71060E-03   9.20750E-02   1.22396E-01   8.88793E-03
 5.12000E+02   1.02400E+02   4.70000E+00   0.00000E+00   0.00000E+00   0.00000E+00   4.01619E-05   1.94941E-06   3.23147E-01   1.83140E-03   1.27450E-03   2.33353E-06   1.37937E-02   1.37888E-02   7.14077E-06   7.81952E-06   7.72997E-06   4.61225E-03   6.72186E-03   9.21497E-02   1.19207E-01   9.63719E-03
 5.12000E+02   1.02400E+02   4.80000E+00   0.00000E+00   0.00000E+00   0.00000E+00   4.19214E-05   1.80378E-06   3.12185E-01   1.83183E-03   1.27030E-03   2.51112E-06   1.37914E-02   1.37871E-02   7.66133E-06   8.25278E-06   8.25201E-06   4.77936E-03   6.73380E-03   9.32893E-02   1.16450E-01   1.02381E-02
 5.12000E+02   1.02400E+02   4.90000E+00   0.00000E+00   0.00000E+00   0.00000E+00   4.37006E-05   1.67831E-06   3.06759E-01   1.83233E-03   1.26584E-03   2.64975E-06   2.17326E-02   2.17291E-02   8.06070E-06   8.55476E-06   8.62432E-06   4.94931E-03   1.04025E-02   9.54811E-02   1.14368E-01   1.06686E-02
 5.12000E+02   1.02400E+02   5.00000E+00   0.00000E+00   0.00000E+00   0.00000E+00   4.54959E-05   1.57308E-06   3.06600E-01   1.83291E-03   1.26120E-03   2.74671E-06   2.17307E-02   2.17277E-02   8.32944E-06   8.71443E-06   8.83211E-06   5.12164E-03   1.04110E-02   9.86576E-02   1.12689E-01   1.09137E-02
