        Grid            PU    Cell/Diam.        Radius       Tangent     Curvature
        Size        Spread                       Error         Error         Error
 1.60000E+01   5.00000E-01   8.00000E+00   4.77939E-03   5.69333E-02   1.00000E+00
 1.60000E+01   6.00000E-01   8.00000E+00   4.77939E-03   5.69333E-02   1.00000E+00
 1.60000E+01   7.00000E-01   8.00000E+00   4.77936E-03   5.69176E-02   1.00472E+00
 1.60000E+01   8.00000E-01   8.00000E+00   4.74949E-03   5.49700E-02   1.09241E+00
 1.60000E+01   9.00000E-01   8.00000E+00   4.61107E-03   5.05560E-02   1.15731E+00
 1.60000E+01   1.00000E+00   8.00000E+00   4.41312E-03   4.60922E-02   1.36180E+00
 1.60000E+01   1.10000E+00   8.00000E+00   3.95081E-03   4.23612E-02   1.59606E+00
 1.60000E+01   1.20000E+00   8.00000E+00   3.75631E-03   4.06056E-02   1.63556E+00
 1.60000E+01   1.30000E+00   8.00000E+00   5.55890E-03   4.08684E-02   1.51788E+00
 1.60000E+01   1.40000E+00   8.00000E+00   9.03126E-03   4.14873E-02   1.36770E+00
 1.60000E+01   1.50000E+00   8.00000E+00   1.32213E-02   4.17267E-02   1.23347E+00
 1.60000E+01   1.60000E+00   8.00000E+00   1.78759E-02   4.17243E-02   1.05966E+00
 1.60000E+01   1.70000E+00   8.00000E+00   2.28541E-02   4.17129E-02   8.89710E-01
 1.60000E+01   1.80000E+00   8.00000E+00   2.80256E-02   4.20237E-02   7.45131E-01
 1.60000E+01   1.90000E+00   8.00000E+00   3.32849E-02   4.27408E-02   6.23628E-01
 1.60000E+01   2.00000E+00   8.00000E+00   3.85655E-02   4.37757E-02   5.49149E-01
 1.60000E+01   2.10000E+00   8.00000E+00   4.38600E-02   4.48795E-02   4.91987E-01
 1.60000E+01   2.20000E+00   8.00000E+00   4.91616E-02   4.57759E-02   4.49922E-01
 1.60000E+01   2.30000E+00   8.00000E+00   5.44962E-02   4.62498E-02   4.21965E-01
 1.60000E+01   2.40000E+00   8.00000E+00   5.99297E-02   4.62645E-02   3.97644E-01
 1.60000E+01   2.50000E+00   8.00000E+00   6.55206E-02   4.58631E-02   3.70137E-01
 1.60000E+01   2.60000E+00   8.00000E+00   7.13278E-02   4.51499E-02   3.49346E-01
 1.60000E+01   2.70000E+00   8.00000E+00   7.74046E-02   4.41477E-02   3.34494E-01
 1.60000E+01   2.80000E+00   8.00000E+00   8.37708E-02   4.29510E-02   3.23663E-01
 1.60000E+01   2.90000E+00   8.00000E+00   9.04252E-02   4.16826E-02   3.16725E-01
 1.60000E+01   3.00000E+00   8.00000E+00   9.73462E-02   4.03902E-02   3.09292E-01
 1.60000E+01   3.10000E+00   8.00000E+00   1.04489E-01   3.91335E-02   2.97682E-01
 1.60000E+01   3.20000E+00   8.00000E+00   1.11814E-01   3.79738E-02   2.83229E-01
 1.60000E+01   3.30000E+00   8.00000E+00   1.19295E-01   3.70138E-02   2.68319E-01
 1.60000E+01   3.40000E+00   8.00000E+00   1.26939E-01   3.63350E-02   2.55316E-01
 1.60000E+01   3.50000E+00   8.00000E+00   1.34781E-01   3.60085E-02   2.45993E-01
 1.60000E+01   3.60000E+00   8.00000E+00   1.42850E-01   3.60035E-02   2.39793E-01
 1.60000E+01   3.70000E+00   8.00000E+00   1.51154E-01   3.62807E-02   2.36089E-01
 1.60000E+01   3.80000E+00   8.00000E+00   1.59677E-01   3.67811E-02   2.33769E-01
 1.60000E+01   3.90000E+00   8.00000E+00   1.68408E-01   3.74569E-02   2.33173E-01
 1.60000E+01   4.00000E+00   8.00000E+00   1.77344E-01   3.82641E-02   2.34402E-01
 1.60000E+01   4.10000E+00   8.00000E+00   1.86466E-01   3.91648E-02   2.37339E-01
 1.60000E+01   4.20000E+00   8.00000E+00   1.95748E-01   4.01298E-02   2.40861E-01
 1.60000E+01   4.30000E+00   8.00000E+00   2.05192E-01   4.11320E-02   2.44094E-01
 1.60000E+01   4.40000E+00   8.00000E+00   2.14816E-01   4.21461E-02   2.46726E-01
 1.60000E+01   4.50000E+00   8.00000E+00   2.24637E-01   4.31516E-02   2.49129E-01
 1.60000E+01   4.60000E+00   8.00000E+00   2.34666E-01   4.41314E-02   2.51543E-01
 1.60000E+01   4.70000E+00   8.00000E+00   2.44905E-01   4.50625E-02   2.53890E-01
 1.60000E+01   4.80000E+00   8.00000E+00   2.55349E-01   4.59237E-02   2.55901E-01
 1.60000E+01   4.90000E+00   8.00000E+00   2.65979E-01   4.67031E-02   2.57485E-01
 1.60000E+01   5.00000E+00   8.00000E+00   2.76775E-01   4.73930E-02   2.58722E-01
 3.20000E+01   5.00000E-01   1.60000E+01   1.23773E-03   3.85329E-02   1.00000E+00
 3.20000E+01   6.00000E-01   1.60000E+01   1.23805E-03   3.85597E-02   9.80683E-01
 3.20000E+01   7.00000E-01   1.60000E+01   1.25531E-03   3.88879E-02   9.72023E-01
 3.20000E+01   8.00000E-01   1.60000E+01   1.29574E-03   3.95421E-02   1.28310E+00
 3.20000E+01   9.00000E-01   1.60000E+01   1.30709E-03   4.03808E-02   1.56204E+00
 3.20000E+01   1.00000E+00   1.60000E+01   1.44919E-03   4.06137E-02   1.63139E+00
 3.20000E+01   1.10000E+00   1.60000E+01   1.96312E-03   3.98359E-02   1.55866E+00
 3.20000E+01   1.20000E+00   1.60000E+01   2.75009E-03   3.80083E-02   1.45744E+00
 3.20000E+01   1.30000E+00   1.60000E+01   3.61693E-03   3.55782E-02   1.34836E+00
 3.20000E+01   1.40000E+00   1.60000E+01   4.50523E-03   3.28980E-02   1.24656E+00
 3.20000E+01   1.50000E+00   1.60000E+01   5.43274E-03   3.01317E-02   1.13234E+00
 3.20000E+01   1.60000E+00   1.60000E+01   6.41211E-03   2.74860E-02   1.00866E+00
 3.20000E+01   1.70000E+00   1.60000E+01   7.45370E-03   2.51739E-02   8.77953E-01
 3.20000E+01   1.80000E+00   1.60000E+01   8.55503E-03   2.32740E-02   7.44972E-01
 3.20000E+01   1.90000E+00   1.60000E+01   9.69736E-03   2.19320E-02   6.27413E-01
 3.20000E+01   2.00000E+00   1.60000E+01   1.08644E-02   2.12230E-02   5.39514E-01
 3.20000E+01   2.10000E+00   1.60000E+01   7.45543E+00   7.45881E+00   4.40519E+00
 3.20000E+01   2.20000E+00   1.60000E+01   1.32310E-02   2.09261E-02   4.53970E-01
 3.20000E+01   2.30000E+00   1.60000E+01   4.39617E+02   4.49369E+02   3.39562E+02
 3.20000E+01   2.40000E+00   1.60000E+01   1.98130E-02   2.12260E-02   4.29875E-01
 3.20000E+01   2.50000E+00   1.60000E+01   1.68511E-02   2.14604E-02   4.25126E-01
 3.20000E+01   2.60000E+00   1.60000E+01   1.81451E-02   2.17397E-02   4.15276E-01
 3.20000E+01   2.70000E+00   1.60000E+01   1.95189E-02   2.19947E-02   3.98375E-01
 3.20000E+01   2.80000E+00   1.60000E+01   2.09791E-02   2.21551E-02   3.76344E-01
 3.20000E+01   2.90000E+00   1.60000E+01   2.25186E-02   2.21809E-02   3.54660E-01
 3.20000E+01   3.00000E+00   1.60000E+01   2.41242E-02   2.20551E-02   3.38326E-01
 3.20000E+01   3.10000E+00   1.60000E+01   2.57850E-02   2.17991E-02   3.28173E-01
 3.20000E+01   3.20000E+00   1.60000E+01   2.74970E-02   2.14425E-02   3.18857E-01
 3.20000E+01   3.30000E+00   1.60000E+01   2.92611E-02   2.10042E-02   3.07159E-01
 3.20000E+01   3.40000E+00   1.60000E+01   3.10810E-02   2.05250E-02   2.91743E-01
 3.20000E+01   3.50000E+00   1.60000E+01   7.54796E+00   7.59130E+00   7.39949E+00
 3.20000E+01   3.60000E+00   1.60000E+01           NaN   7.51093E+00   2.56945E-01
 3.20000E+01   3.70000E+00   1.60000E+01   3.68992E-02   1.92559E-02   2.41515E-01
 3.20000E+01   3.80000E+00   1.60000E+01   3.89593E-02   1.89106E-02   2.27623E-01
 3.20000E+01   3.90000E+00   1.60000E+01   4.10798E-02   1.86006E-02   2.14340E-01
 3.20000E+01   4.00000E+00   1.60000E+01   4.32609E-02   1.83517E-02   2.01300E-01
 3.20000E+01   4.10000E+00   1.60000E+01   4.55022E-02   1.81744E-02   1.89164E-01
 3.20000E+01   4.20000E+00   1.60000E+01   4.78006E-02   1.80611E-02   1.78277E-01
 3.20000E+01   4.30000E+00   1.60000E+01   5.01510E-02   1.79995E-02   1.68450E-01
 3.20000E+01   4.40000E+00   1.60000E+01   5.25471E-02   1.79866E-02   1.60104E-01
 3.20000E+01   4.50000E+00   1.60000E+01   5.49824E-02   1.80265E-02   1.53801E-01
 3.20000E+01   4.60000E+00   1.60000E+01   5.74508E-02   1.81264E-02   1.49612E-01
 3.20000E+01   4.70000E+00   1.60000E+01   5.99463E-02   1.82863E-02   1.47433E-01
 3.20000E+01   4.80000E+00   1.60000E+01   6.24628E-02   1.84956E-02   1.46897E-01
 3.20000E+01   4.90000E+00   1.60000E+01   6.49944E-02   1.87400E-02   1.47796E-01
 3.20000E+01   5.00000E+00   1.60000E+01   6.75354E-02   1.90104E-02   1.49928E-01
 6.40000E+01   5.00000E-01   3.20000E+01   2.91138E-04   2.11829E-02   1.00000E+00
 6.40000E+01   6.00000E-01   3.20000E+01   2.91299E-04   2.12383E-02   9.73128E-01
 6.40000E+01   7.00000E-01   3.20000E+01   2.95602E-04   2.16486E-02   9.29224E-01
 6.40000E+01   8.00000E-01   3.20000E+01   3.10569E-04   2.21077E-02   1.02657E+00
 6.40000E+01   9.00000E-01   3.20000E+01   3.27167E-04   2.27206E-02   1.43403E+00
 6.40000E+01   1.00000E+00   3.20000E+01   3.28755E-04   2.39277E-02   1.74331E+00
 6.40000E+01   1.10000E+00   3.20000E+01   3.64477E-04   2.51200E-02   1.81825E+00
 6.40000E+01   1.20000E+00   3.20000E+01   5.01512E-04   2.55960E-02   1.71841E+00
 6.40000E+01   1.30000E+00   3.20000E+01   7.21128E-04   2.52386E-02   1.51621E+00
 6.40000E+01   1.40000E+00   3.20000E+01   9.78530E-04   2.43547E-02   1.31929E+00
 6.40000E+01   1.50000E+00   3.20000E+01   1.25460E-03   2.31321E-02   1.14202E+00
 6.40000E+01   1.60000E+00   3.20000E+01   1.54357E-03   2.15558E-02   9.69021E-01
 6.40000E+01   1.70000E+00   3.20000E+01   1.84041E-03   1.98060E-02   8.12035E-01
 6.40000E+01   1.80000E+00   3.20000E+01   2.13794E-03   1.80183E-02   6.99091E-01
 6.40000E+01   1.90000E+00   3.20000E+01   2.43016E-03   1.62812E-02   5.97377E+00
 6.40000E+01   2.00000E+00   3.20000E+01   2.71427E-03   1.47282E-02   4.01950E+00
 6.40000E+01   2.10000E+00   3.20000E+01   2.99040E-03   1.34086E-02   6.48703E-01
 6.40000E+01   2.20000E+00   3.20000E+01   3.26001E-03   1.23249E-02   6.51901E-01
 6.40000E+01   2.30000E+00   3.20000E+01   3.52683E-03   1.14452E-02   4.85115E+00
 6.40000E+01   2.40000E+00   3.20000E+01   3.79773E-03   1.07336E-02   6.14118E-01
 6.40000E+01   2.50000E+00   3.20000E+01   4.08044E-03   1.01180E-02   5.78552E-01
 6.40000E+01   2.60000E+00   3.20000E+01   4.38245E-03   9.55418E-03   5.33928E-01
 6.40000E+01   2.70000E+00   3.20000E+01   4.70900E-03   9.01702E-03   4.87214E-01
 6.40000E+01   2.80000E+00   3.20000E+01   5.06141E-03   8.50118E-03   4.40506E-01
 6.40000E+01   2.90000E+00   3.20000E+01   5.43747E-03   8.01519E-03   3.95280E-01
 6.40000E+01   3.00000E+00   3.20000E+01   5.83308E-03   7.55427E-03   3.54792E-01
 6.40000E+01   3.10000E+00   3.20000E+01   6.24455E-03   7.10824E-03   3.19427E-01
 6.40000E+01   3.20000E+00   3.20000E+01   6.66997E-03   6.67358E-03   2.89127E-01
 6.40000E+01   3.30000E+00   3.20000E+01   7.10918E-03   6.26170E-03   2.62123E-01
 6.40000E+01   3.40000E+00   3.20000E+01   7.56295E-03   5.89726E-03   2.35897E-01
 6.40000E+01   3.50000E+00   3.20000E+01   8.03200E-03   5.60076E-03   2.10681E-01
 6.40000E+01   3.60000E+00   3.20000E+01   3.41419E-01   5.18105E+00   1.98046E-01
 6.40000E+01   3.70000E+00   3.20000E+01   9.01501E-03   2.88051E-02   8.56207E-01
 6.40000E+01   3.80000E+00   3.20000E+01   4.18442E+00   4.27973E+00   1.49526E+00
 6.40000E+01   3.90000E+00   3.20000E+01   2.31094E-01      Infinity   1.55679E-01
 6.40000E+01   4.00000E+00   3.20000E+01   1.48751E+00   3.68115E+00   1.58337E+00
 6.40000E+01   4.10000E+00   3.20000E+01      Infinity   1.20073E-02   1.16599E-01
 6.40000E+01   4.20000E+00   3.20000E+01   1.17164E-02   4.73326E-03   1.07680E-01
 6.40000E+01   4.30000E+00   3.20000E+01   1.22966E-02   4.70935E-03   1.00923E-01
 6.40000E+01   4.40000E+00   3.20000E+01   1.28875E-02   4.69913E-03   9.65315E-02
 6.40000E+01   4.50000E+00   3.20000E+01   1.34879E-02   4.70160E-03   9.43728E-02
 6.40000E+01   4.60000E+00   3.20000E+01   1.40966E-02   4.71719E-03   9.44674E-02
 6.40000E+01   4.70000E+00   3.20000E+01   1.47121E-02   4.74564E-03   9.67881E-02
 6.40000E+01   4.80000E+00   3.20000E+01   1.53331E-02   4.78586E-03   1.01021E-01
 6.40000E+01   4.90000E+00   3.20000E+01   1.59581E-02   4.83738E-03   1.06664E-01
 6.40000E+01   5.00000E+00   3.20000E+01   1.65860E-02   4.90004E-03   1.13151E-01
 1.28000E+02   5.00000E-01   6.40000E+01   7.53577E-05   1.03686E-02   1.00000E+00
 1.28000E+02   6.00000E-01   6.40000E+01   7.54358E-05   1.03690E-02   1.00321E+00
 1.28000E+02   7.00000E-01   6.40000E+01   7.59398E-05   1.05540E-02   1.15695E+00
 1.28000E+02   8.00000E-01   6.40000E+01   7.82956E-05   1.08644E-02   1.31008E+00
 1.28000E+02   9.00000E-01   6.40000E+01   8.79422E-05   1.10158E-02   1.39670E+00
 1.28000E+02   1.00000E+00   6.40000E+01   1.08684E-04   1.10941E-02   1.52174E+00
 1.28000E+02   1.10000E+00   6.40000E+01   1.39546E-04   1.11746E-02   1.60391E+00
 1.28000E+02   1.20000E+00   6.40000E+01   1.78900E-04   1.11499E-02   1.60331E+00
 1.28000E+02   1.30000E+00   6.40000E+01   2.25334E-04   1.09774E-02   1.49909E+00
 1.28000E+02   1.40000E+00   6.40000E+01   2.77940E-04   1.06577E-02   1.34675E+00
 1.28000E+02   1.50000E+00   6.40000E+01   3.35707E-04   1.02503E-02   1.18756E+00
 1.28000E+02   1.60000E+00   6.40000E+01   3.97798E-04   9.73918E-03   1.03039E+00
 1.28000E+02   1.70000E+00   6.40000E+01   4.63374E-04   9.13645E-03   8.76209E-01
 1.28000E+02   1.80000E+00   6.40000E+01   6.63509E-04   1.29345E-02   1.27641E+00
 1.28000E+02   1.90000E+00   6.40000E+01   7.57659E-04   1.20752E-02   2.86645E+00
 1.28000E+02   2.00000E+00   6.40000E+01   6.67775E-04   7.31028E-03   6.41816E-01
 1.28000E+02   2.10000E+00   6.40000E+01   7.35761E-04   6.80157E-03   6.31692E-01
 1.28000E+02   2.20000E+00   6.40000E+01   8.14657E-04   1.26110E-02   1.70720E+00
 1.28000E+02   2.30000E+00   6.40000E+01   1.11839E-02   1.60334E+00      Infinity
 1.28000E+02   2.40000E+00   6.40000E+01   7.63692E-01   4.41206E+00   1.67847E+00
 1.28000E+02   2.50000E+00   6.40000E+01   6.87708E-03   6.31715E-01   5.32419E-01
 1.28000E+02   2.60000E+00   6.40000E+01   1.09511E-03   5.16703E-03   4.90872E-01
 1.28000E+02   2.70000E+00   6.40000E+01   1.17965E-03   4.92436E-03   4.48448E-01
 1.28000E+02   2.80000E+00   6.40000E+01   1.27004E-03   4.69771E-03   4.06197E-01
 1.28000E+02   2.90000E+00   6.40000E+01   1.36564E-03   4.49353E-03   3.66956E-01
 1.28000E+02   3.00000E+00   6.40000E+01   1.46551E-03   4.31964E-03   3.33908E-01
 1.28000E+02   3.10000E+00   6.40000E+01   1.56885E-03   4.18051E-03   3.08469E-01
 1.28000E+02   3.20000E+00   6.40000E+01   1.67531E-03   4.07549E-03   2.89530E-01
 1.28000E+02   3.30000E+00   6.40000E+01   1.78483E-03   4.00145E-03   2.75201E-01
 1.28000E+02   3.40000E+00   6.40000E+01   1.89756E-03   3.95498E-03   2.62613E-01
 1.28000E+02   3.50000E+00   6.40000E+01   2.01365E-03   3.93534E-03   2.50824E-01
 1.28000E+02   3.60000E+00   6.40000E+01   2.13315E-03   3.93922E-03   2.39596E-01
 1.28000E+02   3.70000E+00   6.40000E+01   2.25597E-03   3.95718E-03   2.29446E-01
 1.28000E+02   3.80000E+00   6.40000E+01   2.38196E-03   3.97827E-03   2.20460E-01
 1.28000E+02   3.90000E+00   6.40000E+01   2.51116E-03   3.99520E-03   2.11991E-01
 1.28000E+02   4.00000E+00   6.40000E+01   2.64368E-03   4.00499E-03   2.03822E-01
 1.28000E+02   4.10000E+00   6.40000E+01   2.77954E-03   4.00625E-03   1.95836E-01
 1.28000E+02   4.20000E+00   6.40000E+01   2.91857E-03   3.99866E-03   1.88496E-01
 1.28000E+02   4.30000E+00   6.40000E+01   3.06048E-03   3.98214E-03   1.82145E-01
 1.28000E+02   4.40000E+00   6.40000E+01   3.20494E-03   3.95677E-03   1.77069E-01
 1.28000E+02   4.50000E+00   6.40000E+01   3.35165E-03   3.92335E-03   1.73230E-01
 1.28000E+02   4.60000E+00   6.40000E+01   3.50029E-03   3.88387E-03   1.70764E-01
 1.28000E+02   4.70000E+00   6.40000E+01   3.65056E-03   3.84029E-03   1.69808E-01
 1.28000E+02   4.80000E+00   6.40000E+01   3.80209E-03   3.79396E-03   1.70337E-01
 1.28000E+02   4.90000E+00   6.40000E+01   3.95452E-03   3.74622E-03   1.72158E-01
 1.28000E+02   5.00000E+00   6.40000E+01   4.10755E-03   3.69851E-03   1.75029E-01
 2.56000E+02   5.00000E-01   1.28000E+02   1.85357E-05   5.49200E-03   1.00000E+00
 2.56000E+02   6.00000E-01   1.28000E+02   1.85591E-05   5.50018E-03   9.77767E-01
 2.56000E+02   7.00000E-01   1.28000E+02   1.87901E-05   5.55272E-03   1.13734E+00
 2.56000E+02   8.00000E-01   1.28000E+02   1.92754E-05   5.67537E-03   1.40990E+00
 2.56000E+02   9.00000E-01   1.28000E+02   2.12524E-05   5.83637E-03   1.55630E+00
 2.56000E+02   1.00000E+00   1.28000E+02   2.70044E-05   5.97552E-03   1.57045E+00
 2.56000E+02   1.10000E+00   1.28000E+02   3.68246E-05   6.04604E-03   1.53562E+00
 2.56000E+02   1.20000E+00   1.28000E+02   4.89259E-05   6.00080E-03   1.49014E+00
 2.56000E+02   1.30000E+00   1.28000E+02   6.18388E-05   5.84897E-03   1.40666E+00
 2.56000E+02   1.40000E+00   1.28000E+02   7.53298E-05   5.62321E-03   1.28215E+00
 2.56000E+02   1.50000E+00   1.28000E+02   8.95272E-05   5.35341E-03   1.14682E+00
 2.56000E+02   1.60000E+00   1.28000E+02   1.04424E-04   5.04097E-03   1.01473E+00
 2.56000E+02   1.70000E+00   1.28000E+02   1.19958E-04   4.70031E-03   8.82562E-01
 2.56000E+02   1.80000E+00   1.28000E+02   1.35910E-04   4.35355E-03   7.67366E-01
 2.56000E+02   1.90000E+00   1.28000E+02   1.52064E-04   4.01450E-03   6.85998E-01
 2.56000E+02   2.00000E+00   1.28000E+02   1.68319E-04   3.70279E-03   6.38366E-01
 2.56000E+02   2.10000E+00   1.28000E+02   1.84635E-04   3.43720E-03   6.11073E-01
 2.56000E+02   2.20000E+00   1.28000E+02   2.01071E-04   3.22503E-03   5.87707E-01
 2.56000E+02   2.30000E+00   1.28000E+02   2.17809E-04   3.06093E-03   5.62321E-01
 2.56000E+02   2.40000E+00   1.28000E+02   2.35133E-04   2.93591E-03   5.30501E-01
 2.56000E+02   2.50000E+00   1.28000E+02   2.53397E-04   2.83619E-03   4.95901E-01
 2.56000E+02   2.60000E+00   1.28000E+02   2.72926E-04   2.74872E-03   4.59240E-01
 2.56000E+02   2.70000E+00   1.28000E+02   2.93919E-04   2.66945E-03   4.21564E-01
 2.56000E+02   2.80000E+00   1.28000E+02   3.16389E-04   2.59791E-03   3.84701E-01
 2.56000E+02   2.90000E+00   1.28000E+02   3.40185E-04   2.53249E-03   3.50849E-01
 2.56000E+02   3.00000E+00   1.28000E+02   3.65082E-04   2.47124E-03   3.23145E-01
 2.56000E+02   3.10000E+00   1.28000E+02   3.90899E-04   2.41162E-03   3.01993E-01
 2.56000E+02   3.20000E+00   1.28000E+02   4.17557E-04   2.35298E-03   2.86861E-01
 2.56000E+02   3.30000E+00   1.28000E+02   4.45053E-04   2.29683E-03   2.75154E-01
 2.56000E+02   3.40000E+00   1.28000E+02   4.73420E-04   2.24443E-03   2.64253E-01
 2.56000E+02   3.50000E+00   1.28000E+02   5.02683E-04   2.19738E-03   2.52893E-01
 2.56000E+02   3.60000E+00   1.28000E+02   5.32839E-04   2.15660E-03   2.41126E-01
 2.56000E+02   3.70000E+00   1.28000E+02   5.63860E-04   2.12184E-03   2.29593E-01
 2.56000E+02   3.80000E+00   1.28000E+02   5.95720E-04   2.09148E-03   2.18501E-01
 2.56000E+02   3.90000E+00   1.28000E+02   6.28423E-04   2.06377E-03   2.07797E-01
 2.56000E+02   4.00000E+00   1.28000E+02   6.61984E-04   2.03766E-03   1.97489E-01
 2.56000E+02   4.10000E+00   1.28000E+02   6.96390E-04   2.01235E-03   1.87870E-01
 2.56000E+02   4.20000E+00   1.28000E+02   7.31591E-04   1.98720E-03   1.79345E-01
 2.56000E+02   4.30000E+00   1.28000E+02   7.67508E-04   1.96182E-03   1.72318E-01
 2.56000E+02   4.40000E+00   1.28000E+02   8.04056E-04   1.93611E-03   1.66879E-01
 2.56000E+02   4.50000E+00   1.28000E+02   8.41152E-04   1.91005E-03   1.63072E-01
 2.56000E+02   4.60000E+00   1.28000E+02   8.78719E-04   1.88381E-03   1.60964E-01
 2.56000E+02   4.70000E+00   1.28000E+02   9.16675E-04   1.85762E-03   1.60606E-01
 2.56000E+02   4.80000E+00   1.28000E+02   9.54937E-04   1.83168E-03   1.61879E-01
 2.56000E+02   4.90000E+00   1.28000E+02   9.93421E-04   1.80628E-03   1.64530E-01
 2.56000E+02   5.00000E+00   1.28000E+02   1.03205E-03   1.78180E-03   1.68222E-01
 5.12000E+02   5.00000E-01   2.56000E+02   4.68417E-06   2.73647E-03   1.00000E+00
 5.12000E+02   6.00000E-01   2.56000E+02   4.68854E-06   2.74346E-03   9.86921E-01
 5.12000E+02   7.00000E-01   2.56000E+02   4.75741E-06   2.78228E-03   1.07384E+00
 5.12000E+02   8.00000E-01   2.56000E+02   4.94501E-06   2.83595E-03   1.31509E+00
 5.12000E+02   9.00000E-01   2.56000E+02   5.34577E-06   2.91087E-03   1.53814E+00
 5.12000E+02   1.00000E+00   2.56000E+02   6.32558E-06   3.01429E-03   1.62742E+00
 5.12000E+02   1.10000E+00   2.56000E+02   8.25928E-06   3.10353E-03   1.61769E+00
 5.12000E+02   1.20000E+00   2.56000E+02   1.09940E-05   3.12696E-03   1.55763E+00
 5.12000E+02   1.30000E+00   2.56000E+02   1.41772E-05   3.07632E-03   1.44321E+00
 5.12000E+02   1.40000E+00   2.56000E+02   1.76464E-05   2.97280E-03   1.29910E+00
 5.12000E+02   1.50000E+00   2.56000E+02   2.13547E-05   2.83570E-03   1.14796E+00
 5.12000E+02   1.60000E+00   2.56000E+02   2.52638E-05   2.66767E-03   1.00218E+00
 5.12000E+02   1.70000E+00   2.56000E+02   2.93327E-05   2.47752E-03   8.60091E-01
 5.12000E+02   1.80000E+00   2.56000E+02   3.34848E-05   2.27800E-03   7.41415E-01
 5.12000E+02   1.90000E+00   2.56000E+02   3.76516E-05   2.07967E-03   6.65939E-01
 5.12000E+02   2.00000E+00   2.56000E+02   4.18035E-05   1.89447E-03   6.26085E-01
 5.12000E+02   2.10000E+00   2.56000E+02   4.59338E-05   1.73364E-03   6.03595E-01
 5.12000E+02   2.20000E+00   2.56000E+02   5.00618E-05   1.60353E-03   5.84166E-01
 5.12000E+02   2.30000E+00   2.56000E+02   5.42403E-05   1.50326E-03   5.60433E-01
 5.12000E+02   2.40000E+00   2.56000E+02   5.85475E-05   1.42838E-03   5.29906E-01
 5.12000E+02   2.50000E+00   2.56000E+02   6.30789E-05   1.37015E-03   4.95921E-01
 5.12000E+02   2.60000E+00   2.56000E+02   6.79204E-05   1.31989E-03   4.60218E-01
 5.12000E+02   2.70000E+00   2.56000E+02   7.31256E-05   1.27396E-03   4.23805E-01
 5.12000E+02   2.80000E+00   2.56000E+02   7.87007E-05   1.23156E-03   3.87824E-01
 5.12000E+02   2.90000E+00   2.56000E+02   8.46104E-05   1.19262E-03   3.54439E-01
 5.12000E+02   3.00000E+00   2.56000E+02   9.07996E-05   1.15645E-03   3.25727E-01
 5.12000E+02   3.10000E+00   2.56000E+02   9.72229E-05   1.12142E-03   3.02876E-01
 5.12000E+02   3.20000E+00   2.56000E+02   1.03860E-04   1.08693E-03   2.85431E-01
 5.12000E+02   3.30000E+00   2.56000E+02   1.10710E-04   1.05357E-03   2.71387E-01
 5.12000E+02   3.40000E+00   2.56000E+02   1.17783E-04   1.02256E-03   2.58659E-01
 5.12000E+02   3.50000E+00   2.56000E+02   1.25084E-04   9.94957E-04   2.45849E-01
 5.12000E+02   3.60000E+00   2.56000E+02   1.32610E-04   9.71160E-04   2.33342E-01
 5.12000E+02   3.70000E+00   2.56000E+02   1.40355E-04   9.50657E-04   2.21434E-01
 5.12000E+02   3.80000E+00   2.56000E+02   1.48311E-04   9.32384E-04   2.10347E-01
 5.12000E+02   3.90000E+00   2.56000E+02   1.56481E-04   9.15457E-04   1.99786E-01
 5.12000E+02   4.00000E+00   2.56000E+02   1.64867E-04   8.99469E-04   1.89879E-01
 5.12000E+02   4.10000E+00   2.56000E+02   1.73467E-04   8.84128E-04   1.80642E-01
 5.12000E+02   4.20000E+00   2.56000E+02   1.82268E-04   8.69207E-04   1.72358E-01
 5.12000E+02   4.30000E+00   2.56000E+02   1.91251E-04   8.54697E-04   1.65449E-01
 5.12000E+02   4.40000E+00   2.56000E+02   2.00395E-04   8.40702E-04   1.60150E-01
 5.12000E+02   4.50000E+00   2.56000E+02   2.09680E-04   8.27290E-04   1.56490E-01
 5.12000E+02   4.60000E+00   2.56000E+02   2.19084E-04   8.14637E-04   1.54601E-01
 5.12000E+02   4.70000E+00   2.56000E+02   2.28589E-04   8.02923E-04   1.54538E-01
 5.12000E+02   4.80000E+00   2.56000E+02   2.38173E-04   7.92243E-04   1.56236E-01
 5.12000E+02   4.90000E+00   2.56000E+02   2.47813E-04   7.82688E-04   1.59421E-01
 5.12000E+02   5.00000E+00   2.56000E+02   2.57490E-04   7.74321E-04   1.63725E-01
