        Grid            PU    Cell/Diam.        Radius       Tangent     Curvature
        Size        Spread                       Error         Error         Error
 1.60000E+01   5.00000E-01   8.00000E+00   4.42108E-03   5.05160E-02   1.00000E+00
 1.60000E+01   6.00000E-01   8.00000E+00   4.42108E-03   5.05160E-02   1.00000E+00
 1.60000E+01   7.00000E-01   8.00000E+00   4.42107E-03   5.05143E-02   1.00038E+00
 1.60000E+01   8.00000E-01   8.00000E+00   4.39831E-03   4.98998E-02   1.03541E+00
 1.60000E+01   9.00000E-01   8.00000E+00   4.14377E-03   4.73606E-02   1.16002E+00
 1.60000E+01   1.00000E+00   8.00000E+00   3.50921E-03   4.43919E-02   1.30255E+00
 1.60000E+01   1.10000E+00   8.00000E+00   4.53766E-03   4.21863E-02   1.38795E+00
 1.60000E+01   1.20000E+00   8.00000E+00   9.20393E-03   4.06802E-02   1.42703E+00
 1.60000E+01   1.30000E+00   8.00000E+00   1.59134E-02   4.01275E-02   1.39639E+00
 1.60000E+01   1.40000E+00   8.00000E+00   2.37409E-02   3.99926E-02   1.30352E+00
 1.60000E+01   1.50000E+00   8.00000E+00   3.23443E-02   3.94692E-02   1.18047E+00
 1.60000E+01   1.60000E+00   8.00000E+00   4.15223E-02   3.83288E-02   1.05611E+00
 1.60000E+01   1.70000E+00   8.00000E+00   5.10835E-02   3.68827E-02   9.23973E-01
 1.60000E+01   1.80000E+00   8.00000E+00   6.08699E-02   3.51242E-02   7.97050E-01
 1.60000E+01   1.90000E+00   8.00000E+00   7.07321E-02   3.31399E-02   6.92445E-01
 1.60000E+01   2.00000E+00   8.00000E+00   8.05588E-02   3.12271E-02   6.20525E-01
 1.60000E+01   2.10000E+00   8.00000E+00   9.03285E-02   2.95781E-02   5.78310E-01
 1.60000E+01   2.20000E+00   8.00000E+00   1.00099E-01   2.82630E-02   5.57267E-01
 1.60000E+01   2.30000E+00   8.00000E+00   1.09997E-01   2.71600E-02   5.51596E-01
 1.60000E+01   2.40000E+00   8.00000E+00   1.20176E-01   2.61169E-02   5.54668E-01
 1.60000E+01   2.50000E+00   8.00000E+00   1.30751E-01   2.51203E-02   5.58295E-01
 1.60000E+01   2.60000E+00   8.00000E+00   1.41804E-01   2.41824E-02   5.61038E-01
 1.60000E+01   2.70000E+00   8.00000E+00   1.53363E-01   2.33202E-02   5.61502E-01
 1.60000E+01   2.80000E+00   8.00000E+00   1.65411E-01   2.25700E-02   5.59955E-01
 1.60000E+01   2.90000E+00   8.00000E+00   1.77909E-01   2.19500E-02   5.57809E-01
 1.60000E+01   3.00000E+00   8.00000E+00   1.90822E-01   2.14448E-02   5.55434E-01
 1.60000E+01   3.10000E+00   8.00000E+00   2.04122E-01   2.10374E-02   5.51417E-01
 1.60000E+01   3.20000E+00   8.00000E+00   2.17797E-01   2.07129E-02   5.46597E-01
 1.60000E+01   3.30000E+00   8.00000E+00   2.31845E-01   2.04552E-02   5.42587E-01
 1.60000E+01   3.40000E+00   8.00000E+00   2.46265E-01   2.02496E-02   5.40261E-01
 1.60000E+01   3.50000E+00   8.00000E+00   2.61070E-01   2.00916E-02   5.39280E-01
 1.60000E+01   3.60000E+00   8.00000E+00   2.76276E-01   1.99842E-02   5.39036E-01
 1.60000E+01   3.70000E+00   8.00000E+00   2.91898E-01   1.99324E-02   5.39405E-01
 1.60000E+01   3.80000E+00   8.00000E+00   1.41575E+02   1.41734E+02   1.41894E+02
 1.60000E+01   3.90000E+00   8.00000E+00   2.55061E+00   3.01464E+00   3.15313E+00
 1.60000E+01   4.00000E+00   8.00000E+00   3.41315E-01   2.01017E-02   5.44420E-01
 1.60000E+01   4.10000E+00   8.00000E+00   3.58617E-01   2.02306E-02   5.47162E-01
 1.60000E+01   4.20000E+00   8.00000E+00   3.76291E-01   2.03802E-02   5.50362E-01
 1.60000E+01   4.30000E+00   8.00000E+00   3.94323E-01   2.05444E-02   5.53974E-01
 1.60000E+01   4.40000E+00   8.00000E+00   4.12697E-01   2.07183E-02   5.57915E-01
 1.60000E+01   4.50000E+00   8.00000E+00   4.31390E-01   2.08985E-02   5.62183E-01
 1.60000E+01   4.60000E+00   8.00000E+00   4.50380E-01   2.10824E-02   5.66793E-01
 1.60000E+01   4.70000E+00   8.00000E+00   4.69638E-01   2.12687E-02   5.71607E-01
 1.60000E+01   4.80000E+00   8.00000E+00   4.89129E-01   2.14563E-02   5.76462E-01
 1.60000E+01   4.90000E+00   8.00000E+00   5.08810E-01   2.16441E-02   5.81251E-01
 1.60000E+01   5.00000E+00   8.00000E+00   5.28647E-01   2.18312E-02   5.85921E-01
 3.20000E+01   5.00000E-01   1.60000E+01   1.11313E-03   2.70664E-02   1.00000E+00
 3.20000E+01   6.00000E-01   1.60000E+01   1.11328E-03   2.70811E-02   9.97877E-01
 3.20000E+01   7.00000E-01   1.60000E+01   1.12416E-03   2.73419E-02   9.91732E-01
 3.20000E+01   8.00000E-01   1.60000E+01   2.73667E-02   9.92117E-01   2.31779E+00
 3.20000E+01   9.00000E-01   1.60000E+01   1.16819E-03   2.77204E-02   1.19828E+00
 3.20000E+01   1.00000E+00   1.60000E+01   1.10201E-03   2.75794E-02   1.34351E+00
 3.20000E+01   1.10000E+00   1.60000E+01   1.49083E-03   2.70849E-02   1.46200E+00
 3.20000E+01   1.20000E+00   1.60000E+01   2.69834E-03   2.62992E-02   1.53022E+00
 3.20000E+01   1.30000E+00   1.60000E+01   4.43398E-03   2.54214E-02   1.49435E+00
 3.20000E+01   1.40000E+00   1.60000E+01   6.44688E-03   2.44938E-02   1.36136E+00
 3.20000E+01   1.50000E+00   1.60000E+01   2.12611E+00   2.12602E+00   2.44545E+00
 3.20000E+01   1.60000E+00   1.60000E+01   2.12612E+00   2.12600E+00   2.37860E+00
 3.20000E+01   1.70000E+00   1.60000E+01   1.31155E-02   1.90960E+00   1.68954E+00
 3.20000E+01   1.80000E+00   1.60000E+01   1.54458E-02   1.92615E-02   7.62084E-01
 3.20000E+01   1.90000E+00   1.60000E+01   1.78093E-02   1.78030E-02   6.66535E-01
 3.20000E+01   2.00000E+00   1.60000E+01   2.01979E-02   1.65142E-02   6.24418E-01
 3.20000E+01   2.10000E+00   1.60000E+01   2.26026E-02   1.54521E-02   6.15125E-01
 3.20000E+01   2.20000E+00   1.60000E+01   2.50174E-02   1.46042E-02   6.11948E-01
 3.20000E+01   2.30000E+00   1.60000E+01   2.74520E-02   1.38872E-02   6.12573E-01
 3.20000E+01   2.40000E+00   1.60000E+01   3.61137E-02   2.11768E-02   8.70925E-01
 3.20000E+01   2.50000E+00   1.60000E+01   5.62818E-02   2.08085E-02   5.91687E-01
 3.20000E+01   2.60000E+00   1.60000E+01   3.73010E-02   2.51329E-02   6.71611E-01
 3.20000E+01   2.70000E+00   1.60000E+01   4.69548E-02   1.81729E-02   1.54988E+02
 3.20000E+01   2.80000E+00   1.60000E+01   4.11093E-02   1.12701E-02   5.67580E-01
 3.20000E+01   2.90000E+00   1.60000E+01   4.42590E-02   1.08331E-02   5.66488E-01
 3.20000E+01   3.00000E+00   1.60000E+01   4.75208E-02   1.03986E-02   5.68115E-01
 3.20000E+01   3.10000E+00   1.60000E+01   5.08786E-02   9.96533E-03   5.70649E-01
 3.20000E+01   3.20000E+00   1.60000E+01   5.43266E-02   9.53661E-03   5.72635E-01
 3.20000E+01   3.30000E+00   1.60000E+01   5.78677E-02   9.12301E-03   5.74600E-01
 3.20000E+01   3.40000E+00   1.60000E+01   6.15095E-02   8.73435E-03   5.74995E-01
 3.20000E+01   3.50000E+00   1.60000E+01   6.52589E-02   8.37600E-03   5.73178E-01
 3.20000E+01   3.60000E+00   1.60000E+01   6.91189E-02   8.05228E-03   5.70609E-01
 3.20000E+01   3.70000E+00   1.60000E+01   7.30894E-02   7.76467E-03   5.69109E-01
 3.20000E+01   3.80000E+00   1.60000E+01   7.82427E-02   7.50930E-03   5.68274E-01
 3.20000E+01   3.90000E+00   1.60000E+01   8.13570E-02   7.28076E-03   5.68079E-01
 3.20000E+01   4.00000E+00   1.60000E+01   8.56516E-02   7.07637E-03   5.68164E-01
 3.20000E+01   4.10000E+00   1.60000E+01   9.00497E-02   6.89520E-03   5.68639E-01
 3.20000E+01   4.20000E+00   1.60000E+01   9.45452E-02   6.73660E-03   5.69369E-01
 3.20000E+01   4.30000E+00   1.60000E+01   9.91294E-02   6.60073E-03   5.69704E-01
 3.20000E+01   4.40000E+00   1.60000E+01   1.03792E-01   6.48736E-03   5.70249E-01
 3.20000E+01   4.50000E+00   1.60000E+01   1.08523E-01   6.39539E-03   5.71032E-01
 3.20000E+01   4.60000E+00   1.60000E+01   1.13310E-01   6.32352E-03   5.72302E-01
 3.20000E+01   4.70000E+00   1.60000E+01   1.18143E-01   6.26916E-03   5.73956E-01
 3.20000E+01   4.80000E+00   1.60000E+01   1.23011E-01   6.23089E-03   5.75984E-01
 3.20000E+01   4.90000E+00   1.60000E+01   1.27903E-01   6.20845E-03   5.78392E-01
 3.20000E+01   5.00000E+00   1.60000E+01   1.32810E-01   6.20070E-03   5.81069E-01
 6.40000E+01   5.00000E-01   3.20000E+01   2.71207E-04   1.45234E-02   1.00000E+00
 6.40000E+01   6.00000E-01   3.20000E+01   2.71312E-04   1.45358E-02   9.97459E-01
 6.40000E+01   7.00000E-01   3.20000E+01   2.86675E+00   2.91148E+00   3.18912E+00
 6.40000E+01   8.00000E-01   3.20000E+01   2.13417E+00   1.99971E+00   2.60841E+00
 6.40000E+01   9.00000E-01   3.20000E+01   2.15298E+00   2.20935E+00   2.29821E+00
 6.40000E+01   1.00000E+00   3.20000E+01   4.31484E+02   4.32275E+02   4.32840E+02
 6.40000E+01   1.10000E+00   3.20000E+01   3.62654E-04   1.43980E-02   1.49310E+00
 6.40000E+01   1.20000E+00   3.20000E+01   2.67096E+00   4.77535E+00   5.02730E+00
 6.40000E+01   1.30000E+00   3.20000E+01   4.77533E+00   4.77526E+00   5.01602E+00
 6.40000E+01   1.40000E+00   3.20000E+01   5.86341E+02   5.86329E+02   5.86342E+02
 6.40000E+01   1.50000E+00   3.20000E+01   6.11231E+02   6.11242E+02   3.10049E+02
 6.40000E+01   1.60000E+00   3.20000E+01   2.76695E-03   1.16407E-02   1.08389E+00
 6.40000E+01   1.70000E+00   3.20000E+01   3.33688E-03   1.08857E-02   9.09208E-01
 6.40000E+01   1.80000E+00   3.20000E+01   3.91155E-03   1.01047E-02   7.59355E-01
 6.40000E+01   1.90000E+00   3.20000E+01   4.49016E-03   9.36316E-03   6.73396E-01
 6.40000E+01   2.00000E+00   3.20000E+01   5.07407E-03   8.72433E-03   6.48398E-01
 6.40000E+01   2.10000E+00   3.20000E+01   5.66255E-03   8.21543E-03   6.51407E-01
 6.40000E+01   2.20000E+00   3.20000E+01   6.25434E-03   7.82865E-03   6.54413E-01
 6.40000E+01   2.30000E+00   3.20000E+01   6.85160E-03   7.52013E-03   6.57808E-01
 6.40000E+01   2.40000E+00   3.20000E+01   7.46270E-03   7.25486E-03   6.40749E-01
 6.40000E+01   2.50000E+00   3.20000E+01   8.09885E-03   7.00130E-03   6.22988E-01
 6.40000E+01   2.60000E+00   3.20000E+01   8.76935E-03   6.73458E-03   6.15156E-01
 6.40000E+01   2.70000E+00   3.20000E+01   9.47968E-03   6.45103E-03   6.15399E-01
 6.40000E+01   2.80000E+00   3.20000E+01   1.02300E-02   6.15622E-03   6.20824E-01
 6.40000E+01   2.90000E+00   3.20000E+01   1.10157E-02   5.85739E-03   6.30261E-01
 6.40000E+01   3.00000E+00   3.20000E+01   1.18306E-02   5.55982E-03   6.38322E-01
 6.40000E+01   3.10000E+00   3.20000E+01   1.26698E-02   5.26477E-03   6.46397E-01
 6.40000E+01   3.20000E+00   3.20000E+01   1.35318E-02   4.97890E-03   6.52298E-01
 6.40000E+01   3.30000E+00   3.20000E+01   1.44177E-02   4.71191E-03   6.53111E-01
 6.40000E+01   3.40000E+00   3.20000E+01   1.53297E-02   4.46818E-03   6.47920E-01
 6.40000E+01   3.50000E+00   3.20000E+01   1.62696E-02   4.24751E-03   6.42435E-01
 6.40000E+01   3.60000E+00   3.20000E+01   1.72379E-02   4.04872E-03   6.38968E-01
 6.40000E+01   3.70000E+00   3.20000E+01   1.82341E-02   3.86834E-03   6.38517E-01
 6.40000E+01   3.80000E+00   3.20000E+01   1.92574E-02   3.70164E-03   6.37625E-01
 6.40000E+01   3.90000E+00   3.20000E+01   2.03071E-02   3.54561E-03   6.36829E-01
 6.40000E+01   4.00000E+00   3.20000E+01   2.13832E-02   3.39941E-03   6.37486E-01
 6.40000E+01   4.10000E+00   3.20000E+01   2.24849E-02   3.26384E-03   6.39757E-01
 6.40000E+01   4.20000E+00   3.20000E+01   2.36105E-02   3.13974E-03   6.43456E-01
 6.40000E+01   4.30000E+00   3.20000E+01   2.47574E-02   3.02755E-03   6.48470E-01
 6.40000E+01   4.40000E+00   3.20000E+01   2.59225E-02   2.92861E-03   6.54479E-01
 6.40000E+01   4.50000E+00   3.20000E+01   2.71028E-02   2.84479E-03   6.60255E-01
 6.40000E+01   4.60000E+00   3.20000E+01   2.82954E-02   2.77785E-03   6.65748E-01
 6.40000E+01   4.70000E+00   3.20000E+01   2.94974E-02   2.72903E-03   6.71015E-01
 6.40000E+01   4.80000E+00   3.20000E+01   3.07058E-02   2.69861E-03   6.76130E-01
 6.40000E+01   4.90000E+00   3.20000E+01   3.19181E-02   2.68579E-03   6.81080E-01
 6.40000E+01   5.00000E+00   3.20000E+01   3.31315E-02   2.68935E-03   6.85739E-01
 1.28000E+02   5.00000E-01   6.40000E+01   6.82629E-05   7.45481E-03   9.99998E-01
 1.28000E+02   6.00000E-01   6.40000E+01   6.83099E-05   7.46156E-03   9.97406E-01
 1.28000E+02   7.00000E-01   6.40000E+01   6.91127E-05   7.51313E-03   9.95127E-01
 1.28000E+02   8.00000E-01   6.40000E+01   7.15282E-05   7.56900E-03   1.05677E+00
 1.28000E+02   9.00000E-01   6.40000E+01   7.24078E-05   7.55504E-03   1.22811E+00
 1.28000E+02   1.00000E+00   6.40000E+01   7.15750E-05   7.47863E-03   1.37204E+00
 1.28000E+02   1.10000E+00   6.40000E+01   1.00221E-04   7.32530E-03   1.50714E+00
 1.28000E+02   1.20000E+00   6.40000E+01   1.79581E-04   7.10308E-03   1.59753E+00
 1.28000E+02   1.30000E+00   6.40000E+01   2.92601E-04   6.84189E-03   1.56617E+00
 1.28000E+02   1.40000E+00   6.40000E+01   4.22226E-04   6.55960E-03   1.41599E+00
 1.28000E+02   1.50000E+00   6.40000E+01   5.58201E-04   6.26198E-03   1.25143E+00
 1.28000E+02   1.60000E+00   6.40000E+01   6.96843E-04   5.92543E-03   1.09682E+00
 1.28000E+02   1.70000E+00   6.40000E+01   8.37379E-04   5.54790E-03   9.19204E-01
 1.28000E+02   1.80000E+00   6.40000E+01   9.79038E-04   5.15627E-03   7.69702E-01
 1.28000E+02   1.90000E+00   6.40000E+01   1.12193E-03   4.78593E-03   6.90619E-01
 1.28000E+02   2.00000E+00   6.40000E+01   1.26657E-03   4.46374E-03   6.78162E-01
 1.28000E+02   2.10000E+00   6.40000E+01   1.41281E-03   4.20381E-03   6.90872E-01
 1.28000E+02   2.20000E+00   6.40000E+01   1.56038E-03   4.00595E-03   6.99692E-01
 1.28000E+02   2.30000E+00   6.40000E+01   1.70970E-03   3.85069E-03   7.03085E-01
 1.28000E+02   2.40000E+00   6.40000E+01   1.86272E-03   3.71881E-03   6.81618E-01
 1.28000E+02   2.50000E+00   6.40000E+01   2.02211E-03   3.59442E-03   6.62712E-01
 1.28000E+02   2.60000E+00   6.40000E+01   2.19005E-03   3.46636E-03   6.56948E-01
 1.28000E+02   2.70000E+00   6.40000E+01   2.36780E-03   3.33388E-03   6.61761E-01
 1.28000E+02   2.80000E+00   6.40000E+01   2.55532E-03   3.20078E-03   6.74129E-01
 1.28000E+02   2.90000E+00   6.40000E+01   2.75146E-03   3.07245E-03   6.90392E-01
 1.28000E+02   3.00000E+00   6.40000E+01   2.95465E-03   2.95209E-03   7.04003E-01
 1.28000E+02   3.10000E+00   6.40000E+01   3.16374E-03   2.83929E-03   7.15870E-01
 1.28000E+02   3.20000E+00   6.40000E+01   3.37842E-03   2.73517E-03   7.23805E-01
 1.28000E+02   3.30000E+00   6.40000E+01   3.59903E-03   2.64087E-03   7.22018E-01
 1.28000E+02   3.40000E+00   6.40000E+01   3.82610E-03   2.55572E-03   7.15771E-01
 1.28000E+02   3.50000E+00   6.40000E+01   4.06011E-03   2.47852E-03   7.11460E-01
 1.28000E+02   3.60000E+00   6.40000E+01   4.30125E-03   2.40830E-03   7.11030E-01
 1.28000E+02   3.70000E+00   6.40000E+01   4.54939E-03   2.34300E-03   7.12322E-01
 1.28000E+02   3.80000E+00   6.40000E+01   4.80430E-03   2.27999E-03   7.11670E-01
 1.28000E+02   3.90000E+00   6.40000E+01   5.06588E-03   2.21689E-03   7.12646E-01
 1.28000E+02   4.00000E+00   6.40000E+01   5.33412E-03   2.15322E-03   7.16233E-01
 1.28000E+02   4.10000E+00   6.40000E+01   5.60885E-03   2.08966E-03   7.22243E-01
 1.28000E+02   4.20000E+00   6.40000E+01   5.88958E-03   2.02690E-03   7.30419E-01
 1.28000E+02   4.30000E+00   6.40000E+01   6.17565E-03   1.96570E-03   7.40267E-01
 1.28000E+02   4.40000E+00   6.40000E+01   6.46626E-03   1.90699E-03   7.49619E-01
 1.28000E+02   4.50000E+00   6.40000E+01   6.76061E-03   1.85164E-03   7.58377E-01
 1.28000E+02   4.60000E+00   6.40000E+01   7.05798E-03   1.80081E-03   7.66800E-01
 1.28000E+02   4.70000E+00   6.40000E+01   7.35761E-03   1.75554E-03   7.74946E-01
 1.28000E+02   4.80000E+00   6.40000E+01   7.65879E-03   1.71630E-03   7.82822E-01
 1.28000E+02   4.90000E+00   6.40000E+01   7.96080E-03   1.68319E-03   7.90305E-01
 1.28000E+02   5.00000E+00   6.40000E+01   8.26294E-03   1.65609E-03   7.97193E-01
