        Grid            PU    Cell/Diam.        Radius       Tangent     Curvature
        Size        Spread                       Error         Error         Error
 1.60000E+01   5.00000E-01   8.00000E+00   7.12125E-03   3.64191E-03   2.21684E-02
 1.60000E+01   6.00000E-01   8.00000E+00   7.12125E-03   3.64191E-03   2.21684E-02
 1.60000E+01   7.00000E-01   8.00000E+00   7.12125E-03   3.64184E-03   2.21941E-02
 1.60000E+01   8.00000E-01   8.00000E+00   7.12109E-03   3.62771E-03   2.42664E-02
 1.60000E+01   9.00000E-01   8.00000E+00   7.12017E-03   3.58855E-03   2.80688E-02
 1.60000E+01   1.00000E+00   8.00000E+00   7.11743E-03   3.48062E-03   3.03666E-02
 1.60000E+01   1.10000E+00   8.00000E+00   7.10467E-03   3.10249E-03   3.26135E-02
 1.60000E+01   1.20000E+00   8.00000E+00   7.07421E-03   2.55576E-03   3.45228E-02
 1.60000E+01   1.30000E+00   8.00000E+00   7.02708E-03   2.03332E-03   3.45534E-02
 1.60000E+01   1.40000E+00   8.00000E+00   6.96921E-03   1.65862E-03   3.35451E-02
 1.60000E+01   1.50000E+00   8.00000E+00   6.90496E-03   1.42204E-03   3.21343E-02
 1.60000E+01   1.60000E+00   8.00000E+00   6.83562E-03   1.28518E-03   2.97256E-02
 1.60000E+01   1.70000E+00   8.00000E+00   6.76375E-03   1.23013E-03   2.63387E-02
 1.60000E+01   1.80000E+00   8.00000E+00   6.69367E-03   1.23698E-03   2.25915E-02
 1.60000E+01   1.90000E+00   8.00000E+00   6.62954E-03   1.28463E-03   1.85839E-02
 1.60000E+01   2.00000E+00   8.00000E+00   6.57484E-03   1.35201E-03   1.46503E-02
 1.60000E+01   2.10000E+00   8.00000E+00   6.53280E-03   1.43297E-03   1.12615E-02
 1.60000E+01   2.20000E+00   8.00000E+00   6.50538E-03   1.52231E-03   8.26007E-03
 1.60000E+01   2.30000E+00   8.00000E+00   6.49400E-03   1.60737E-03   5.69361E-03
 1.60000E+01   2.40000E+00   8.00000E+00   6.50030E-03   1.67960E-03   3.88051E-03
 1.60000E+01   2.50000E+00   8.00000E+00   6.52596E-03   1.73228E-03   2.85417E-03
 1.60000E+01   2.60000E+00   8.00000E+00   6.57344E-03   1.76803E-03   2.58022E-03
 1.60000E+01   2.70000E+00   8.00000E+00   6.64621E-03   1.80260E-03   2.74399E-03
 1.60000E+01   2.80000E+00   8.00000E+00   6.74674E-03   1.84958E-03   3.10758E-03
 1.60000E+01   2.90000E+00   8.00000E+00   6.87620E-03   1.91865E-03   3.76070E-03
 1.60000E+01   3.00000E+00   8.00000E+00   7.03389E-03   2.00304E-03   4.27174E-03
 1.60000E+01   3.10000E+00   8.00000E+00   7.21766E-03   2.08781E-03   4.63007E-03
 1.60000E+01   3.20000E+00   8.00000E+00   7.42609E-03   2.15623E-03   4.80232E-03
 1.60000E+01   3.30000E+00   8.00000E+00   7.66017E-03   2.20471E-03   5.21650E-03
 1.60000E+01   3.40000E+00   8.00000E+00   7.92429E-03   2.23686E-03   6.15495E-03
 1.60000E+01   3.50000E+00   8.00000E+00   8.22484E-03   2.26520E-03   7.25128E-03
 1.60000E+01   3.60000E+00   8.00000E+00   8.56697E-03   2.29297E-03   7.94549E-03
 1.60000E+01   3.70000E+00   8.00000E+00   8.95308E-03   2.31715E-03   8.22044E-03
 1.60000E+01   3.80000E+00   8.00000E+00   9.38375E-03   2.32611E-03   8.50242E-03
 1.60000E+01   3.90000E+00   8.00000E+00   9.85979E-03   2.31188E-03   8.93019E-03
 1.60000E+01   4.00000E+00   8.00000E+00   1.03823E-02   2.26797E-03   9.31025E-03
 1.60000E+01   4.10000E+00   8.00000E+00   1.09525E-02   2.20087E-03   9.60531E-03
 1.60000E+01   4.20000E+00   8.00000E+00   1.15725E-02   2.12551E-03   9.91313E-03
 1.60000E+01   4.30000E+00   8.00000E+00   1.22462E-02   2.05352E-03   1.02699E-02
 1.60000E+01   4.40000E+00   8.00000E+00   1.29768E-02   1.98699E-03   1.05074E-02
 1.60000E+01   4.50000E+00   8.00000E+00   1.37662E-02   1.92704E-03   1.05885E-02
 1.60000E+01   4.60000E+00   8.00000E+00   1.46149E-02   1.87901E-03   1.05767E-02
 1.60000E+01   4.70000E+00   8.00000E+00   1.55219E-02   1.84636E-03   1.04348E-02
 1.60000E+01   4.80000E+00   8.00000E+00   1.64847E-02   1.82853E-03   1.02614E-02
 1.60000E+01   4.90000E+00   8.00000E+00   1.74997E-02   1.82345E-03   1.02798E-02
 1.60000E+01   5.00000E+00   8.00000E+00   1.85632E-02   1.83028E-03   1.05706E-02
 3.20000E+01   5.00000E-01   1.60000E+01   1.95119E-03   8.23006E-04   1.01985E-02
 3.20000E+01   6.00000E-01   1.60000E+01   1.95119E-03   8.23333E-04   1.01521E-02
 3.20000E+01   7.00000E-01   1.60000E+01   1.95134E-03   8.27932E-04   1.03099E-02
 3.20000E+01   8.00000E-01   1.60000E+01   1.95169E-03   8.32844E-04   1.15095E-02
 3.20000E+01   9.00000E-01   1.60000E+01   1.95158E-03   8.32895E-04   1.32882E-02
 3.20000E+01   1.00000E+00   1.60000E+01   1.95060E-03   8.07499E-04   1.21716E-02
 3.20000E+01   1.10000E+00   1.60000E+01   1.94883E-03   7.28713E-04   1.18540E-02
 3.20000E+01   1.20000E+00   1.60000E+01   1.94655E-03   6.22979E-04   1.18909E-02
 3.20000E+01   1.30000E+00   1.60000E+01   1.94405E-03   5.23571E-04   1.11428E-02
 3.20000E+01   1.40000E+00   1.60000E+01   1.94150E-03   4.49561E-04   1.02510E-02
 3.20000E+01   1.50000E+00   1.60000E+01   1.93893E-03   3.95574E-04   9.55261E-03
 3.20000E+01   1.60000E+00   1.60000E+01   1.93641E-03   3.56972E-04   9.05940E-03
 3.20000E+01   1.70000E+00   1.60000E+01   1.93402E-03   3.35263E-04   9.05629E-03
 3.20000E+01   1.80000E+00   1.60000E+01   1.93195E-03   3.29729E-04   9.39316E-03
 3.20000E+01   1.90000E+00   1.60000E+01   7.43976E+00   7.43752E+00   7.43976E+00
 3.20000E+01   2.00000E+00   1.60000E+01   1.92934E-03   3.53695E-04   1.01816E-02
 3.20000E+01   2.10000E+00   1.60000E+01   1.92906E-03   3.77373E-04   1.05221E-02
 3.20000E+01   2.20000E+00   1.60000E+01   1.92972E-03   4.05483E-04   1.05335E-02
 3.20000E+01   2.30000E+00   1.60000E+01   1.93145E-03   4.36645E-04   1.04236E-02
 3.20000E+01   2.40000E+00   1.60000E+01   1.93445E-03   4.69885E-04   1.01815E-02
 3.20000E+01   2.50000E+00   1.60000E+01   1.93891E-03   5.04786E-04   9.72701E-03
 3.20000E+01   2.60000E+00   1.60000E+01   1.94494E-03   5.40508E-04   9.24916E-03
 3.20000E+01   2.70000E+00   1.60000E+01   1.95259E-03   5.75949E-04   8.68580E-03
 3.20000E+01   2.80000E+00   1.60000E+01   1.96183E-03   6.10363E-04   8.08884E-03
 3.20000E+01   2.90000E+00   1.60000E+01   1.97257E-03   6.43400E-04   7.47139E-03
 3.20000E+01   3.00000E+00   1.60000E+01   1.98474E-03   6.75387E-04   6.93285E-03
 3.20000E+01   3.10000E+00   1.60000E+01   1.99831E-03   7.06707E-04   6.59846E-03
 3.20000E+01   3.20000E+00   1.60000E+01   2.01333E-03   7.37275E-04   6.53554E-03
 3.20000E+01   3.30000E+00   1.60000E+01   2.02990E-03   7.66708E-04   6.71988E-03
 3.20000E+01   3.40000E+00   1.60000E+01   2.04817E-03   7.93949E-04   6.99854E-03
 3.20000E+01   3.50000E+00   1.60000E+01   2.06833E-03   8.18128E-04   7.30862E-03
 3.20000E+01   3.60000E+00   1.60000E+01   2.09056E-03   8.39791E-04   7.65886E-03
 3.20000E+01   3.70000E+00   1.60000E+01   2.11505E-03   8.60579E-04   8.11687E-03
 3.20000E+01   3.80000E+00   1.60000E+01   2.29950E-03   8.05373E-03   8.63324E-03
 3.20000E+01   3.90000E+00   1.60000E+01   2.17133E-03   9.03634E-04   9.11166E-03
 3.20000E+01   4.00000E+00   1.60000E+01   2.20342E-03   9.24475E-04   9.46236E-03
 3.20000E+01   4.10000E+00   1.60000E+01   2.23836E-03   9.43782E-04   9.70670E-03
 3.20000E+01   4.20000E+00   1.60000E+01   2.27623E-03   9.61483E-04   9.86021E-03
 3.20000E+01   4.30000E+00   1.60000E+01   2.31705E-03   9.77238E-04   9.94399E-03
 3.20000E+01   4.40000E+00   1.60000E+01   2.36079E-03   9.90406E-04   9.97826E-03
 3.20000E+01   4.50000E+00   1.60000E+01   2.40744E-03   1.00026E-03   9.97798E-03
 3.20000E+01   4.60000E+00   1.60000E+01   2.45696E-03   1.00639E-03   9.93432E-03
 3.20000E+01   4.70000E+00   1.60000E+01   2.50930E-03   1.00882E-03   9.85916E-03
 3.20000E+01   4.80000E+00   1.60000E+01   2.56433E-03   1.00785E-03   9.76243E-03
 3.20000E+01   4.90000E+00   1.60000E+01   2.62196E-03   1.00369E-03   9.63693E-03
 3.20000E+01   5.00000E+00   1.60000E+01   2.68203E-03   9.96531E-04   9.47151E-03
 6.40000E+01   5.00000E-01   3.20000E+01   4.05205E-04   2.39565E-04   7.39360E-03
 6.40000E+01   6.00000E-01   3.20000E+01   4.05205E-04   2.39604E-04   7.34271E-03
 6.40000E+01   7.00000E-01   3.20000E+01   4.05209E-04   2.39973E-04   7.16782E-03
 6.40000E+01   8.00000E-01   3.20000E+01   4.05214E-04   2.40589E-04   7.17973E-03
 6.40000E+01   9.00000E-01   3.20000E+01   4.05198E-04   2.40775E-04   7.20670E-03
 6.40000E+01   1.00000E+00   3.20000E+01   4.05122E-04   2.31977E-04   5.09308E-03
 6.40000E+01   1.10000E+00   3.20000E+01   4.04971E-04   2.06687E-04   4.70193E-03
 6.40000E+01   1.20000E+00   3.20000E+01   4.04761E-04   1.75243E-04   5.36522E-03
 6.40000E+01   1.30000E+00   3.20000E+01   4.04526E-04   4.31215E-04   5.55898E-03
 6.40000E+01   1.40000E+00   3.20000E+01   4.04288E-04   1.29831E-04   5.60591E-03
 6.40000E+01   1.50000E+00   3.20000E+01   4.04058E-04   1.17794E-04   5.90823E-03
 6.40000E+01   1.60000E+00   3.20000E+01   4.03850E-04   1.11054E-04   6.48329E-03
 6.40000E+01   1.70000E+00   3.20000E+01   4.03685E-04   1.09712E-04   7.10981E-03
 6.40000E+01   1.80000E+00   3.20000E+01   4.03580E-04   1.12802E-04   7.70180E-03
 6.40000E+01   1.90000E+00   3.20000E+01   4.03544E-04   1.19254E-04   8.18769E-03
 6.40000E+01   2.00000E+00   3.20000E+01   4.03587E-04   1.28047E-04   8.51438E-03
 6.40000E+01   2.10000E+00   3.20000E+01   4.03723E-04   1.38254E-04   8.66195E-03
 6.40000E+01   2.20000E+00   3.20000E+01   4.03958E-04   1.49011E-04   8.60313E-03
 6.40000E+01   2.30000E+00   3.20000E+01   4.04293E-04   3.93648E-04   8.42467E-03
 6.40000E+01   2.40000E+00   3.20000E+01   4.04730E-04   3.98460E-04   8.16795E-03
 6.40000E+01   2.50000E+00   3.20000E+01   4.05265E-04   1.83343E-04   7.80995E-03
 6.40000E+01   2.60000E+00   3.20000E+01   4.05892E-04   1.94969E-04   7.43887E-03
 6.40000E+01   2.70000E+00   3.20000E+01   4.06603E-04   2.06233E-04   7.07918E-03
 6.40000E+01   2.80000E+00   3.20000E+01   4.07389E-04   2.16719E-04   6.74382E-03
 6.40000E+01   2.90000E+00   3.20000E+01   4.08243E-04   2.26168E-04   6.44801E-03
 6.40000E+01   3.00000E+00   3.20000E+01   4.09158E-04   2.34465E-04   6.17662E-03
 6.40000E+01   3.10000E+00   3.20000E+01   4.10132E-04   2.41692E-04   5.95219E-03
 6.40000E+01   3.20000E+00   3.20000E+01   4.11170E-04   2.48024E-04   5.79878E-03
 6.40000E+01   3.30000E+00   3.20000E+01   4.12282E-04   2.53658E-04   5.74840E-03
 6.40000E+01   3.40000E+00   3.20000E+01   4.13486E-04   2.58751E-04   5.76779E-03
 6.40000E+01   3.50000E+00   3.20000E+01   4.14798E-04   4.30025E+00   1.52404E+00
 6.40000E+01   3.60000E+00   3.20000E+01   7.73865E+00   2.67253E-04   5.69532E-02
 6.40000E+01   3.70000E+00   3.20000E+01   6.42068E-03   2.70588E-04   5.67077E-02
 6.40000E+01   3.80000E+00   3.20000E+01   8.32394E-01   1.28963E+00   1.57445E+00
 6.40000E+01   3.90000E+00   3.20000E+01   9.58775E+00   2.07901E+00   1.45630E+00
 6.40000E+01   4.00000E+00   3.20000E+01   2.66753E+00   1.52350E+00   1.55590E+00
 6.40000E+01   4.10000E+00   3.20000E+01   6.92936E+00   1.51063E+00   1.47306E+00
 6.40000E+01   4.20000E+00   3.20000E+01   8.35445E+00   1.10210E-02   5.81422E-03
 6.40000E+01   4.30000E+00   3.20000E+01   4.30504E-04   2.81759E-04   5.72346E-03
 6.40000E+01   4.40000E+00   3.20000E+01   4.33233E-04   2.82222E-04   5.62509E-03
 6.40000E+01   4.50000E+00   3.20000E+01   4.36134E-04   2.82355E-04   5.52196E-03
 6.40000E+01   4.60000E+00   3.20000E+01   4.39202E-04   2.82177E-04   5.41642E-03
 6.40000E+01   4.70000E+00   3.20000E+01   4.42431E-04   2.81689E-04   5.30890E-03
 6.40000E+01   4.80000E+00   3.20000E+01   4.45815E-04   2.80895E-04   5.20016E-03
 6.40000E+01   4.90000E+00   3.20000E+01   4.49346E-04   2.79803E-04   5.09189E-03
 6.40000E+01   5.00000E+00   3.20000E+01   4.53017E-04   2.78427E-04   4.98544E-03
 1.28000E+02   5.00000E-01   6.40000E+01   1.16902E-04   7.89325E-05   4.75068E-03
 1.28000E+02   6.00000E-01   6.40000E+01   1.16901E-04   7.89505E-05   4.90822E-03
 1.28000E+02   7.00000E-01   6.40000E+01   1.16896E-04   7.90484E-05   5.63106E-03
 1.28000E+02   8.00000E-01   6.40000E+01   1.16879E-04   7.92831E-05   6.20690E-03
 1.28000E+02   9.00000E-01   6.40000E+01   1.16848E-04   7.95267E-05   6.31508E-03
 1.28000E+02   1.00000E+00   6.40000E+01   1.16805E-04   7.67162E-05   4.70379E-03
 1.28000E+02   1.10000E+00   6.40000E+01   1.16755E-04   6.80320E-05   3.71098E-03
 1.28000E+02   1.20000E+00   6.40000E+01   1.16705E-04   5.71653E-05   3.45436E-03
 1.28000E+02   1.30000E+00   6.40000E+01   1.16658E-04   4.78173E-05   3.13724E-03
 1.28000E+02   1.40000E+00   6.40000E+01   1.16617E-04   4.15217E-05   2.84452E-03
 1.28000E+02   1.50000E+00   6.40000E+01   1.16579E-04   3.72407E-05   2.80474E-03
 1.28000E+02   1.60000E+00   6.40000E+01   1.16547E-04   3.45994E-05   3.12627E-03
 1.28000E+02   1.70000E+00   6.40000E+01   1.16521E-04   3.37171E-05   3.68663E-03
 1.28000E+02   1.80000E+00   6.40000E+01   1.16501E-04   3.43355E-05   4.27269E-03
 1.28000E+02   1.90000E+00   6.40000E+01   1.16487E-04   3.61079E-05   4.77565E-03
 1.28000E+02   2.00000E+00   6.40000E+01   1.16480E-04   3.87537E-05   5.18182E-03
 1.28000E+02   2.10000E+00   6.40000E+01   1.16481E-04   4.20437E-05   5.45225E-03
 1.28000E+02   2.20000E+00   6.40000E+01   1.16489E-04   4.57372E-05   5.55483E-03
 1.28000E+02   2.30000E+00   6.40000E+01   1.16505E-04   4.98831E-05   5.53656E-03
 1.28000E+02   2.40000E+00   6.40000E+01   1.16529E-04   5.43745E-05   5.43123E-03
 1.28000E+02   2.50000E+00   6.40000E+01   1.16559E-04   5.91474E-05   5.22517E-03
 1.28000E+02   2.60000E+00   6.40000E+01   1.16595E-04   6.40700E-05   4.99030E-03
 1.28000E+02   2.70000E+00   6.40000E+01   1.16635E-04   6.89032E-05   4.75613E-03
 1.28000E+02   2.80000E+00   6.40000E+01   1.16678E-04   7.34176E-05   4.53822E-03
 1.28000E+02   2.90000E+00   6.40000E+01   1.16723E-04   7.74756E-05   4.34730E-03
 1.28000E+02   3.00000E+00   6.40000E+01   1.16772E-04   8.10170E-05   4.17665E-03
 1.28000E+02   3.10000E+00   6.40000E+01   1.16824E-04   8.40664E-05   4.04700E-03
 1.28000E+02   3.20000E+00   6.40000E+01   1.65150E-04   2.81785E-02   1.52254E+00
 1.28000E+02   3.30000E+00   6.40000E+01   1.01183E+01   5.82763E+00   5.82763E+00
 1.28000E+02   3.40000E+00   6.40000E+01   1.18499E-02   6.99397E-01   1.45836E+00
 1.28000E+02   3.50000E+00   6.40000E+01   5.82763E+00   5.82763E+00   2.48504E-02
 1.28000E+02   3.60000E+00   6.40000E+01   1.17151E-04   9.36910E-05   4.22261E-03
 1.28000E+02   3.70000E+00   6.40000E+01   1.17234E-04   9.47680E-05   4.27775E-03
 1.28000E+02   3.80000E+00   6.40000E+01   1.17323E-04   9.56590E-05   4.31524E-03
 1.28000E+02   3.90000E+00   6.40000E+01   1.17420E-04   9.64055E-05   4.32584E-03
 1.28000E+02   4.00000E+00   6.40000E+01   1.17525E-04   9.70180E-05   4.30782E-03
 1.28000E+02   4.10000E+00   6.40000E+01   1.17639E-04   9.74902E-05   4.26357E-03
 1.28000E+02   4.20000E+00   6.40000E+01   1.17762E-04   9.78104E-05   4.19761E-03
 1.28000E+02   4.30000E+00   6.40000E+01   1.17895E-04   9.79719E-05   4.11716E-03
 1.28000E+02   4.40000E+00   6.40000E+01   1.18038E-04   9.79831E-05   4.02870E-03
 1.28000E+02   4.50000E+00   6.40000E+01   1.18190E-04   9.78553E-05   3.93320E-03
 1.28000E+02   4.60000E+00   6.40000E+01   1.18352E-04   9.75947E-05   3.83218E-03
 1.28000E+02   4.70000E+00   6.40000E+01   1.18523E-04   9.72051E-05   3.72741E-03
 1.28000E+02   4.80000E+00   6.40000E+01   1.18702E-04   9.66904E-05   3.62073E-03
 1.28000E+02   4.90000E+00   6.40000E+01   1.18890E-04   9.60557E-05   3.51390E-03
 1.28000E+02   5.00000E+00   6.40000E+01   1.19086E-04   9.53073E-05   3.40834E-03
 2.56000E+02   5.00000E-01   1.28000E+02   2.76376E-05   2.73986E-05   3.23563E-03
 2.56000E+02   6.00000E-01   1.28000E+02   2.76376E-05   2.73998E-05   3.25628E-03
 2.56000E+02   7.00000E-01   1.28000E+02   2.76373E-05   2.74208E-05   3.52296E-03
 2.56000E+02   8.00000E-01   1.28000E+02   2.76360E-05   2.74850E-05   3.89858E-03
 2.56000E+02   9.00000E-01   1.28000E+02   2.76329E-05   2.75472E-05   3.94158E-03
 2.56000E+02   1.00000E+00   1.28000E+02   2.76285E-05   2.64784E-05   2.67243E-03
 2.56000E+02   1.10000E+00   1.28000E+02   2.76235E-05   2.33120E-05   1.98382E-03
 2.56000E+02   1.20000E+00   1.28000E+02   2.76188E-05   1.93637E-05   1.94154E-03
 2.56000E+02   1.30000E+00   1.28000E+02   2.76146E-05   1.59530E-05   1.78116E-03
 2.56000E+02   1.40000E+00   1.28000E+02   2.76112E-05   1.36383E-05   1.61312E-03
 2.56000E+02   1.50000E+00   1.28000E+02   2.76082E-05   1.20442E-05   1.62830E-03
 2.56000E+02   1.60000E+00   1.28000E+02   2.76058E-05   1.10282E-05   1.89521E-03
 2.56000E+02   1.70000E+00   1.28000E+02   2.76040E-05   1.06423E-05   2.32462E-03
 2.56000E+02   1.80000E+00   1.28000E+02   2.76027E-05   1.08163E-05   2.76763E-03
 2.56000E+02   1.90000E+00   1.28000E+02   2.76020E-05   1.14156E-05   3.13971E-03
 2.56000E+02   2.00000E+00   1.28000E+02   2.76019E-05   1.23290E-05   3.44032E-03
 2.56000E+02   2.10000E+00   1.28000E+02   2.76025E-05   1.34827E-05   3.64842E-03
 2.56000E+02   2.20000E+00   1.28000E+02   2.76038E-05   1.48028E-05   3.73703E-03
 2.56000E+02   2.30000E+00   1.28000E+02   2.76060E-05   1.63262E-05   3.73333E-03
 2.56000E+02   2.40000E+00   1.28000E+02   2.76089E-05   1.80139E-05   3.66577E-03
 2.56000E+02   2.50000E+00   1.28000E+02   2.76126E-05   1.98375E-05   3.52147E-03
 2.56000E+02   2.60000E+00   1.28000E+02   2.76166E-05   2.17364E-05   3.35542E-03
 2.56000E+02   2.70000E+00   1.28000E+02   2.76210E-05   2.36056E-05   3.19332E-03
 2.56000E+02   2.80000E+00   1.28000E+02   2.76255E-05   2.53497E-05   3.04715E-03
 2.56000E+02   2.90000E+00   1.28000E+02   2.76300E-05   2.69135E-05   2.92560E-03
 2.56000E+02   3.00000E+00   1.28000E+02   2.76345E-05   2.82737E-05   2.82093E-03
 2.56000E+02   3.10000E+00   1.28000E+02   2.76391E-05   2.94401E-05   2.74910E-03
 2.56000E+02   3.20000E+00   1.28000E+02   2.76439E-05   3.04309E-05   2.72613E-03
 2.56000E+02   3.30000E+00   1.28000E+02   2.76487E-05   3.12675E-05   2.76600E-03
 2.56000E+02   3.40000E+00   1.28000E+02   2.76537E-05   3.19754E-05   2.83727E-03
 2.56000E+02   3.50000E+00   1.28000E+02   2.76589E-05   3.25709E-05   2.90910E-03
 2.56000E+02   3.60000E+00   1.28000E+02   2.76642E-05   3.30634E-05   2.96699E-03
 2.56000E+02   3.70000E+00   1.28000E+02   2.76696E-05   3.34650E-05   3.01300E-03
 2.56000E+02   3.80000E+00   1.28000E+02   2.76753E-05   3.37967E-05   3.04453E-03
 2.56000E+02   3.90000E+00   1.28000E+02   2.76813E-05   3.40744E-05   3.05522E-03
 2.56000E+02   4.00000E+00   1.28000E+02   2.76875E-05   3.43023E-05   3.04433E-03
 2.56000E+02   4.10000E+00   1.28000E+02   2.76941E-05   3.44784E-05   3.01387E-03
 2.56000E+02   4.20000E+00   1.28000E+02   2.77011E-05   3.45986E-05   2.96725E-03
 2.56000E+02   4.30000E+00   1.28000E+02   2.77086E-05   3.46605E-05   2.90986E-03
 2.56000E+02   4.40000E+00   1.28000E+02   2.77165E-05   3.46668E-05   2.84672E-03
 2.56000E+02   4.50000E+00   1.28000E+02   2.77248E-05   3.46220E-05   2.77842E-03
 2.56000E+02   4.60000E+00   1.28000E+02   2.77337E-05   3.45285E-05   2.70595E-03
 2.56000E+02   4.70000E+00   1.28000E+02   2.77430E-05   3.43880E-05   2.63069E-03
 2.56000E+02   4.80000E+00   1.28000E+02   2.77528E-05   3.42023E-05   2.55407E-03
 2.56000E+02   4.90000E+00   1.28000E+02   2.77631E-05   3.39731E-05   2.47739E-03
 2.56000E+02   5.00000E+00   1.28000E+02   2.77739E-05   3.37031E-05   2.40170E-03
 5.12000E+02   5.00000E-01   2.56000E+02   7.25118E-06   9.70248E-06   2.28576E-03
 5.12000E+02   6.00000E-01   2.56000E+02   7.25116E-06   9.70380E-06   2.45272E-03
 5.12000E+02   7.00000E-01   2.56000E+02   7.25098E-06   9.71834E-06   2.91098E-03
 5.12000E+02   8.00000E-01   2.56000E+02   7.25049E-06   9.75125E-06   3.15280E-03
 5.12000E+02   9.00000E-01   2.56000E+02   7.24965E-06   9.78309E-06   3.14810E-03
 5.12000E+02   1.00000E+00   2.56000E+02   7.24857E-06   9.41038E-06   2.33470E-03
 5.12000E+02   1.10000E+00   2.56000E+02   7.24740E-06   8.29826E-06   1.87285E-03
 5.12000E+02   1.20000E+00   2.56000E+02   7.24630E-06   6.91866E-06   1.74200E-03
 5.12000E+02   1.30000E+00   2.56000E+02   7.24536E-06   5.73440E-06   1.54798E-03
 5.12000E+02   1.40000E+00   2.56000E+02   7.24456E-06   4.93740E-06   1.36164E-03
 5.12000E+02   1.50000E+00   2.56000E+02   7.24388E-06   4.39135E-06   1.29788E-03
 5.12000E+02   1.60000E+00   2.56000E+02   7.24331E-06   4.04230E-06   1.41422E-03
 5.12000E+02   1.70000E+00   2.56000E+02   7.24285E-06   3.90447E-06   1.67145E-03
 5.12000E+02   1.80000E+00   2.56000E+02   7.24249E-06   3.95528E-06   1.96264E-03
 5.12000E+02   1.90000E+00   2.56000E+02   7.24223E-06   4.15214E-06   2.21553E-03
 5.12000E+02   2.00000E+00   2.56000E+02   7.24206E-06   4.46004E-06   2.42529E-03
 5.12000E+02   2.10000E+00   2.56000E+02   7.24200E-06   4.85634E-06   2.57342E-03
 5.12000E+02   2.20000E+00   2.56000E+02   7.24204E-06   5.31275E-06   2.64821E-03
 5.12000E+02   2.30000E+00   2.56000E+02   7.24219E-06   5.82888E-06   2.67027E-03
 5.12000E+02   2.40000E+00   2.56000E+02   7.24245E-06   6.38666E-06   2.65071E-03
 5.12000E+02   2.50000E+00   2.56000E+02   7.24280E-06   6.96751E-06   2.58316E-03
 5.12000E+02   2.60000E+00   2.56000E+02   7.24323E-06   7.54835E-06   2.49572E-03
 5.12000E+02   2.70000E+00   2.56000E+02   7.24371E-06   8.10096E-06   2.40348E-03
 5.12000E+02   2.80000E+00   2.56000E+02   7.24424E-06   8.60251E-06   2.31551E-03
 5.12000E+02   2.90000E+00   2.56000E+02   7.24478E-06   9.04308E-06   2.23867E-03
 5.12000E+02   3.00000E+00   2.56000E+02   7.24536E-06   9.42028E-06   2.16945E-03
 5.12000E+02   3.10000E+00   2.56000E+02   7.24595E-06   9.73726E-06   2.11608E-03
 5.12000E+02   3.20000E+00   2.56000E+02   7.24658E-06   9.99963E-06   2.08718E-03
 5.12000E+02   3.30000E+00   2.56000E+02   7.24723E-06   1.02154E-05   2.08953E-03
 5.12000E+02   3.40000E+00   2.56000E+02   7.24791E-06   1.03943E-05   2.10752E-03
 5.12000E+02   3.50000E+00   2.56000E+02   7.24861E-06   1.05438E-05   2.12554E-03
 5.12000E+02   3.60000E+00   2.56000E+02   7.24933E-06   1.06677E-05   2.13646E-03
 5.12000E+02   3.70000E+00   2.56000E+02   7.25007E-06   1.07702E-05   2.14136E-03
 5.12000E+02   3.80000E+00   2.56000E+02   7.25082E-06   1.08568E-05   2.13841E-03
 5.12000E+02   3.90000E+00   2.56000E+02   7.25160E-06   1.09316E-05   2.12419E-03
 5.12000E+02   4.00000E+00   2.56000E+02   7.25239E-06   1.09949E-05   2.09850E-03
 5.12000E+02   4.10000E+00   2.56000E+02   7.25322E-06   1.10451E-05   2.06258E-03
 5.12000E+02   4.20000E+00   2.56000E+02   7.25407E-06   1.10804E-05   2.01852E-03
 5.12000E+02   4.30000E+00   2.56000E+02   7.25494E-06   1.10993E-05   1.96955E-03
 5.12000E+02   4.40000E+00   2.56000E+02   7.25585E-06   1.11021E-05   1.91831E-03
 5.12000E+02   4.50000E+00   2.56000E+02   7.25679E-06   1.10898E-05   1.86505E-03
 5.12000E+02   4.60000E+00   2.56000E+02   7.25776E-06   1.10629E-05   1.81041E-03
 5.12000E+02   4.70000E+00   2.56000E+02   7.25876E-06   1.10217E-05   1.75521E-03
 5.12000E+02   4.80000E+00   2.56000E+02   7.25979E-06   1.09666E-05   1.70026E-03
 5.12000E+02   4.90000E+00   2.56000E+02   7.26085E-06   1.08980E-05   1.64627E-03
 5.12000E+02   5.00000E+00   2.56000E+02   7.26194E-06   1.08167E-05   1.59380E-03
