        Grid            PU    Cell/Diam.        Radius       Tangent     Curvature
        Size        Spread                       Error         Error         Error
 1.60000E+01   5.00000E-01   8.00000E+00   1.82486E-02   2.01218E-03   4.72070E-01
 1.60000E+01   6.00000E-01   8.00000E+00   1.82486E-02   2.01218E-03   4.72070E-01
 1.60000E+01   7.00000E-01   8.00000E+00   1.82486E-02   2.01218E-03   4.72069E-01
 1.60000E+01   8.00000E-01   8.00000E+00   1.82485E-02   2.00381E-03   4.71984E-01
 1.60000E+01   9.00000E-01   8.00000E+00   1.82449E-02   1.95366E-03   4.70516E-01
 1.60000E+01   1.00000E+00   8.00000E+00   1.82217E-02   1.87049E-03   4.67913E-01
 1.60000E+01   1.10000E+00   8.00000E+00   1.81592E-02   1.75914E-03   4.68139E-01
 1.60000E+01   1.20000E+00   8.00000E+00   1.80523E-02   1.63233E-03   4.71268E-01
 1.60000E+01   1.30000E+00   8.00000E+00   1.79065E-02   1.51973E-03   4.74706E-01
 1.60000E+01   1.40000E+00   8.00000E+00   1.77330E-02   1.43719E-03   4.76953E-01
 1.60000E+01   1.50000E+00   8.00000E+00   1.75462E-02   1.37550E-03   4.77886E-01
 1.60000E+01   1.60000E+00   8.00000E+00   1.73600E-02   1.31842E-03   4.78028E-01
 1.60000E+01   1.70000E+00   8.00000E+00   1.71867E-02   1.25588E-03   4.77901E-01
 1.60000E+01   1.80000E+00   8.00000E+00   1.70377E-02   1.18293E-03   4.77564E-01
 1.60000E+01   1.90000E+00   8.00000E+00   1.69210E-02   1.10437E-03   4.76962E-01
 1.60000E+01   2.00000E+00   8.00000E+00   1.68396E-02   1.02866E-03   4.76293E-01
 1.60000E+01   2.10000E+00   8.00000E+00   1.67935E-02   9.60168E-04   4.75755E-01
 1.60000E+01   2.20000E+00   8.00000E+00   1.67820E-02   9.01675E-04   4.75255E-01
 1.60000E+01   2.30000E+00   8.00000E+00   1.68067E-02   8.50484E-04   4.74896E-01
 1.60000E+01   2.40000E+00   8.00000E+00   1.68711E-02   8.06477E-04   4.74734E-01
 1.60000E+01   2.50000E+00   8.00000E+00   1.69802E-02   7.67422E-04   4.74635E-01
 1.60000E+01   2.60000E+00   8.00000E+00   1.71398E-02   7.32020E-04   4.74595E-01
 1.60000E+01   2.70000E+00   8.00000E+00   1.73545E-02   7.03698E-04   4.74319E-01
 1.60000E+01   2.80000E+00   8.00000E+00   1.76275E-02   6.85816E-04   4.74197E-01
 1.60000E+01   2.90000E+00   8.00000E+00   1.79610E-02   6.76616E-04   4.74211E-01
 1.60000E+01   3.00000E+00   8.00000E+00   1.83569E-02   6.73624E-04   4.74430E-01
 1.60000E+01   3.10000E+00   8.00000E+00   1.88178E-02   6.75073E-04   4.74388E-01
 1.60000E+01   3.20000E+00   8.00000E+00   1.93468E-02   6.77139E-04   4.74289E-01
 1.60000E+01   3.30000E+00   8.00000E+00   1.99479E-02   6.77469E-04   4.74224E-01
 1.60000E+01   3.40000E+00   8.00000E+00   2.06264E-02   6.75841E-04   4.74104E-01
 1.60000E+01   3.50000E+00   8.00000E+00   2.13892E-02   6.73712E-04   4.74047E-01
 1.60000E+01   3.60000E+00   8.00000E+00   2.21595E+00   2.21501E+00   2.26602E+00
 1.60000E+01   3.70000E+00   8.00000E+00   2.31934E-02   6.80432E-04   4.74581E-01
 1.60000E+01   3.80000E+00   8.00000E+00   1.41946E+02   1.41415E+02   1.42371E+02
 1.60000E+01   3.90000E+00   8.00000E+00   2.54057E-02   7.11532E-04   4.74803E-01
 1.60000E+01   4.00000E+00   8.00000E+00   2.66736E-02   7.34925E-04   4.74780E-01
 1.60000E+01   4.10000E+00   8.00000E+00   2.80496E-02   7.62839E-04   4.74782E-01
 1.60000E+01   4.20000E+00   8.00000E+00   2.95333E-02   7.94209E-04   4.74804E-01
 1.60000E+01   4.30000E+00   8.00000E+00   3.11241E-02   8.27029E-04   4.74862E-01
 1.60000E+01   4.40000E+00   8.00000E+00   3.28200E-02   8.59388E-04   4.74959E-01
 1.60000E+01   4.50000E+00   8.00000E+00   3.46177E-02   8.89951E-04   4.75006E-01
 1.60000E+01   4.60000E+00   8.00000E+00   3.65126E-02   9.18525E-04   4.75034E-01
 1.60000E+01   4.70000E+00   8.00000E+00   3.84986E-02   9.45252E-04   4.75047E-01
 1.60000E+01   4.80000E+00   8.00000E+00   4.05690E-02   9.70154E-04   4.75059E-01
 1.60000E+01   4.90000E+00   8.00000E+00   4.27168E-02   9.92918E-04   4.75103E-01
 1.60000E+01   5.00000E+00   8.00000E+00   4.49357E-02   1.01311E-03   4.75221E-01
 3.20000E+01   5.00000E-01   1.60000E+01   4.46657E-03   2.96187E-04   5.61274E-01
 3.20000E+01   6.00000E-01   1.60000E+01   4.46658E-03   2.96352E-04   5.61308E-01
 3.20000E+01   7.00000E-01   1.60000E+01   4.46679E-03   2.99984E-04   5.61444E-01
 3.20000E+01   8.00000E-01   1.60000E+01   3.07409E-02   3.06452E-04   5.61372E-01
 3.20000E+01   9.00000E-01   1.60000E+01   4.46819E-03   3.10886E-04   5.60669E-01
 3.20000E+01   1.00000E+00   1.60000E+01   4.46692E-03   3.09547E-04   5.60114E-01
 3.20000E+01   1.10000E+00   1.60000E+01   4.46250E-03   2.99397E-04   5.61086E-01
 3.20000E+01   1.20000E+00   1.60000E+01   4.45469E-03   2.80824E-04   5.62580E-01
 3.20000E+01   1.30000E+00   1.60000E+01   4.44420E-03   2.60161E-04   5.63627E-01
 3.20000E+01   1.40000E+00   1.60000E+01   4.43228E-03   2.42052E-04   5.63923E-01
 3.20000E+01   1.50000E+00   1.60000E+01   2.12620E+00   2.12487E+00   2.19997E+00
 3.20000E+01   1.60000E+00   1.60000E+01   4.40839E-03   2.13953E-04   5.63755E-01
 3.20000E+01   1.70000E+00   1.60000E+01   4.39795E-03   2.02830E-04   1.35411E+00
 3.20000E+01   1.80000E+00   1.60000E+01   4.38931E-03   1.93784E-04   5.63097E-01
 3.20000E+01   1.90000E+00   1.60000E+01   4.38280E-03   1.86635E-04   5.62563E-01
 3.20000E+01   2.00000E+00   1.60000E+01   4.37851E-03   1.80974E-04   5.61994E-01
 3.20000E+01   2.10000E+00   1.60000E+01   4.37638E-03   1.76464E-04   5.61391E-01
 3.20000E+01   2.20000E+00   1.60000E+01   4.37631E-03   1.72604E-04   5.60865E-01
 3.20000E+01   2.30000E+00   1.60000E+01   4.37830E-03   1.68958E-04   5.60511E-01
 3.20000E+01   2.40000E+00   1.60000E+01   4.38254E-03   1.64687E-04   5.60066E-01
 3.20000E+01   2.50000E+00   1.60000E+01   4.38949E-03   1.59376E-04   5.59767E-01
 3.20000E+01   2.60000E+00   1.60000E+01   4.39967E-03   1.53414E-04   5.59702E-01
 3.20000E+01   2.70000E+00   1.60000E+01   4.41355E-03   1.47374E-04   5.59970E-01
 3.20000E+01   2.80000E+00   1.60000E+01   4.43139E-03   1.41847E-04   5.60037E-01
 3.20000E+01   2.90000E+00   1.60000E+01   4.45317E-03   1.37490E-04   5.60276E-01
 3.20000E+01   3.00000E+00   1.60000E+01   4.47883E-03   1.34611E-04   5.60439E-01
 3.20000E+01   3.10000E+00   1.60000E+01   4.50839E-03   1.32974E-04   5.60550E-01
 3.20000E+01   3.20000E+00   1.60000E+01   4.54209E-03   1.31972E-04   5.60624E-01
 3.20000E+01   3.30000E+00   1.60000E+01   4.58036E-03   1.31201E-04   5.60592E-01
 3.20000E+01   3.40000E+00   1.60000E+01   4.62378E-03   1.30484E-04   5.60485E-01
 3.20000E+01   3.50000E+00   1.60000E+01   4.67289E-03   1.24568E-02   5.60408E-01
 3.20000E+01   3.60000E+00   1.60000E+01   1.17571E-02   1.29483E-04   5.60344E-01
 3.20000E+01   3.70000E+00   1.60000E+01   4.79003E-03   1.26134E-02   5.60288E-01
 3.20000E+01   3.80000E+00   1.60000E+01   4.85887E-03   1.30876E-04   5.60215E-01
 3.20000E+01   3.90000E+00   1.60000E+01   4.93499E-03   1.31696E-04   5.60187E-01
 3.20000E+01   4.00000E+00   1.60000E+01   5.01894E-03   1.32324E-04   5.60210E-01
 3.20000E+01   4.10000E+00   1.60000E+01   5.11098E-03   1.32884E-04   5.60293E-01
 3.20000E+01   4.20000E+00   1.60000E+01   5.21126E-03   1.33396E-04   5.60428E-01
 3.20000E+01   4.30000E+00   1.60000E+01   5.31979E-03   1.33835E-04   5.60590E-01
 3.20000E+01   4.40000E+00   1.60000E+01   5.43644E-03   1.34159E-04   5.60794E-01
 3.20000E+01   4.50000E+00   1.60000E+01   5.56107E-03   1.34271E-04   5.61049E-01
 3.20000E+01   4.60000E+00   1.60000E+01   5.69342E-03   1.34286E-04   5.61297E-01
 3.20000E+01   4.70000E+00   1.60000E+01   5.83322E-03   1.34320E-04   5.61524E-01
 3.20000E+01   4.80000E+00   1.60000E+01   5.98013E-03   1.34485E-04   5.61742E-01
 3.20000E+01   4.90000E+00   1.60000E+01   6.13378E-03   1.34857E-04   5.61951E-01
 3.20000E+01   5.00000E+00   1.60000E+01   6.29374E-03   1.35473E-04   5.62144E-01
 6.40000E+01   5.00000E-01   3.20000E+01   1.07986E-03   4.68350E-05   6.47243E-01
 6.40000E+01   6.00000E-01   3.20000E+01   1.07986E-03   4.68493E-05   6.47250E-01
 6.40000E+01   7.00000E-01   3.20000E+01   2.97510E+00   3.02131E+00   3.17082E+00
 6.40000E+01   8.00000E-01   3.20000E+01   2.15009E+00   1.97727E+00   2.48505E+00
 6.40000E+01   9.00000E-01   3.20000E+01   2.32062E+00   2.07622E+00   2.00257E+00
 6.40000E+01   1.00000E+00   3.20000E+01   4.31061E+02   4.27051E+02   3.67391E+02
 6.40000E+01   1.10000E+00   3.20000E+01   1.07951E-03   4.47935E-05   6.47640E-01
 6.40000E+01   1.20000E+00   3.20000E+01   1.07899E-03   4.24280E-05   6.48235E-01
 6.40000E+01   1.30000E+00   3.20000E+01   1.07832E-03   4.02952E-05   6.48508E-01
 6.40000E+01   1.40000E+00   3.20000E+01   1.07758E-03   3.87417E-05   6.48444E-01
 6.40000E+01   1.50000E+00   3.20000E+01   1.07683E-03   3.77894E-05   6.48302E-01
 6.40000E+01   1.60000E+00   3.20000E+01   1.07613E-03   3.74391E-05   6.48226E-01
 6.40000E+01   1.70000E+00   3.20000E+01   1.07551E-03   3.76356E-05   6.48072E-01
 6.40000E+01   1.80000E+00   3.20000E+01   1.07500E-03   3.82029E-05   6.47844E-01
 6.40000E+01   1.90000E+00   3.20000E+01   1.07462E-03   3.90173E-05   6.47586E-01
 6.40000E+01   2.00000E+00   3.20000E+01   1.07438E-03   3.99517E-05   6.47331E-01
 6.40000E+01   2.10000E+00   3.20000E+01   1.07428E-03   4.08346E-05   6.47083E-01
 6.40000E+01   2.20000E+00   3.20000E+01   1.07430E-03   4.15010E-05   6.46905E-01
 6.40000E+01   2.30000E+00   3.20000E+01   1.07445E-03   4.17971E-05   6.46784E-01
 6.40000E+01   2.40000E+00   3.20000E+01   1.07474E-03   4.16182E-05   6.46656E-01
 6.40000E+01   2.50000E+00   3.20000E+01   1.07520E-03   4.09578E-05   6.46597E-01
 6.40000E+01   2.60000E+00   3.20000E+01   1.07586E-03   3.98883E-05   6.46622E-01
 6.40000E+01   2.70000E+00   3.20000E+01   1.07675E-03   3.85293E-05   6.46702E-01
 6.40000E+01   2.80000E+00   3.20000E+01   1.07790E-03   3.70251E-05   6.46807E-01
 6.40000E+01   2.90000E+00   3.20000E+01   1.07930E-03   3.54869E-05   6.46907E-01
 6.40000E+01   3.00000E+00   3.20000E+01   1.08094E-03   3.39874E-05   6.46966E-01
 6.40000E+01   3.10000E+00   3.20000E+01   1.08282E-03   3.25601E-05   6.46999E-01
 6.40000E+01   3.20000E+00   3.20000E+01   1.08495E-03   3.12179E-05   6.47004E-01
 6.40000E+01   3.30000E+00   3.20000E+01   1.08736E-03   2.99701E-05   6.46940E-01
 6.40000E+01   3.40000E+00   3.20000E+01   1.09010E-03   2.88417E-05   6.46854E-01
 6.40000E+01   3.50000E+00   3.20000E+01   1.09321E-03   2.78492E-05   6.46798E-01
 6.40000E+01   3.60000E+00   3.20000E+01   1.09672E-03   2.70058E-05   6.46789E-01
 6.40000E+01   3.70000E+00   3.20000E+01   1.10065E-03   2.63182E-05   6.46802E-01
 6.40000E+01   3.80000E+00   3.20000E+01   1.10501E-03   2.57785E-05   6.46795E-01
 6.40000E+01   3.90000E+00   3.20000E+01   1.10985E-03   2.53783E-05   6.46807E-01
 6.40000E+01   4.00000E+00   3.20000E+01   1.11518E-03   2.51166E-05   6.46848E-01
 6.40000E+01   4.10000E+00   3.20000E+01   1.12103E-03   2.49888E-05   6.46916E-01
 6.40000E+01   4.20000E+00   3.20000E+01   1.12740E-03   2.49914E-05   6.47007E-01
 6.40000E+01   4.30000E+00   3.20000E+01   1.13430E-03   2.51206E-05   6.47112E-01
 6.40000E+01   4.40000E+00   3.20000E+01   1.14172E-03   2.53660E-05   6.47203E-01
 6.40000E+01   4.50000E+00   3.20000E+01   1.14963E-03   2.57043E-05   6.47276E-01
 6.40000E+01   4.60000E+00   3.20000E+01   1.15802E-03   2.61135E-05   6.47339E-01
 6.40000E+01   4.70000E+00   3.20000E+01   1.16689E-03   2.65788E-05   6.47396E-01
 6.40000E+01   4.80000E+00   3.20000E+01   1.17620E-03   2.70840E-05   6.47449E-01
 6.40000E+01   4.90000E+00   3.20000E+01   1.18593E-03   2.76108E-05   6.47495E-01
 6.40000E+01   5.00000E+00   3.20000E+01   1.19606E-03   2.81448E-05   6.47531E-01
 1.28000E+02   5.00000E-01   6.40000E+01   2.71324E-04   8.93341E-06   7.28370E-01
 1.28000E+02   6.00000E-01   6.40000E+01   2.71324E-04   8.92573E-06   7.28373E-01
 1.28000E+02   7.00000E-01   6.40000E+01   2.71325E-04   8.89626E-06   7.28377E-01
 1.28000E+02   8.00000E-01   6.40000E+01   2.71327E-04   8.96063E-06   7.28371E-01
 1.28000E+02   9.00000E-01   6.40000E+01   2.71330E-04   9.03485E-06   7.28343E-01
 1.28000E+02   1.00000E+00   6.40000E+01   2.71325E-04   8.95481E-06   7.28380E-01
 1.28000E+02   1.10000E+00   6.40000E+01   2.71310E-04   8.63785E-06   7.28789E-01
 1.28000E+02   1.20000E+00   6.40000E+01   2.71281E-04   8.20749E-06   7.29113E-01
 1.28000E+02   1.30000E+00   6.40000E+01   2.71242E-04   7.87137E-06   7.29188E-01
 1.28000E+02   1.40000E+00   6.40000E+01   2.71198E-04   7.71418E-06   7.29059E-01
 1.28000E+02   1.50000E+00   6.40000E+01   2.71153E-04   7.71646E-06   7.28949E-01
 1.28000E+02   1.60000E+00   6.40000E+01   2.71111E-04   7.85685E-06   7.28921E-01
 1.28000E+02   1.70000E+00   6.40000E+01   2.71074E-04   8.10771E-06   7.28841E-01
 1.28000E+02   1.80000E+00   6.40000E+01   2.71043E-04   8.41226E-06   7.28709E-01
 1.28000E+02   1.90000E+00   6.40000E+01   2.71021E-04   8.73593E-06   7.28557E-01
 1.28000E+02   2.00000E+00   6.40000E+01   2.71008E-04   9.05155E-06   7.28412E-01
 1.28000E+02   2.10000E+00   6.40000E+01   2.71003E-04   9.32333E-06   7.28288E-01
 1.28000E+02   2.20000E+00   6.40000E+01   2.71007E-04   9.51916E-06   7.28223E-01
 1.28000E+02   2.30000E+00   6.40000E+01   2.71019E-04   9.60708E-06   7.28191E-01
 1.28000E+02   2.40000E+00   6.40000E+01   2.71040E-04   9.57191E-06   7.28174E-01
 1.28000E+02   2.50000E+00   6.40000E+01   2.71071E-04   9.41723E-06   7.28184E-01
 1.28000E+02   2.60000E+00   6.40000E+01   2.71115E-04   9.16376E-06   7.28219E-01
 1.28000E+02   2.70000E+00   6.40000E+01   2.71174E-04   8.84433E-06   7.28269E-01
 1.28000E+02   2.80000E+00   6.40000E+01   2.71249E-04   8.49534E-06   7.28323E-01
 1.28000E+02   2.90000E+00   6.40000E+01   2.71339E-04   8.14752E-06   7.28370E-01
 1.28000E+02   3.00000E+00   6.40000E+01   2.71444E-04   7.82012E-06   7.28400E-01
 1.28000E+02   3.10000E+00   6.40000E+01   2.71565E-04   7.52242E-06   7.28418E-01
 1.28000E+02   3.20000E+00   6.40000E+01   2.71701E-04   7.25924E-06   7.28423E-01
 1.28000E+02   3.30000E+00   6.40000E+01   2.71855E-04   7.03335E-06   7.28404E-01
 1.28000E+02   3.40000E+00   6.40000E+01   2.72030E-04   6.84213E-06   7.28381E-01
 1.28000E+02   3.50000E+00   6.40000E+01   2.72228E-04   6.68025E-06   7.28369E-01
 1.28000E+02   3.60000E+00   6.40000E+01   2.72450E-04   6.54403E-06   7.28372E-01
 1.28000E+02   3.70000E+00   6.40000E+01   2.72700E-04   6.43035E-06   7.28377E-01
 1.28000E+02   3.80000E+00   6.40000E+01   2.72976E-04   6.33486E-06   7.28375E-01
 1.28000E+02   3.90000E+00   6.40000E+01   2.73282E-04   6.25342E-06   7.28381E-01
 1.28000E+02   4.00000E+00   6.40000E+01   2.73618E-04   6.18379E-06   7.28397E-01
 1.28000E+02   4.10000E+00   6.40000E+01   2.73987E-04   6.12355E-06   7.28422E-01
 1.28000E+02   4.20000E+00   6.40000E+01   2.74389E-04   6.07058E-06   7.28454E-01
 1.28000E+02   4.30000E+00   6.40000E+01   2.74823E-04   6.02402E-06   7.28490E-01
 1.28000E+02   4.40000E+00   6.40000E+01   2.75288E-04   5.98393E-06   7.28519E-01
 1.28000E+02   4.50000E+00   6.40000E+01   2.75785E-04   5.95013E-06   7.28543E-01
 1.28000E+02   4.60000E+00   6.40000E+01   2.76311E-04   5.92249E-06   7.28566E-01
 1.28000E+02   4.70000E+00   6.40000E+01   2.76865E-04   5.90076E-06   7.28586E-01
 1.28000E+02   4.80000E+00   6.40000E+01   2.77447E-04   5.88448E-06   7.28605E-01
 1.28000E+02   4.90000E+00   6.40000E+01   2.78055E-04   5.87325E-06   7.28622E-01
 1.28000E+02   5.00000E+00   6.40000E+01   2.78687E-04   5.86620E-06   7.28636E-01
