        Grid            PU    Cell/Diam.        Radius       Tangent     Curvature
        Size        Spread                       Error         Error         Error
 1.60000E+01   5.00000E-01   8.00000E+00   4.42108E-03   5.05160E-02   1.00000E+00
 1.60000E+01   6.00000E-01   8.00000E+00   4.42108E-03   5.05160E-02   1.00000E+00
 1.60000E+01   7.00000E-01   8.00000E+00   4.42108E-03   5.05143E-02   1.00038E+00
 1.60000E+01   8.00000E-01   8.00000E+00   4.41646E-03   4.99022E-02   1.03541E+00
 1.60000E+01   9.00000E-01   8.00000E+00   4.35993E-03   4.73907E-02   1.16051E+00
 1.60000E+01   1.00000E+00   8.00000E+00   4.13748E-03   4.45405E-02   1.30579E+00
 1.60000E+01   1.10000E+00   8.00000E+00   3.66394E-03   4.25645E-02   1.39742E+00
 1.60000E+01   1.20000E+00   8.00000E+00   3.03254E-03   4.13029E-02   1.44231E+00
 1.60000E+01   1.30000E+00   8.00000E+00   2.55565E-03   4.08997E-02   1.41850E+00
 1.60000E+01   1.40000E+00   8.00000E+00   2.76219E-03   4.07664E-02   1.34095E+00
 1.60000E+01   1.50000E+00   8.00000E+00   3.79672E-03   4.00513E-02   1.22880E+00
 1.60000E+01   1.60000E+00   8.00000E+00   5.31895E-03   3.86073E-02   1.10285E+00
 1.60000E+01   1.70000E+00   8.00000E+00   7.07550E-03   3.67710E-02   9.55299E-01
 1.60000E+01   1.80000E+00   8.00000E+00   8.94909E-03   3.45381E-02   8.09845E-01
 1.60000E+01   1.90000E+00   8.00000E+00   1.08749E-02   3.22776E-02   6.96305E-01
 1.60000E+01   2.00000E+00   8.00000E+00   1.28143E-02   3.03122E-02   6.21093E-01
 1.60000E+01   2.10000E+00   8.00000E+00   1.47543E-02   2.86993E-02   5.78770E-01
 1.60000E+01   2.20000E+00   8.00000E+00   1.67022E-02   2.73539E-02   5.59210E-01
 1.60000E+01   2.30000E+00   8.00000E+00   1.86804E-02   2.62083E-02   5.51996E-01
 1.60000E+01   2.40000E+00   8.00000E+00   2.07179E-02   2.52144E-02   5.48155E-01
 1.60000E+01   2.50000E+00   8.00000E+00   2.28365E-02   2.43310E-02   5.43482E-01
 1.60000E+01   2.60000E+00   8.00000E+00   2.50507E-02   2.35360E-02   5.37931E-01
 1.60000E+01   2.70000E+00   8.00000E+00   2.73653E-02   2.28273E-02   5.27518E-01
 1.60000E+01   2.80000E+00   8.00000E+00   2.97764E-02   2.22133E-02   5.15950E-01
 1.60000E+01   2.90000E+00   8.00000E+00   3.22765E-02   2.16998E-02   5.06481E-01
 1.60000E+01   3.00000E+00   8.00000E+00   3.48584E-02   2.12919E-02   5.00199E-01
 1.60000E+01   3.10000E+00   8.00000E+00   3.75172E-02   2.10117E-02   4.94788E-01
 1.60000E+01   3.20000E+00   8.00000E+00   4.02507E-02   2.08921E-02   4.90212E-01
 1.60000E+01   3.30000E+00   8.00000E+00   4.30586E-02   2.09266E-02   4.87233E-01
 1.60000E+01   3.40000E+00   8.00000E+00   4.59411E-02   2.11018E-02   4.85435E-01
 1.60000E+01   3.50000E+00   8.00000E+00   4.88998E-02   2.14124E-02   4.84131E-01
 1.60000E+01   3.60000E+00   8.00000E+00   5.19372E-02   2.18411E-02   4.83739E-01
 1.60000E+01   3.70000E+00   8.00000E+00   5.50555E-02   2.23638E-02   4.84642E-01
 1.60000E+01   3.80000E+00   8.00000E+00   5.82560E-02   2.29498E-02   4.85697E-01
 1.60000E+01   3.90000E+00   8.00000E+00   6.15385E-02   2.35710E-02   4.86133E-01
 1.60000E+01   4.00000E+00   8.00000E+00   6.49015E-02   2.42176E-02   4.85721E-01
 1.60000E+01   4.10000E+00   8.00000E+00   6.83419E-02   2.48853E-02   4.84569E-01
 1.60000E+01   4.20000E+00   8.00000E+00   7.18551E-02   2.55650E-02   4.83248E-01
 1.60000E+01   4.30000E+00   8.00000E+00   7.54359E-02   2.62328E-02   4.81937E-01
 1.60000E+01   4.40000E+00   8.00000E+00   7.90797E-02   2.68604E-02   4.80456E-01
 1.60000E+01   4.50000E+00   8.00000E+00   8.27820E-02   2.74292E-02   4.78858E-01
 1.60000E+01   4.60000E+00   8.00000E+00   8.65374E-02   2.79309E-02   4.77132E-01
 1.60000E+01   4.70000E+00   8.00000E+00   9.03400E-02   2.83633E-02   4.75127E-01
 1.60000E+01   4.80000E+00   8.00000E+00   9.41836E-02   2.87300E-02   4.72963E-01
 1.60000E+01   4.90000E+00   8.00000E+00   9.80615E-02   2.90375E-02   4.70736E-01
 1.60000E+01   5.00000E+00   8.00000E+00   1.01967E-01   2.92924E-02   4.68546E-01
 3.20000E+01   5.00000E-01   1.60000E+01   1.11313E-03   2.70664E-02   1.00000E+00
 3.20000E+01   6.00000E-01   1.60000E+01   1.11316E-03   2.70811E-02   9.97877E-01
 3.20000E+01   7.00000E-01   1.60000E+01   1.11528E-03   2.73416E-02   9.91722E-01
 3.20000E+01   8.00000E-01   1.60000E+01   1.12205E-03   2.76526E-02   1.02794E+00
 3.20000E+01   9.00000E-01   1.60000E+01   1.11642E-03   2.77191E-02   1.19817E+00
 3.20000E+01   1.00000E+00   1.60000E+01   1.06092E-03   2.75857E-02   1.34479E+00
 3.20000E+01   1.10000E+00   1.60000E+01   9.44554E-04   2.71051E-02   1.46750E+00
 3.20000E+01   1.20000E+00   1.60000E+01   7.95050E-04   2.63322E-02   1.54249E+00
 3.20000E+01   1.30000E+00   1.60000E+01   7.05240E-04   2.54688E-02   1.51570E+00
 3.20000E+01   1.40000E+00   1.60000E+01   7.97976E-04   2.45507E-02   1.39303E+00
 3.20000E+01   1.50000E+00   1.60000E+01   1.06808E-03   2.34948E-02   1.25134E+00
 3.20000E+01   1.60000E+00   1.60000E+01   1.43388E-03   2.22198E-02   1.11536E+00
 3.20000E+01   1.70000E+00   1.60000E+01   1.84803E-03   2.07429E-02   9.55077E-01
 3.20000E+01   1.80000E+00   1.60000E+01   2.28994E-03   1.91913E-02   8.04978E-01
 3.20000E+01   1.90000E+00   1.60000E+01   2.74955E-03   1.77094E-02   6.97557E-01
 3.20000E+01   2.00000E+00   1.60000E+01   3.22087E-03   1.64154E-02   6.39766E-01
 3.20000E+01   2.10000E+00   1.60000E+01   3.69952E-03   1.53620E-02   6.14678E-01
 3.20000E+01   2.20000E+00   1.60000E+01   4.18272E-03   1.45221E-02   6.01572E-01
 3.20000E+01   2.30000E+00   1.60000E+01   4.67141E-03   1.38027E-02   5.97979E-01
 3.20000E+01   2.40000E+00   1.60000E+01   5.17109E-03   1.31712E-02   5.86278E-01
 3.20000E+01   2.50000E+00   1.60000E+01   5.69005E-03   1.26075E-02   5.73756E-01
 3.20000E+01   2.60000E+00   1.60000E+01   6.23536E-03   1.20826E-02   5.65866E-01
 3.20000E+01   2.70000E+00   1.60000E+01   6.81078E-03   1.15809E-02   5.61359E-01
 3.20000E+01   2.80000E+00   1.60000E+01   7.41603E-03   1.10963E-02   5.59300E-01
 3.20000E+01   2.90000E+00   1.60000E+01   8.04773E-03   1.06156E-02   5.60252E-01
 3.20000E+01   3.00000E+00   1.60000E+01   8.70151E-03   1.01365E-02   5.62473E-01
 3.20000E+01   3.10000E+00   1.60000E+01   9.37425E-03   9.66148E-03   5.64868E-01
 3.20000E+01   3.20000E+00   1.60000E+01   1.00648E-02   9.20487E-03   5.67395E-01
 3.20000E+01   3.30000E+00   1.60000E+01   1.07739E-02   8.78141E-03   5.67553E-01
 3.20000E+01   3.40000E+00   1.60000E+01   1.15030E-02   8.40006E-03   5.65502E-01
 3.20000E+01   3.50000E+00   1.60000E+01   1.22535E-02   8.06423E-03   5.64185E-01
 3.20000E+01   3.60000E+00   1.60000E+01   1.30259E-02   7.77093E-03   5.63819E-01
 3.20000E+01   3.70000E+00   1.60000E+01   1.38204E-02   7.51123E-03   5.64182E-01
 3.20000E+01   3.80000E+00   1.60000E+01   1.46365E-02   7.28126E-03   5.64940E-01
 3.20000E+01   3.90000E+00   1.60000E+01   1.54742E-02   7.07857E-03   5.66879E-01
 3.20000E+01   4.00000E+00   1.60000E+01   1.63331E-02   6.90005E-03   5.68832E-01
 3.20000E+01   4.10000E+00   1.60000E+01   1.72125E-02   6.74506E-03   5.71484E-01
 3.20000E+01   4.20000E+00   1.60000E+01   1.81113E-02   6.61302E-03   5.75095E-01
 3.20000E+01   4.30000E+00   1.60000E+01   1.90277E-02   6.50358E-03   5.79912E-01
 3.20000E+01   4.40000E+00   1.60000E+01   1.99598E-02   6.41450E-03   5.85808E-01
 3.20000E+01   4.50000E+00   1.60000E+01   2.09054E-02   6.34494E-03   5.92849E-01
 3.20000E+01   4.60000E+00   1.60000E+01   2.18622E-02   6.29528E-03   6.00413E-01
 3.20000E+01   4.70000E+00   1.60000E+01   2.28281E-02   6.26473E-03   6.07623E-01
 3.20000E+01   4.80000E+00   1.60000E+01   2.38010E-02   6.25191E-03   6.14405E-01
 3.20000E+01   4.90000E+00   1.60000E+01   2.47788E-02   6.25467E-03   6.20702E-01
 3.20000E+01   5.00000E+00   1.60000E+01   2.57594E-02   6.27052E-03   6.26372E-01
 6.40000E+01   5.00000E-01   3.20000E+01   2.71207E-04   1.45234E-02   1.00000E+00
 6.40000E+01   6.00000E-01   3.20000E+01   2.71228E-04   1.45358E-02   9.97459E-01
 6.40000E+01   7.00000E-01   3.20000E+01   2.71813E-04   1.46483E-02   9.91306E-01
 6.40000E+01   8.00000E-01   3.20000E+01   2.73626E-04   1.47537E-02   1.04604E+00
 6.40000E+01   9.00000E-01   3.20000E+01   2.72285E-04   1.47549E-02   1.21410E+00
 6.40000E+01   1.00000E+00   3.20000E+01   2.57903E-04   1.46713E-02   1.36171E+00
 6.40000E+01   1.10000E+00   3.20000E+01   2.26549E-04   1.44019E-02   1.49639E+00
 6.40000E+01   1.20000E+00   3.20000E+01   1.86800E-04   1.39608E-02   1.57990E+00
 6.40000E+01   1.30000E+00   3.20000E+01   1.68390E-04   1.34438E-02   1.54951E+00
 6.40000E+01   1.40000E+00   3.20000E+01   2.02649E-04   1.29019E-02   1.41747E+00
 6.40000E+01   1.50000E+00   3.20000E+01   2.78394E-04   1.23195E-02   1.26599E+00
 6.40000E+01   1.60000E+00   3.20000E+01   3.73630E-04   1.16407E-02   1.11872E+00
 6.40000E+01   1.70000E+00   3.20000E+01   4.78265E-04   1.08809E-02   9.45081E-01
 6.40000E+01   1.80000E+00   3.20000E+01   5.87791E-04   1.00955E-02   7.90708E-01
 6.40000E+01   1.90000E+00   3.20000E+01   7.00429E-04   9.35206E-03   6.93704E-01
 6.40000E+01   2.00000E+00   3.20000E+01   8.15585E-04   8.71374E-03   6.54390E-01
 6.40000E+01   2.10000E+00   3.20000E+01   9.32607E-04   8.20748E-03   6.45697E-01
 6.40000E+01   2.20000E+00   3.20000E+01   1.05089E-03   7.82339E-03   6.42904E-01
 6.40000E+01   2.30000E+00   3.20000E+01   1.17065E-03   7.51619E-03   6.42861E-01
 6.40000E+01   2.40000E+00   3.20000E+01   1.29339E-03   7.25117E-03   6.26248E-01
 6.40000E+01   2.50000E+00   3.20000E+01   1.42126E-03   6.99535E-03   6.11453E-01
 6.40000E+01   2.60000E+00   3.20000E+01   1.55601E-03   6.72488E-03   6.05975E-01
 6.40000E+01   2.70000E+00   3.20000E+01   1.69869E-03   6.43694E-03   6.07011E-01
 6.40000E+01   2.80000E+00   3.20000E+01   1.84930E-03   6.13708E-03   6.12463E-01
 6.40000E+01   2.90000E+00   3.20000E+01   2.00695E-03   5.83264E-03   6.21051E-01
 6.40000E+01   3.00000E+00   3.20000E+01   2.17037E-03   5.52896E-03   6.28710E-01
 6.40000E+01   3.10000E+00   3.20000E+01   2.33860E-03   5.22802E-03   6.36480E-01
 6.40000E+01   3.20000E+00   3.20000E+01   2.51136E-03   4.93875E-03   6.42358E-01
 6.40000E+01   3.30000E+00   3.20000E+01   2.68889E-03   4.67084E-03   6.41487E-01
 6.40000E+01   3.40000E+00   3.20000E+01   2.87161E-03   4.42739E-03   6.36625E-01
 6.40000E+01   3.50000E+00   3.20000E+01   3.05986E-03   4.20794E-03   6.32591E-01
 6.40000E+01   3.60000E+00   3.20000E+01   3.25379E-03   4.01053E-03   6.31158E-01
 6.40000E+01   3.70000E+00   3.20000E+01   3.45326E-03   3.83061E-03   6.31730E-01
 6.40000E+01   3.80000E+00   3.20000E+01   3.65810E-03   3.66350E-03   6.31287E-01
 6.40000E+01   3.90000E+00   3.20000E+01   3.86821E-03   3.50684E-03   6.31947E-01
 6.40000E+01   4.00000E+00   3.20000E+01   4.08355E-03   3.36034E-03   6.34429E-01
 6.40000E+01   4.10000E+00   3.20000E+01   4.30399E-03   3.22494E-03   6.38610E-01
 6.40000E+01   4.20000E+00   3.20000E+01   4.52919E-03   3.10110E-03   6.44341E-01
 6.40000E+01   4.30000E+00   3.20000E+01   4.75863E-03   2.98990E-03   6.51441E-01
 6.40000E+01   4.40000E+00   3.20000E+01   4.99170E-03   2.89343E-03   6.58656E-01
 6.40000E+01   4.50000E+00   3.20000E+01   5.22780E-03   2.81391E-03   6.65591E-01
 6.40000E+01   4.60000E+00   3.20000E+01   5.46634E-03   2.75315E-03   6.72343E-01
 6.40000E+01   4.70000E+00   3.20000E+01   5.70676E-03   2.71199E-03   6.78965E-01
 6.40000E+01   4.80000E+00   3.20000E+01   5.94848E-03   2.69004E-03   6.85456E-01
 6.40000E+01   4.90000E+00   3.20000E+01   6.19096E-03   2.68623E-03   6.91657E-01
 6.40000E+01   5.00000E+00   3.20000E+01   6.43367E-03   2.69879E-03   6.97357E-01
 1.28000E+02   5.00000E-01   6.40000E+01   6.82629E-05   7.45481E-03   9.99998E-01
 1.28000E+02   6.00000E-01   6.40000E+01   6.82722E-05   7.46156E-03   9.97406E-01
 1.28000E+02   7.00000E-01   6.40000E+01   6.84222E-05   7.51313E-03   9.95122E-01
 1.28000E+02   8.00000E-01   6.40000E+01   6.87676E-05   7.56899E-03   1.05675E+00
 1.28000E+02   9.00000E-01   6.40000E+01   6.82132E-05   7.55508E-03   1.22815E+00
 1.28000E+02   1.00000E+00   6.40000E+01   6.44925E-05   7.47885E-03   1.37261E+00
 1.28000E+02   1.10000E+00   6.40000E+01   5.67733E-05   7.32576E-03   1.50927E+00
 1.28000E+02   1.20000E+00   6.40000E+01   4.72937E-05   7.10376E-03   1.60235E+00
 1.28000E+02   1.30000E+00   6.40000E+01   4.33221E-05   6.84271E-03   1.57460E+00
 1.28000E+02   1.40000E+00   6.40000E+01   5.21672E-05   6.56041E-03   1.42877E+00
 1.28000E+02   1.50000E+00   6.40000E+01   7.09579E-05   6.26256E-03   1.26863E+00
 1.28000E+02   1.60000E+00   6.40000E+01   9.43969E-05   5.92563E-03   1.11725E+00
 1.28000E+02   1.70000E+00   6.40000E+01   1.20095E-04   5.54758E-03   9.40498E-01
 1.28000E+02   1.80000E+00   6.40000E+01   1.47016E-04   5.15542E-03   7.87854E-01
 1.28000E+02   1.90000E+00   6.40000E+01   1.74782E-04   4.78481E-03   7.00982E-01
 1.28000E+02   2.00000E+00   6.40000E+01   2.03277E-04   4.46260E-03   6.79097E-01
 1.28000E+02   2.10000E+00   6.40000E+01   2.32345E-04   4.20293E-03   6.85051E-01
 1.28000E+02   2.20000E+00   6.40000E+01   2.61844E-04   4.00535E-03   6.90605E-01
 1.28000E+02   2.30000E+00   6.40000E+01   2.91799E-04   3.85015E-03   6.92526E-01
 1.28000E+02   2.40000E+00   6.40000E+01   3.22555E-04   3.71820E-03   6.71913E-01
 1.28000E+02   2.50000E+00   6.40000E+01   3.54613E-04   3.59346E-03   6.54526E-01
 1.28000E+02   2.60000E+00   6.40000E+01   3.88386E-04   3.46495E-03   6.49699E-01
 1.28000E+02   2.70000E+00   6.40000E+01   4.24108E-04   3.33198E-03   6.54606E-01
 1.28000E+02   2.80000E+00   6.40000E+01   4.61764E-04   3.19844E-03   6.66600E-01
 1.28000E+02   2.90000E+00   6.40000E+01   5.01125E-04   3.06974E-03   6.82084E-01
 1.28000E+02   3.00000E+00   6.40000E+01   5.41880E-04   2.94903E-03   6.95308E-01
 1.28000E+02   3.10000E+00   6.40000E+01   5.83799E-04   2.83593E-03   7.06952E-01
 1.28000E+02   3.20000E+00   6.40000E+01   6.26828E-04   2.73172E-03   7.14769E-01
 1.28000E+02   3.30000E+00   6.40000E+01   6.71036E-04   2.63749E-03   7.12782E-01
 1.28000E+02   3.40000E+00   6.40000E+01   7.16531E-04   2.55246E-03   7.07064E-01
 1.28000E+02   3.50000E+00   6.40000E+01   7.63407E-04   2.47545E-03   7.03532E-01
 1.28000E+02   3.60000E+00   6.40000E+01   8.11702E-04   2.40538E-03   7.03927E-01
 1.28000E+02   3.70000E+00   6.40000E+01   8.61388E-04   2.34006E-03   7.05312E-01
 1.28000E+02   3.80000E+00   6.40000E+01   9.12421E-04   2.27677E-03   7.05079E-01
 1.28000E+02   3.90000E+00   6.40000E+01   9.64783E-04   2.21318E-03   7.06741E-01
 1.28000E+02   4.00000E+00   6.40000E+01   1.01847E-03   2.14900E-03   7.11045E-01
 1.28000E+02   4.10000E+00   6.40000E+01   1.07345E-03   2.08493E-03   7.17752E-01
 1.28000E+02   4.20000E+00   6.40000E+01   1.12962E-03   2.02163E-03   7.26622E-01
 1.28000E+02   4.30000E+00   6.40000E+01   1.18686E-03   1.95993E-03   7.36962E-01
 1.28000E+02   4.40000E+00   6.40000E+01   1.24500E-03   1.90080E-03   7.46610E-01
 1.28000E+02   4.50000E+00   6.40000E+01   1.30389E-03   1.84518E-03   7.55772E-01
 1.28000E+02   4.60000E+00   6.40000E+01   1.36337E-03   1.79430E-03   7.64634E-01
 1.28000E+02   4.70000E+00   6.40000E+01   1.42332E-03   1.74916E-03   7.73245E-01
 1.28000E+02   4.80000E+00   6.40000E+01   1.48356E-03   1.71016E-03   7.81587E-01
 1.28000E+02   4.90000E+00   6.40000E+01   1.54398E-03   1.67740E-03   7.89498E-01
 1.28000E+02   5.00000E+00   6.40000E+01   1.60442E-03   1.65070E-03   7.96765E-01
