        Grid    Cell/Diam.        Center        Center        Center        Radius       Tangent     Curvature
        Size                           X             Y             Z         Error         Error         Error
 1.60000E+01   8.00000E+00   3.12300E-02  -3.69121E-03   0.00000E+00   5.05656E-03   7.37146E-02   7.32335E-01
 1.60000E+01   8.00000E+00  -2.17374E-02  -2.72733E-02   0.00000E+00   6.14845E-03   5.80550E-02   4.96035E-01
 1.60000E+01   8.00000E+00   8.48430E-03   9.19915E-03   0.00000E+00   4.86474E-03   6.24856E-02   8.96520E-01
 1.60000E+01   8.00000E+00  -2.13459E-02  -1.74111E-02   0.00000E+00   5.23237E-03   5.74292E-02   6.21885E-01
 1.60000E+01   8.00000E+00  -1.66423E-02  -1.17797E-02   0.00000E+00   5.41848E-03   6.51028E-02   6.00603E-01
 1.60000E+01   8.00000E+00  -1.41520E-02   1.69001E-02   0.00000E+00   7.07419E-03   5.80906E-02   5.18885E-01
 1.60000E+01   8.00000E+00  -2.38013E-03   2.65240E-02   0.00000E+00   3.18102E-03   3.63947E-02   9.91763E-01
 1.60000E+01   8.00000E+00   2.22281E-02   2.40663E-02   0.00000E+00   6.81087E-03   7.48319E-02   7.69623E-01
 1.60000E+01   8.00000E+00  -1.88065E-02  -7.88376E-03   0.00000E+00   6.28435E-03   8.71816E-02   8.35866E-01
 1.60000E+01   8.00000E+00  -1.25773E-02  -2.30494E-02   0.00000E+00   4.92419E-03   5.71623E-02   6.74649E-01
 1.60000E+01   8.00000E+00   1.10635E-02  -2.18903E-03   0.00000E+00   5.18690E-03   6.12374E-02   7.00163E-01
 1.60000E+01   8.00000E+00   2.26461E-02   4.03252E-03   0.00000E+00   3.04911E-03   3.39099E-02   7.56954E-01
 1.60000E+01   8.00000E+00   7.69894E-03  -1.12598E-02   0.00000E+00   7.44490E-03   6.41592E-02   8.53673E-01
 1.60000E+01   8.00000E+00  -2.83817E-02   5.58236E-03   0.00000E+00   7.54080E-03   8.26702E-02   8.88670E-01
 1.60000E+01   8.00000E+00  -1.73026E-02  -1.25030E-02   0.00000E+00   3.82306E-03   8.44359E-02   1.16969E+00
 1.60000E+01   8.00000E+00   2.41580E-02   1.70434E-02   0.00000E+00   7.98221E-03   8.59260E-02   1.21887E+00
 1.60000E+01   8.00000E+00  -1.83878E-03   5.15442E-04   0.00000E+00   5.72254E-03   5.76286E-02   6.01117E-01
 1.60000E+01   8.00000E+00  -7.98404E-03  -1.67906E-02   0.00000E+00   5.46976E-03   6.74078E-02   7.28296E-01
 1.60000E+01   8.00000E+00   7.18031E-03   2.48169E-02   0.00000E+00   6.69453E-03   8.14411E-02   1.27284E+00
 1.60000E+01   8.00000E+00   9.49523E-04   6.52556E-03   0.00000E+00   4.53095E-03   4.50129E-02   6.74058E-01
 1.60000E+01   8.00000E+00  -1.06011E-02  -1.31346E-02   0.00000E+00   8.31033E-03   7.59165E-02   7.00039E-01
 1.60000E+01   8.00000E+00  -1.62889E-02   2.73756E-02   0.00000E+00   6.82549E-03   6.52544E-02   8.63746E-01
 1.60000E+01   8.00000E+00   1.80123E-02   4.76422E-03   0.00000E+00   2.57384E-03   4.26022E-02   7.69791E-01
 1.60000E+01   8.00000E+00   1.16090E-02  -2.76722E-02   0.00000E+00   6.92228E-03   7.83326E-02   6.96259E-01
 1.60000E+01   8.00000E+00  -1.78793E-02  -2.47390E-03   0.00000E+00   5.40166E-03   6.54280E-02   6.33438E-01
 1.60000E+01   8.00000E+00  -6.21529E-03  -2.53607E-02   0.00000E+00   5.71908E-03   6.31412E-02   6.66769E-01
 1.60000E+01   8.00000E+00   4.57258E-04  -5.52389E-03   0.00000E+00   5.99471E-03   5.58372E-02   4.72291E-01
 1.60000E+01   8.00000E+00  -3.02056E-03   1.42112E-02   0.00000E+00   7.29146E-03   6.60573E-02   6.38029E-01
 1.60000E+01   8.00000E+00   2.13497E-02   3.07614E-02   0.00000E+00   6.45064E-03   6.51102E-02   8.59763E-01
 1.60000E+01   8.00000E+00  -2.75402E-03  -1.91319E-02   0.00000E+00   4.81862E-03   8.75948E-02   7.96470E-01
 1.60000E+01   8.00000E+00  -1.67790E-02   3.11897E-02   0.00000E+00   6.26218E-03   4.42077E-02   5.82766E-01
 1.60000E+01   8.00000E+00  -1.59939E-03  -9.01217E-03   0.00000E+00   8.48350E-03   8.70095E-02   6.41464E-01
 1.60000E+01   8.00000E+00   2.78346E-02   1.23370E-02   0.00000E+00   8.65712E-03   9.39627E-02   1.53672E+00
 1.60000E+01   8.00000E+00  -2.54595E-02  -2.83348E-02   0.00000E+00   6.37694E-03   4.30995E-02   5.61366E-01
 1.60000E+01   8.00000E+00  -2.07714E-02  -2.93304E-02   0.00000E+00   6.54653E-03   5.17215E-02   6.92480E-01
 1.60000E+01   8.00000E+00   1.35919E-03  -1.65622E-03   0.00000E+00   5.68577E-03   6.36708E-02   8.04738E-01
 1.60000E+01   8.00000E+00   1.81729E-02  -2.37399E-02   0.00000E+00   7.34727E-03   5.89899E-02   6.84660E-01
 1.60000E+01   8.00000E+00  -1.37324E-03   4.18894E-03   0.00000E+00   5.42320E-03   5.45606E-02   6.18561E-01
 1.60000E+01   8.00000E+00  -7.04873E-03   1.97491E-03   0.00000E+00   7.14289E-03   6.73067E-02   6.10619E-01
 1.60000E+01   8.00000E+00  -2.98170E-02  -6.52190E-03   0.00000E+00   6.33498E-03   5.98022E-02   6.52171E-01
 1.60000E+01   8.00000E+00  -2.04116E-02  -2.89031E-02   0.00000E+00   6.22627E-03   5.44887E-02   5.03933E-01
 1.60000E+01   8.00000E+00   7.73128E-03   1.16613E-02   0.00000E+00   2.33094E-03   4.13968E-02   4.53264E-01
 1.60000E+01   8.00000E+00  -2.53913E-02   1.22395E-02   0.00000E+00   7.04119E-03   6.68779E-02   9.46545E-01
 1.60000E+01   8.00000E+00   1.49577E-02  -1.20157E-02   0.00000E+00   7.55347E-03   6.75494E-02   4.65795E-01
 1.60000E+01   8.00000E+00   3.00361E-02  -6.93385E-03   0.00000E+00   5.95717E-03   7.00673E-02   1.30283E+00
 1.60000E+01   8.00000E+00  -2.38295E-03  -2.98446E-02   0.00000E+00   4.89899E-03   5.86166E-02   6.19688E-01
 1.60000E+01   8.00000E+00   7.94998E-03  -1.63221E-02   0.00000E+00   6.72268E-03   6.40628E-02   7.77774E-01
 1.60000E+01   8.00000E+00   2.58230E-02   2.91376E-02   0.00000E+00   8.53498E-03   6.97814E-02   1.05316E+00
 1.60000E+01   8.00000E+00   2.97492E-02  -8.61905E-03   0.00000E+00   4.01058E-03   4.40466E-02   5.42898E-01
 1.60000E+01   8.00000E+00   1.54716E-02   1.82719E-02   0.00000E+00   7.28584E-03   9.93703E-02   9.57947E-01
 1.60000E+01   8.00000E+00   2.00275E-02  -8.11376E-03   0.00000E+00   5.87852E-03   4.79500E-02   8.74375E-01
 1.60000E+01   8.00000E+00  -3.59964E-03   2.84703E-02   0.00000E+00   4.38891E-03   3.77580E-02   3.48859E-01
 1.60000E+01   8.00000E+00  -1.64305E-02   1.06609E-02   0.00000E+00   6.67631E-03   5.94348E-02   7.41221E-01
 1.60000E+01   8.00000E+00   2.27585E-02  -9.10082E-03   0.00000E+00   5.85103E-03   4.14639E-02   5.26132E-01
 1.60000E+01   8.00000E+00  -2.02979E-02   1.29218E-02   0.00000E+00   6.62149E-03   7.06683E-02   9.08572E-01
 1.60000E+01   8.00000E+00   9.63076E-03  -3.70820E-04   0.00000E+00   4.63094E-03   3.44740E-02   7.63549E-01
 1.60000E+01   8.00000E+00  -1.15844E-02  -4.06983E-04   0.00000E+00   6.89433E-03   6.06548E-02   6.23027E-01
 1.60000E+01   8.00000E+00  -1.19996E-02  -1.02172E-02   0.00000E+00   6.79015E-03   8.28172E-02   1.04306E+00
 1.60000E+01   8.00000E+00  -1.40821E-02   3.68032E-03   0.00000E+00   6.64900E-03   6.98514E-02   7.09012E-01
 1.60000E+01   8.00000E+00   6.86001E-03  -2.95134E-03   0.00000E+00   6.93097E-03   6.45686E-02   7.95934E-01
 1.60000E+01   8.00000E+00   9.31797E-03   6.97331E-03   0.00000E+00   5.22191E-03   5.82982E-02   6.55552E-01
 1.60000E+01   8.00000E+00   1.55109E-02   7.57755E-03   0.00000E+00   3.02318E-03   5.47665E-02   9.74843E-01
 1.60000E+01   8.00000E+00  -2.31110E-02   4.71157E-03   0.00000E+00   6.65417E-03   7.39457E-02   7.77750E-01
 1.60000E+01   8.00000E+00  -2.11752E-02  -2.47496E-03   0.00000E+00   4.49279E-03   7.42155E-02   7.23412E-01
 1.60000E+01   8.00000E+00   1.77809E-02   1.37268E-02   0.00000E+00   3.34352E-03   5.52411E-02   9.43465E-01
 1.60000E+01   8.00000E+00   2.52355E-04  -1.90900E-02   0.00000E+00   5.39322E-03   7.09434E-02   7.31977E-01
 1.60000E+01   8.00000E+00   1.25526E-02   9.58215E-03   0.00000E+00   2.67423E-03   4.29203E-02   4.75839E-01
 1.60000E+01   8.00000E+00  -6.00107E-04  -2.22783E-02   0.00000E+00   4.13582E-03   9.19634E-02   8.66204E-01
 1.60000E+01   8.00000E+00   1.97617E-02   1.98434E-02   0.00000E+00   8.46078E-03   8.76926E-02   1.20942E+00
 1.60000E+01   8.00000E+00   1.12486E-03  -2.61272E-02   0.00000E+00   3.03718E-03   7.10851E-02   6.69561E-01
 1.60000E+01   8.00000E+00  -2.81300E-02  -1.94668E-02   0.00000E+00   6.21732E-03   5.87542E-02   5.07226E-01
 1.60000E+01   8.00000E+00   2.52854E-03  -2.56661E-03   0.00000E+00   9.61322E-03   7.43781E-02   7.89657E-01
 1.60000E+01   8.00000E+00  -1.37819E-03  -1.24625E-03   0.00000E+00   5.10387E-03   4.36094E-02   3.84375E-01
 1.60000E+01   8.00000E+00  -3.10569E-03   1.98429E-02   0.00000E+00   4.04465E-03   5.62450E-02   1.04808E+00
 1.60000E+01   8.00000E+00  -1.84246E-02  -1.50875E-02   0.00000E+00   3.93451E-03   8.22268E-02   8.60301E-01
 1.60000E+01   8.00000E+00   5.58097E-03   1.01023E-02   0.00000E+00   2.58045E-03   5.08798E-02   6.95867E-01
 1.60000E+01   8.00000E+00  -2.65639E-02  -8.81026E-03   0.00000E+00   6.63735E-03   6.18519E-02   7.18549E-01
 1.60000E+01   8.00000E+00  -8.17550E-03   1.23066E-02   0.00000E+00   6.48214E-03   5.15302E-02   5.10938E-01
 1.60000E+01   8.00000E+00   1.07313E-02   6.50592E-03   0.00000E+00   2.83840E-03   4.53395E-02   8.39077E-01
 1.60000E+01   8.00000E+00   2.20517E-02  -1.11708E-02   0.00000E+00   6.43956E-03   4.75872E-02   4.62554E-01
 1.60000E+01   8.00000E+00   2.05299E-02   5.25183E-03   0.00000E+00   2.80318E-03   5.23530E-02   5.58964E-01
 1.60000E+01   8.00000E+00  -1.29896E-03  -1.24434E-02   0.00000E+00   6.25556E-03   6.08145E-02   6.51937E-01
 1.60000E+01   8.00000E+00   3.52441E-03   2.65112E-02   0.00000E+00   5.99259E-03   6.29493E-02   1.10194E+00
 1.60000E+01   8.00000E+00  -8.74280E-03  -7.86384E-04   0.00000E+00   6.82581E-03   6.87876E-02   5.85798E-01
 1.60000E+01   8.00000E+00  -2.02010E-02   1.74591E-02   0.00000E+00   6.18056E-03   8.45272E-02   9.40663E-01
 1.60000E+01   8.00000E+00  -1.58761E-02   1.30085E-02   0.00000E+00   8.09270E-03   6.34916E-02   7.43187E-01
 1.60000E+01   8.00000E+00   2.86694E-02  -4.97363E-03   0.00000E+00   7.66062E-03   5.35434E-02   1.01721E+00
 1.60000E+01   8.00000E+00   1.76445E-02  -8.79471E-03   0.00000E+00   6.20585E-03   5.05801E-02   5.65801E-01
 1.60000E+01   8.00000E+00   1.62294E-02  -2.54042E-02   0.00000E+00   6.43694E-03   6.50522E-02   6.77064E-01
 1.60000E+01   8.00000E+00  -4.23237E-03  -3.50594E-03   0.00000E+00   7.46405E-03   8.55476E-02   7.29136E-01
 1.60000E+01   8.00000E+00   2.57501E-02  -1.22461E-02   0.00000E+00   5.86314E-03   6.73086E-02   8.88907E-01
 1.60000E+01   8.00000E+00  -2.87586E-02   5.31306E-03   0.00000E+00   6.78630E-03   8.00478E-02   8.14207E-01
 1.60000E+01   8.00000E+00   1.86889E-02  -7.19836E-03   0.00000E+00   6.01178E-03   6.90307E-02   7.32060E-01
 1.60000E+01   8.00000E+00  -1.93636E-02  -1.85955E-02   0.00000E+00   5.87980E-03   5.37891E-02   6.79926E-01
 1.60000E+01   8.00000E+00  -2.87947E-02  -1.94510E-03   0.00000E+00   4.63880E-03   5.76130E-02   6.03411E-01
 1.60000E+01   8.00000E+00  -9.09981E-03   5.78387E-03   0.00000E+00   6.96616E-03   6.70556E-02   7.42901E-01
 1.60000E+01   8.00000E+00  -1.21444E-02  -9.55598E-03   0.00000E+00   7.70676E-03   7.30447E-02   6.92119E-01
 1.60000E+01   8.00000E+00  -2.05427E-02   1.48890E-02   0.00000E+00   6.39816E-03   6.14238E-02   7.48139E-01
 1.60000E+01   8.00000E+00  -4.50667E-03   2.17776E-02   0.00000E+00   6.41115E-03   4.99556E-02   9.88223E-01
 1.60000E+01   8.00000E+00  -5.30316E-03  -3.18671E-03   0.00000E+00   6.08080E-03   7.83420E-02   7.19006E-01
 1.60000E+01   8.00000E+00   2.69080E-02  -1.51079E-02   0.00000E+00   7.44492E-03   8.97437E-02   1.07089E+00
 3.20000E+01   1.60000E+01   2.43878E-03   4.24660E-03   0.00000E+00   1.69635E-03   4.91144E-02   1.08186E+00
 3.20000E+01   1.60000E+01  -5.44810E-03  -1.22180E-02   0.00000E+00   1.54962E-03   3.47474E-02   7.21514E-01
 3.20000E+01   1.60000E+01  -1.28034E-02   5.58099E-03   0.00000E+00   1.64759E-03   3.11896E-02   7.02469E-01
 3.20000E+01   1.60000E+01   8.89138E-03   5.16171E-03   0.00000E+00   1.29182E-03   3.70153E-02   7.63120E-01
 3.20000E+01   1.60000E+01   8.83000E-03   1.20583E-02   0.00000E+00   2.60092E-03   6.06403E-02   1.32150E+00
 3.20000E+01   1.60000E+01  -7.05508E-03  -1.56103E-02   0.00000E+00   1.75464E-03   4.19677E-02   9.56359E-01
 3.20000E+01   1.60000E+01   1.44614E-02  -1.48753E-02   0.00000E+00   1.40071E-03   2.64678E-02   6.74280E-01
 3.20000E+01   1.60000E+01  -1.18153E-02   1.25687E-02   0.00000E+00   1.60183E-03   3.20295E-02   6.19339E-01
 3.20000E+01   1.60000E+01  -1.87898E-03  -4.61163E-04   0.00000E+00   1.72843E-03   3.42204E-02   8.15200E-01
 3.20000E+01   1.60000E+01  -3.40735E-03  -1.45998E-03   0.00000E+00   1.99848E-03   4.06192E-02   8.64284E-01
 3.20000E+01   1.60000E+01   7.80877E-03  -5.49367E-03   0.00000E+00   1.40701E-03   3.32503E-02   7.51287E-01
 3.20000E+01   1.60000E+01  -6.75306E-03   5.24712E-03   0.00000E+00   1.43753E-03   2.56775E-02   5.54159E-01
 3.20000E+01   1.60000E+01   7.83374E-03   6.20991E-03   0.00000E+00   1.65924E-03   4.72553E-02   1.09319E+00
 3.20000E+01   1.60000E+01  -2.91486E-03   9.51637E-03   0.00000E+00   1.37762E-03   3.05957E-02   5.91940E-01
 3.20000E+01   1.60000E+01   8.58712E-03   1.56123E-02   0.00000E+00   2.12027E-03   5.04850E-02   1.15851E+00
 3.20000E+01   1.60000E+01  -2.86337E-03   1.45750E-02   0.00000E+00   1.55535E-03   3.63461E-02   6.60580E-01
 3.20000E+01   1.60000E+01  -1.25872E-03  -4.70997E-03   0.00000E+00   1.60263E-03   4.34347E-02   1.01064E+00
 3.20000E+01   1.60000E+01  -1.00984E-02  -1.10380E-02   0.00000E+00   1.55374E-03   3.38451E-02   7.01736E-01
 3.20000E+01   1.60000E+01  -6.17870E-03   1.11478E-02   0.00000E+00   1.45334E-03   3.13046E-02   6.21594E-01
 3.20000E+01   1.60000E+01  -1.06726E-02   1.53348E-02   0.00000E+00   1.51364E-03   3.08138E-02   7.50695E-01
 3.20000E+01   1.60000E+01   1.07670E-02  -1.53017E-02   0.00000E+00   1.57923E-03   2.87280E-02   7.68502E-01
 3.20000E+01   1.60000E+01   1.17613E-02  -3.61603E-03   0.00000E+00   1.44848E-03   3.16187E-02   6.44765E-01
 3.20000E+01   1.60000E+01   1.08696E-02  -7.61034E-03   0.00000E+00   1.42416E-03   2.75275E-02   6.22501E-01
 3.20000E+01   1.60000E+01   9.22987E-04  -1.12759E-02   0.00000E+00   1.81294E-03   4.31542E-02   8.54401E-01
 3.20000E+01   1.60000E+01  -5.49376E-03   1.54614E-02   0.00000E+00   1.45967E-03   3.62193E-02   8.20900E-01
 3.20000E+01   1.60000E+01   7.09129E-03   8.01636E-04   0.00000E+00   1.06100E-03   3.26931E-02   6.90625E-01
 3.20000E+01   1.60000E+01  -6.30250E-03  -1.38133E-02   0.00000E+00   1.60750E-03   3.41548E-02   6.97625E-01
 3.20000E+01   1.60000E+01   7.58327E-03   9.24627E-03   0.00000E+00   1.29000E-03   3.55011E-02   7.47021E-01
 3.20000E+01   1.60000E+01   1.54764E-02  -1.42060E-02   0.00000E+00   1.94691E-03   5.01938E-02   1.57435E+00
 3.20000E+01   1.60000E+01   1.02368E-02   9.84040E-03   0.00000E+00   1.77416E-03   3.74985E-02   7.88498E-01
 3.20000E+01   1.60000E+01   3.66577E-03   1.75512E-03   0.00000E+00   1.06122E-03   3.11387E-02   5.86807E-01
 3.20000E+01   1.60000E+01  -4.81354E-03   5.59248E-03   0.00000E+00   1.65044E-03   4.14547E-02   9.36822E-01
 3.20000E+01   1.60000E+01  -7.51975E-03  -1.72592E-03   0.00000E+00   1.48811E-03   3.00838E-02   5.89088E-01
 3.20000E+01   1.60000E+01   1.22747E-02   2.41772E-03   0.00000E+00   1.41759E-03   3.58297E-02   7.54276E-01
 3.20000E+01   1.60000E+01   1.11730E-02  -1.41153E-03   0.00000E+00   1.87915E-03   4.84992E-02   8.84854E-01
 3.20000E+01   1.60000E+01   1.51259E-03  -1.77890E-04   0.00000E+00   1.23153E-03   2.29083E-02   5.56681E-01
 3.20000E+01   1.60000E+01   5.42244E-03  -2.79306E-03   0.00000E+00   1.50815E-03   2.83697E-02   5.28733E-01
 3.20000E+01   1.60000E+01   1.30866E-02   9.99902E-03   0.00000E+00   2.15097E-03   4.99103E-02   1.18091E+00
 3.20000E+01   1.60000E+01  -7.85288E-03   7.13646E-03   0.00000E+00   1.47019E-03   3.55674E-02   6.32419E-01
 3.20000E+01   1.60000E+01   1.47146E-02  -5.09712E-03   0.00000E+00   1.98808E-03   4.82051E-02   1.06356E+00
 3.20000E+01   1.60000E+01  -2.06864E-04   1.34318E-02   0.00000E+00   1.92523E-03   5.87311E-02   1.31396E+00
 3.20000E+01   1.60000E+01   6.06571E-03  -6.46408E-03   0.00000E+00   1.23864E-03   2.26700E-02   4.88857E-01
 3.20000E+01   1.60000E+01  -1.25099E-02   3.06483E-03   0.00000E+00   1.41234E-03   3.09537E-02   7.00161E-01
 3.20000E+01   1.60000E+01  -1.02609E-02  -1.38033E-02   0.00000E+00   1.58848E-03   3.28234E-02   7.47576E-01
 3.20000E+01   1.60000E+01  -1.47417E-02   6.86608E-03   0.00000E+00   1.64958E-03   3.10140E-02   7.31841E-01
 3.20000E+01   1.60000E+01   1.28292E-02   6.30901E-03   0.00000E+00   2.27189E-03   6.12036E-02   1.40347E+00
 3.20000E+01   1.60000E+01   6.28575E-03   8.84427E-03   0.00000E+00   1.43746E-03   3.71375E-02   7.89146E-01
 3.20000E+01   1.60000E+01   4.49712E-03   1.43205E-02   0.00000E+00   1.53185E-03   3.29288E-02   7.16203E-01
 3.20000E+01   1.60000E+01   1.19423E-03   8.69455E-03   0.00000E+00   1.54108E-03   4.79280E-02   1.08039E+00
 3.20000E+01   1.60000E+01   8.80473E-03   1.38098E-02   0.00000E+00   1.72619E-03   3.32059E-02   7.40551E-01
 3.20000E+01   1.60000E+01  -1.23462E-02   3.69245E-03   0.00000E+00   1.45078E-03   2.96766E-02   8.06800E-01
 3.20000E+01   1.60000E+01   1.76716E-03   5.10420E-03   0.00000E+00   1.14885E-03   3.76056E-02   7.91628E-01
 3.20000E+01   1.60000E+01  -1.03059E-02   3.72331E-04   0.00000E+00   1.62136E-03   3.91304E-02   7.16496E-01
 3.20000E+01   1.60000E+01   5.15694E-03  -8.03940E-03   0.00000E+00   1.75279E-03   4.21229E-02   7.81796E-01
 3.20000E+01   1.60000E+01   8.16431E-04   4.63236E-03   0.00000E+00   1.02257E-03   3.00022E-02   5.50026E-01
 3.20000E+01   1.60000E+01   1.13388E-02   2.36590E-03   0.00000E+00   1.87815E-03   4.76393E-02   9.72263E-01
 3.20000E+01   1.60000E+01   2.80314E-03   1.52314E-02   0.00000E+00   2.03373E-03   5.03346E-02   1.12764E+00
 3.20000E+01   1.60000E+01  -1.32550E-02   5.50339E-03   0.00000E+00   1.81467E-03   3.85233E-02   9.99792E-01
 3.20000E+01   1.60000E+01   2.16792E-03  -6.96265E-03   0.00000E+00   1.50994E-03   3.25339E-02   5.51473E-01
 3.20000E+01   1.60000E+01   8.33979E-03   1.28088E-02   0.00000E+00   1.73805E-03   3.49876E-02   7.87259E-01
 3.20000E+01   1.60000E+01  -3.85277E-03  -6.34369E-03   0.00000E+00   2.05921E-03   5.01526E-02   9.85251E-01
 3.20000E+01   1.60000E+01  -8.43386E-03  -7.36737E-03   0.00000E+00   1.60366E-03   3.25698E-02   6.86547E-01
 3.20000E+01   1.60000E+01  -3.71393E-05  -8.31517E-04   0.00000E+00   2.85033E-03   6.42113E-02   1.24545E+00
 3.20000E+01   1.60000E+01   1.36112E-02   9.57267E-03   0.00000E+00   2.35539E-03   5.59466E-02   1.31135E+00
 3.20000E+01   1.60000E+01  -1.43959E-02  -1.32931E-02   0.00000E+00   1.49855E-03   3.04149E-02   7.75815E-01
 3.20000E+01   1.60000E+01  -9.02437E-03   4.74634E-03   0.00000E+00   1.69607E-03   3.15390E-02   6.90695E-01
 3.20000E+01   1.60000E+01  -5.96881E-03   1.50345E-02   0.00000E+00   1.56864E-03   3.87718E-02   9.24988E-01
 3.20000E+01   1.60000E+01   3.98239E-03  -1.00305E-02   0.00000E+00   1.79603E-03   3.32444E-02   7.72013E-01
 3.20000E+01   1.60000E+01  -6.59594E-03   1.35597E-02   0.00000E+00   2.53049E-03   5.49581E-02   1.24360E+00
 3.20000E+01   1.60000E+01  -9.77263E-04   2.65542E-03   0.00000E+00   2.68920E-03   6.46217E-02   1.27871E+00
 3.20000E+01   1.60000E+01   5.15901E-03   1.14900E-02   0.00000E+00   1.51912E-03   3.50123E-02   7.34263E-01
 3.20000E+01   1.60000E+01  -1.08492E-02  -1.27587E-02   0.00000E+00   1.98539E-03   4.92415E-02   9.65173E-01
 3.20000E+01   1.60000E+01   8.70649E-03   1.28301E-03   0.00000E+00   1.46815E-03   4.68072E-02   1.11233E+00
 3.20000E+01   1.60000E+01   1.26032E-02  -2.03075E-03   0.00000E+00   1.28366E-03   3.37319E-02   6.95388E-01
 3.20000E+01   1.60000E+01   1.47379E-02   6.14768E-03   0.00000E+00   2.13795E-03   5.27335E-02   1.26218E+00
 3.20000E+01   1.60000E+01   1.55187E-02   1.19459E-03   0.00000E+00   1.91922E-03   4.91042E-02   1.06719E+00
 3.20000E+01   1.60000E+01  -7.56613E-03  -6.92736E-03   0.00000E+00   1.62366E-03   3.11192E-02   8.03234E-01
 3.20000E+01   1.60000E+01  -4.89519E-03  -6.72887E-04   0.00000E+00   2.75398E-03   6.62875E-02   1.26345E+00
 3.20000E+01   1.60000E+01   5.57451E-03   2.85958E-03   0.00000E+00   1.01072E-03   3.26715E-02   6.54220E-01
 3.20000E+01   1.60000E+01  -3.45099E-03  -5.39309E-03   0.00000E+00   1.85544E-03   3.90661E-02   8.13460E-01
 3.20000E+01   1.60000E+01  -1.21971E-02   1.34487E-02   0.00000E+00   1.37913E-03   2.79942E-02   5.85495E-01
 3.20000E+01   1.60000E+01  -3.56184E-03   1.31776E-02   0.00000E+00   1.51949E-03   4.26104E-02   1.30213E+00
 3.20000E+01   1.60000E+01   1.31156E-02  -1.15374E-02   0.00000E+00   1.52526E-03   3.74613E-02   7.27215E-01
 3.20000E+01   1.60000E+01   5.93068E-03  -2.08646E-03   0.00000E+00   1.37933E-03   2.75477E-02   5.07433E-01
 3.20000E+01   1.60000E+01  -6.85277E-03  -3.47349E-03   0.00000E+00   1.38274E-03   3.46857E-02   6.42523E-01
 3.20000E+01   1.60000E+01  -4.45417E-03  -1.04949E-02   0.00000E+00   1.78301E-03   4.00823E-02   7.28083E-01
 3.20000E+01   1.60000E+01  -5.50666E-03  -1.01199E-02   0.00000E+00   1.51689E-03   3.15350E-02   6.29546E-01
 3.20000E+01   1.60000E+01  -1.36200E-02   3.82632E-03   0.00000E+00   1.61293E-03   3.35024E-02   7.49020E-01
 3.20000E+01   1.60000E+01   1.06398E-02  -4.51399E-04   0.00000E+00   1.12470E-03   3.34919E-02   6.50194E-01
 3.20000E+01   1.60000E+01  -7.71528E-03  -1.29024E-02   0.00000E+00   1.62770E-03   3.60534E-02   7.22694E-01
 3.20000E+01   1.60000E+01   5.09267E-03   1.40381E-02   0.00000E+00   1.48856E-03   3.30593E-02   7.34445E-01
 3.20000E+01   1.60000E+01   7.04637E-03   4.41497E-03   0.00000E+00   1.16406E-03   3.11178E-02   6.09354E-01
 3.20000E+01   1.60000E+01   1.48197E-02   5.26718E-03   0.00000E+00   1.48937E-03   3.24851E-02   7.32859E-01
 3.20000E+01   1.60000E+01   1.50018E-02  -1.28110E-03   0.00000E+00   2.13902E-03   4.92019E-02   8.48273E-01
 3.20000E+01   1.60000E+01  -7.93931E-03  -1.35756E-02   0.00000E+00   1.54996E-03   3.50048E-02   8.06376E-01
 3.20000E+01   1.60000E+01   1.36661E-03  -3.69156E-03   0.00000E+00   2.14855E-03   4.63215E-02   1.13980E+00
 3.20000E+01   1.60000E+01   1.28206E-02  -1.68935E-03   0.00000E+00   1.21988E-03   3.39160E-02   6.69103E-01
 3.20000E+01   1.60000E+01  -9.17223E-03  -1.45634E-02   0.00000E+00   1.57978E-03   3.31561E-02   7.27904E-01
 3.20000E+01   1.60000E+01   9.41985E-03   2.38858E-03   0.00000E+00   1.35009E-03   4.12592E-02   8.98861E-01
 3.20000E+01   1.60000E+01   1.46923E-02   1.08575E-02   0.00000E+00   1.65570E-03   3.12519E-02   7.17152E-01
 3.20000E+01   1.60000E+01  -4.39145E-03  -2.54963E-03   0.00000E+00   1.67985E-03   3.53190E-02   7.68179E-01
 6.40000E+01   3.20000E+01  -4.82569E-03  -2.40937E-03   0.00000E+00   3.58778E-04   1.66776E-02   7.14064E-01
 6.40000E+01   3.20000E+01   5.52651E-03   5.74202E-03   0.00000E+00   3.62489E-04   1.51423E-02   6.61448E-01
 6.40000E+01   3.20000E+01   7.46433E-03   3.70184E-04   0.00000E+00   4.90074E-04   2.71151E-02   1.24546E+00
 6.40000E+01   3.20000E+01   4.96763E-03  -7.02757E-03   0.00000E+00   4.05975E-04   2.23247E-02   9.20739E-01
 6.40000E+01   3.20000E+01   6.37860E-03  -4.92385E-03   0.00000E+00   3.88980E-04   1.63087E-02   7.18223E-01
 6.40000E+01   3.20000E+01   7.17440E-04  -5.41533E-03   0.00000E+00   4.15636E-04   2.43973E-02   8.83427E-01
 6.40000E+01   3.20000E+01   1.16164E-04   3.77709E-03   0.00000E+00   3.64090E-04   1.72001E-02   7.30798E-01
 6.40000E+01   3.20000E+01   4.09256E-03   7.44866E-04   0.00000E+00   3.27898E-04   1.33604E-02   6.21919E-01
 6.40000E+01   3.20000E+01   6.71966E-03  -6.27878E-03   0.00000E+00   5.89888E-04   3.28950E-02   1.77623E+00
 6.40000E+01   3.20000E+01  -2.81879E-03  -4.88161E-03   0.00000E+00   3.55827E-04   1.75431E-02   7.25914E-01
 6.40000E+01   3.20000E+01   6.74697E-03  -3.16276E-03   0.00000E+00   5.41169E-04   2.53695E-02   1.22479E+00
 6.40000E+01   3.20000E+01   5.26205E-05  -2.03485E-03   0.00000E+00   4.69595E-04   2.65509E-02   1.42019E+00
 6.40000E+01   3.20000E+01   2.79676E-03  -7.27440E-03   0.00000E+00   3.41746E-04   1.57178E-02   6.19376E-01
 6.40000E+01   3.20000E+01   3.92835E-03   1.86432E-03   0.00000E+00   3.53172E-04   1.41640E-02   6.00423E-01
 6.40000E+01   3.20000E+01   3.20647E-03   9.17833E-04   0.00000E+00   3.38383E-04   1.35379E-02   6.04199E-01
 6.40000E+01   3.20000E+01  -4.26011E-03   1.42162E-03   0.00000E+00   3.51121E-04   1.59607E-02   6.77734E-01
 6.40000E+01   3.20000E+01  -3.52483E-03   2.80005E-03   0.00000E+00   3.81761E-04   1.57308E-02   6.91082E-01
 6.40000E+01   3.20000E+01  -2.68678E-03   6.46687E-03   0.00000E+00   6.22345E-04   3.17406E-02   1.47465E+00
 6.40000E+01   3.20000E+01   4.54658E-03   5.72742E-03   0.00000E+00   4.05921E-04   1.68764E-02   7.03223E-01
 6.40000E+01   3.20000E+01  -1.48377E-03   2.12293E-03   0.00000E+00   3.58342E-04   1.46135E-02   6.42446E-01
 6.40000E+01   3.20000E+01  -1.91560E-03   8.24706E-05   0.00000E+00   4.00694E-04   1.68161E-02   7.07896E-01
 6.40000E+01   3.20000E+01   1.37971E-03  -3.12010E-04   0.00000E+00   6.32214E-04   2.70445E-02   1.01645E+00
 6.40000E+01   3.20000E+01   3.27862E-03  -5.36454E-03   0.00000E+00   5.25650E-04   2.96272E-02   1.17620E+00
 6.40000E+01   3.20000E+01  -5.40679E-03   5.58543E-04   0.00000E+00   5.07543E-04   3.28439E-02   1.25375E+00
 6.40000E+01   3.20000E+01   7.18656E-03   7.34982E-03   0.00000E+00   5.34156E-04   2.85376E-02   1.27289E+00
 6.40000E+01   3.20000E+01  -3.04841E-03  -5.99291E-04   0.00000E+00   3.81055E-04   2.39375E-02   1.25202E+00
 6.40000E+01   3.20000E+01  -5.73991E-03  -4.82915E-03   0.00000E+00   4.70037E-04   2.44326E-02   9.97740E-01
 6.40000E+01   3.20000E+01   2.89845E-03   5.78093E-03   0.00000E+00   3.27677E-04   1.54123E-02   6.16328E-01
 6.40000E+01   3.20000E+01   6.56949E-03  -1.31236E-03   0.00000E+00   6.80478E-04   3.26897E-02   1.59012E+00
 6.40000E+01   3.20000E+01  -3.25336E-03   7.30333E-03   0.00000E+00   3.52437E-04   1.53813E-02   6.46564E-01
 6.40000E+01   3.20000E+01   7.52835E-03   2.70437E-03   0.00000E+00   3.74225E-04   1.63662E-02   6.45330E-01
 6.40000E+01   3.20000E+01   4.04432E-03  -9.73609E-04   0.00000E+00   5.08972E-04   2.13376E-02   9.43038E-01
 6.40000E+01   3.20000E+01  -4.20244E-03  -2.32498E-03   0.00000E+00   4.57458E-04   2.54036E-02   1.18305E+00
 6.40000E+01   3.20000E+01   7.25766E-03   2.52515E-03   0.00000E+00   6.23920E-04   3.38732E-02   1.72390E+00
 6.40000E+01   3.20000E+01  -2.59863E-03  -7.31265E-03   0.00000E+00   4.26799E-04   2.04423E-02   8.31702E-01
 6.40000E+01   3.20000E+01   4.10289E-03  -2.37602E-05   0.00000E+00   4.21325E-04   2.53527E-02   1.33001E+00
 6.40000E+01   3.20000E+01   7.52298E-03   5.96822E-03   0.00000E+00   4.92606E-04   2.62881E-02   1.18719E+00
 6.40000E+01   3.20000E+01  -5.19525E-03  -4.14036E-03   0.00000E+00   3.35230E-04   1.50584E-02   6.21565E-01
 6.40000E+01   3.20000E+01   4.27339E-03   4.17933E-03   0.00000E+00   5.70279E-04   2.81387E-02   1.15814E+00
 6.40000E+01   3.20000E+01   5.11665E-03  -7.39788E-04   0.00000E+00   3.51212E-04   1.45683E-02   6.83983E-01
 6.40000E+01   3.20000E+01   6.51300E-03  -1.75294E-03   0.00000E+00   4.95491E-04   2.34222E-02   1.05611E+00
 6.40000E+01   3.20000E+01  -1.30540E-03   4.67061E-03   0.00000E+00   5.66453E-04   2.67901E-02   1.34794E+00
 6.40000E+01   3.20000E+01  -5.43278E-03  -2.30680E-03   0.00000E+00   3.30518E-04   1.44593E-02   6.21747E-01
 6.40000E+01   3.20000E+01   1.77668E-03  -5.88654E-03   0.00000E+00   3.44832E-04   1.60806E-02   6.49372E-01
 6.40000E+01   3.20000E+01  -4.84766E-03   3.31965E-03   0.00000E+00   3.59229E-04   1.57380E-02   7.07830E-01
 6.40000E+01   3.20000E+01   6.13229E-03  -1.94420E-03   0.00000E+00   3.43597E-04   1.39369E-02   6.14181E-01
 6.40000E+01   3.20000E+01  -5.70566E-03  -2.99788E-03   0.00000E+00   3.37388E-04   1.51444E-02   6.51669E-01
 6.40000E+01   3.20000E+01   6.24429E-03   1.89684E-03   0.00000E+00   4.87864E-04   2.34191E-02   9.72062E-01
 6.40000E+01   3.20000E+01   7.02998E-03   8.92282E-05   0.00000E+00   3.61794E-04   1.49691E-02   6.66268E-01
 6.40000E+01   3.20000E+01   5.40388E-03   5.05215E-04   0.00000E+00   5.10563E-04   3.00804E-02   1.79172E+00
 6.40000E+01   3.20000E+01   4.59930E-03   3.19734E-03   0.00000E+00   3.39626E-04   1.56716E-02   6.18967E-01
 6.40000E+01   3.20000E+01   4.57865E-03   5.72005E-03   0.00000E+00   3.71241E-04   1.53832E-02   6.66997E-01
 6.40000E+01   3.20000E+01  -7.52983E-03  -6.64193E-03   0.00000E+00   3.80539E-04   1.66967E-02   7.49573E-01
 6.40000E+01   3.20000E+01  -6.94490E-03   5.44255E-03   0.00000E+00   5.44432E-04   3.20523E-02   1.50136E+00
 6.40000E+01   3.20000E+01   3.31382E-04   2.06470E-03   0.00000E+00   3.97181E-04   1.84959E-02   7.73293E-01
 6.40000E+01   3.20000E+01  -3.52962E-03   2.31337E-03   0.00000E+00   5.73162E-04   3.14598E-02   1.38282E+00
 6.40000E+01   3.20000E+01   7.41783E-03   1.88921E-03   0.00000E+00   3.17350E-04   1.49503E-02   5.95352E-01
 6.40000E+01   3.20000E+01  -7.51093E-03  -1.43960E-03   0.00000E+00   3.77352E-04   1.48768E-02   6.29941E-01
 6.40000E+01   3.20000E+01   7.11089E-03  -2.52583E-03   0.00000E+00   3.48084E-04   1.45183E-02   6.56832E-01
 6.40000E+01   3.20000E+01   2.68398E-03  -7.22972E-03   0.00000E+00   4.94896E-04   2.80417E-02   1.10132E+00
 6.40000E+01   3.20000E+01  -4.21524E-03  -5.67780E-03   0.00000E+00   3.73426E-04   1.76765E-02   6.70788E-01
 6.40000E+01   3.20000E+01  -4.56081E-04  -5.60371E-03   0.00000E+00   3.06612E-04   1.72021E-02   7.29583E-01
 6.40000E+01   3.20000E+01   7.32282E-03  -1.69035E-03   0.00000E+00   5.26497E-04   2.49682E-02   1.12449E+00
 6.40000E+01   3.20000E+01   6.45922E-05   4.58471E-03   0.00000E+00   3.35918E-04   1.51108E-02   1.04194E+00
 6.40000E+01   3.20000E+01   3.01869E-03  -4.80657E-03   0.00000E+00   3.96698E-04   1.77232E-02   7.55988E-01
 6.40000E+01   3.20000E+01   7.57148E-03  -3.60392E-03   0.00000E+00   4.36045E-04   1.95239E-02   8.97137E-01
 6.40000E+01   3.20000E+01  -1.53293E-03  -2.07995E-03   0.00000E+00   5.11160E-04   2.61415E-02   1.18484E+00
 6.40000E+01   3.20000E+01  -1.23453E-03  -2.55254E-03   0.00000E+00   4.67355E-04   2.67611E-02   1.17804E+00
 6.40000E+01   3.20000E+01  -5.55516E-04  -5.30982E-03   0.00000E+00   3.57214E-04   2.50186E-02   1.33712E+00
 6.40000E+01   3.20000E+01  -3.35813E-03  -5.14722E-03   0.00000E+00   4.55882E-04   2.48425E-02   1.00014E+00
 6.40000E+01   3.20000E+01   8.08460E-04   7.38939E-03   0.00000E+00   4.37845E-04   2.08098E-02   8.79319E-01
 6.40000E+01   3.20000E+01   4.67245E-03  -1.25709E-03   0.00000E+00   5.82109E-04   2.63455E-02   1.24152E+00
 6.40000E+01   3.20000E+01  -6.28323E-03   4.22398E-03   0.00000E+00   4.77068E-04   2.71016E-02   1.20797E+00
 6.40000E+01   3.20000E+01  -2.60978E-03  -1.19260E-03   0.00000E+00   4.43224E-04   2.04590E-02   8.39052E-01
 6.40000E+01   3.20000E+01   2.37056E-03  -2.20401E-03   0.00000E+00   5.88180E-04   3.02598E-02   1.21977E+00
 6.40000E+01   3.20000E+01   6.01499E-03  -1.84033E-03   0.00000E+00   3.64487E-04   1.39092E-02   6.15535E-01
 6.40000E+01   3.20000E+01   4.90768E-03   4.51758E-03   0.00000E+00   3.71631E-04   1.60743E-02   6.59000E-01
 6.40000E+01   3.20000E+01  -3.28840E-03   1.38067E-03   0.00000E+00   5.11844E-04   2.77063E-02   1.22888E+00
 6.40000E+01   3.20000E+01  -3.62312E-03   3.38585E-03   0.00000E+00   3.87326E-04   1.59617E-02   6.90050E-01
 6.40000E+01   3.20000E+01  -6.00384E-04   7.34609E-03   0.00000E+00   3.91883E-04   1.56872E-02   6.57391E-01
 6.40000E+01   3.20000E+01   1.02027E-05  -4.32226E-03   0.00000E+00   3.19500E-04   1.62399E-02   6.14747E-01
 6.40000E+01   3.20000E+01  -6.08235E-03  -2.95727E-03   0.00000E+00   3.38314E-04   1.43922E-02   6.17769E-01
 6.40000E+01   3.20000E+01   7.11223E-03   1.67378E-03   0.00000E+00   4.17617E-04   2.28807E-02   9.28299E-01
 6.40000E+01   3.20000E+01   5.63810E-03   7.15211E-04   0.00000E+00   3.71199E-04   1.65845E-02   7.29095E-01
 6.40000E+01   3.20000E+01  -1.76705E-03  -5.28339E-03   0.00000E+00   4.13153E-04   2.21267E-02   1.08217E+00
 6.40000E+01   3.20000E+01  -5.50420E-04  -3.78356E-03   0.00000E+00   5.13375E-04   2.47783E-02   1.10308E+00
 6.40000E+01   3.20000E+01   4.93208E-03   7.55135E-03   0.00000E+00   4.05913E-04   1.86153E-02   7.71944E-01
 6.40000E+01   3.20000E+01  -1.51967E-03   7.44778E-04   0.00000E+00   3.88366E-04   1.82127E-02   9.31169E-01
 6.40000E+01   3.20000E+01   3.66909E-03  -2.26174E-03   0.00000E+00   4.16000E-04   2.02509E-02   8.12302E-01
 6.40000E+01   3.20000E+01   2.58044E-03   7.77154E-03   0.00000E+00   3.77374E-04   1.67702E-02   6.68445E-01
 6.40000E+01   3.20000E+01  -2.34227E-03   5.91442E-03   0.00000E+00   3.93575E-04   1.73922E-02   7.99360E-01
 6.40000E+01   3.20000E+01  -6.46882E-03  -9.44913E-04   0.00000E+00   4.62643E-04   2.81225E-02   1.27510E+00
 6.40000E+01   3.20000E+01  -4.88162E-03   5.58703E-03   0.00000E+00   3.79363E-04   1.65574E-02   6.87800E-01
 6.40000E+01   3.20000E+01   6.76603E-03  -3.72703E-03   0.00000E+00   3.63984E-04   1.46776E-02   6.75082E-01
 6.40000E+01   3.20000E+01   7.56276E-03   3.36782E-03   0.00000E+00   4.91406E-04   2.42317E-02   1.07549E+00
 6.40000E+01   3.20000E+01   7.45950E-03   5.33756E-03   0.00000E+00   3.40030E-04   1.56903E-02   6.41036E-01
 6.40000E+01   3.20000E+01  -3.31695E-03  -7.83876E-04   0.00000E+00   3.26439E-04   1.59850E-02   6.34176E-01
 6.40000E+01   3.20000E+01  -7.66236E-03   7.07563E-03   0.00000E+00   3.74497E-04   2.07822E-02   7.80309E-01
 6.40000E+01   3.20000E+01  -7.47896E-03  -1.06376E-03   0.00000E+00   6.14609E-04   3.72237E-02   1.99534E+00
 6.40000E+01   3.20000E+01   3.12274E-04   5.34183E-03   0.00000E+00   4.17926E-04   2.25677E-02   1.02967E+00
 6.40000E+01   3.20000E+01   3.26752E-03  -7.79760E-03   0.00000E+00   4.65248E-04   2.50797E-02   9.69386E-01
 1.28000E+02   6.40000E+01   2.08020E-03   3.38859E-03   0.00000E+00   8.48822E-05   7.31257E-03   6.16100E-01
 1.28000E+02   6.40000E+01  -1.45927E-03  -1.46250E-03   0.00000E+00   8.91533E-05   8.58815E-03   7.01249E-01
 1.28000E+02   6.40000E+01   1.08664E-03   7.15364E-04   0.00000E+00   8.24174E-05   7.62995E-03   6.30804E-01
 1.28000E+02   6.40000E+01   2.16028E-03   3.60491E-03   0.00000E+00   1.39690E-04   1.43137E-02   1.23728E+00
 1.28000E+02   6.40000E+01  -2.98640E-04  -9.09282E-04   0.00000E+00   1.70623E-04   1.93618E-02   1.87961E+00
 1.28000E+02   6.40000E+01  -2.52489E-03  -2.74085E-03   0.00000E+00   1.54757E-04   1.76281E-02   1.53028E+00
 1.28000E+02   6.40000E+01  -1.33009E-03   3.70726E-03   0.00000E+00   8.94472E-05   7.73501E-03   6.60968E-01
 1.28000E+02   6.40000E+01  -3.16219E-03   2.77480E-03   0.00000E+00   8.78158E-05   7.41319E-03   6.47271E-01
 1.28000E+02   6.40000E+01   2.75780E-03  -3.14658E-03   0.00000E+00   8.77776E-05   7.41213E-03   6.51034E-01
 1.28000E+02   6.40000E+01  -2.23272E-03  -1.33370E-03   0.00000E+00   1.23770E-04   1.24646E-02   1.02751E+00
 1.28000E+02   6.40000E+01   3.26161E-03  -3.21554E-03   0.00000E+00   9.05570E-05   7.37246E-03   6.35407E-01
 1.28000E+02   6.40000E+01  -2.44594E-03  -1.53558E-03   0.00000E+00   8.79935E-05   7.59214E-03   6.49058E-01
 1.28000E+02   6.40000E+01  -1.77564E-03  -2.27550E-03   0.00000E+00   1.00076E-04   9.19213E-03   8.41536E-01
 1.28000E+02   6.40000E+01  -1.20360E-03  -2.54653E-03   0.00000E+00   1.11502E-04   1.07045E-02   9.34264E-01
 1.28000E+02   6.40000E+01  -1.83789E-03  -3.08603E-03   0.00000E+00   1.58157E-04   1.69434E-02   1.49565E+00
 1.28000E+02   6.40000E+01   1.00710E-03  -1.76927E-03   0.00000E+00   1.75072E-04   2.01232E-02   1.70791E+00
 1.28000E+02   6.40000E+01  -2.53465E-03   2.38250E-03   0.00000E+00   8.78116E-05   8.48979E-03   1.13753E+00
 1.28000E+02   6.40000E+01   1.80152E-03   9.28185E-04   0.00000E+00   1.18951E-04   1.29355E-02   1.04443E+00
 1.28000E+02   6.40000E+01   2.05825E-03  -3.01410E-03   0.00000E+00   1.11509E-04   1.04189E-02   8.91580E-01
 1.28000E+02   6.40000E+01   1.58663E-03   3.84339E-03   0.00000E+00   1.87442E-04   2.09231E-02   2.05912E+00
 1.28000E+02   6.40000E+01   1.94171E-03  -2.34393E-03   0.00000E+00   1.39375E-04   1.53502E-02   1.35043E+00
 1.28000E+02   6.40000E+01   3.82728E-03  -3.03530E-03   0.00000E+00   1.74281E-04   1.88877E-02   1.81212E+00
 1.28000E+02   6.40000E+01   3.61552E-03  -1.87859E-04   0.00000E+00   1.19360E-04   1.18235E-02   9.95039E-01
 1.28000E+02   6.40000E+01   1.62179E-03   6.12395E-04   0.00000E+00   1.49083E-04   1.70509E-02   1.46470E+00
 1.28000E+02   6.40000E+01  -4.33911E-05  -2.23554E-03   0.00000E+00   1.53041E-04   1.27418E-02   8.99040E-01
 1.28000E+02   6.40000E+01  -1.38579E-03   3.03616E-03   0.00000E+00   1.35781E-04   1.36008E-02   1.17928E+00
 1.28000E+02   6.40000E+01  -2.72849E-04  -2.92899E-03   0.00000E+00   9.07014E-05   8.28810E-03   6.92162E-01
 1.28000E+02   6.40000E+01   3.12692E-03  -2.14713E-04   0.00000E+00   9.23708E-05   8.34864E-03   6.65183E-01
 1.28000E+02   6.40000E+01   1.35679E-03  -2.61346E-03   0.00000E+00   1.41514E-04   1.56309E-02   1.36017E+00
 1.28000E+02   6.40000E+01   3.34473E-03   3.47543E-03   0.00000E+00   8.23068E-05   7.50823E-03   6.29740E-01
 1.28000E+02   6.40000E+01   2.42661E-03  -1.66162E-03   0.00000E+00   8.55011E-05   7.41484E-03   6.34310E-01
 1.28000E+02   6.40000E+01  -1.79722E-03   1.81054E-03   0.00000E+00   9.67208E-05   1.00101E-02   8.20032E-01
 1.28000E+02   6.40000E+01   2.51962E-03  -2.44282E-03   0.00000E+00   1.27633E-04   1.25776E-02   1.09478E+00
 1.28000E+02   6.40000E+01  -2.28448E-03  -1.22406E-03   0.00000E+00   9.73185E-05   9.31606E-03   7.82566E-01
 1.28000E+02   6.40000E+01   1.76984E-03  -2.48922E-03   0.00000E+00   1.52825E-04   1.66936E-02   1.40471E+00
 1.28000E+02   6.40000E+01  -2.30277E-03  -2.46544E-03   0.00000E+00   1.40491E-04   1.48197E-02   1.26104E+00
 1.28000E+02   6.40000E+01   1.93807E-03   3.72050E-03   0.00000E+00   1.77122E-04   1.93264E-02   1.80414E+00
 1.28000E+02   6.40000E+01  -1.51477E-03   3.12796E-03   0.00000E+00   1.81469E-04   2.02933E-02   2.02225E+00
 1.28000E+02   6.40000E+01   3.01145E-03  -1.46023E-03   0.00000E+00   8.89231E-05   7.64729E-03   6.57764E-01
 1.28000E+02   6.40000E+01   3.61958E-03   3.57384E-03   0.00000E+00   8.91821E-05   7.56237E-03   6.58886E-01
 1.28000E+02   6.40000E+01   1.66242E-03  -2.35060E-04   0.00000E+00   1.16612E-04   1.34684E-02   1.23299E+00
 1.28000E+02   6.40000E+01   1.08884E-03  -1.32745E-03   0.00000E+00   8.51426E-05   7.62128E-03   6.21649E-01
 1.28000E+02   6.40000E+01  -6.63771E-04   2.23035E-03   0.00000E+00   8.90313E-05   7.85371E-03   6.45966E-01
 1.28000E+02   6.40000E+01  -1.02563E-03  -2.99727E-03   0.00000E+00   8.63426E-05   7.56880E-03   6.42507E-01
 1.28000E+02   6.40000E+01   3.75596E-03   8.68692E-04   0.00000E+00   1.80121E-04   1.99646E-02   1.73197E+00
 1.28000E+02   6.40000E+01   3.04934E-03   4.27198E-04   0.00000E+00   1.73976E-04   2.00578E-02   1.79318E+00
 1.28000E+02   6.40000E+01  -3.17577E-03  -1.52002E-03   0.00000E+00   1.15359E-04   1.13060E-02   1.00817E+00
 1.28000E+02   6.40000E+01   6.86958E-05  -3.51903E-03   0.00000E+00   1.11928E-04   1.10581E-02   8.98717E-01
 1.28000E+02   6.40000E+01   4.94432E-04  -3.18343E-03   0.00000E+00   1.14814E-04   1.17867E-02   9.43982E-01
 1.28000E+02   6.40000E+01  -4.77936E-04  -1.97538E-03   0.00000E+00   9.24435E-05   7.92812E-03   6.64548E-01
 1.28000E+02   6.40000E+01  -1.03156E-04   2.83361E-03   0.00000E+00   8.84271E-05   7.68817E-03   6.27468E-01
 1.28000E+02   6.40000E+01  -2.98463E-03  -2.61816E-03   0.00000E+00   1.58634E-04   1.82143E-02   1.60046E+00
 1.28000E+02   6.40000E+01   8.53106E-04  -2.99752E-03   0.00000E+00   1.07925E-04   1.08951E-02   9.13103E-01
 1.28000E+02   6.40000E+01  -3.59152E-03   3.19858E-03   0.00000E+00   1.27937E-04   1.35772E-02   1.13423E+00
 1.28000E+02   6.40000E+01  -1.39165E-03  -7.05609E-04   0.00000E+00   9.26327E-05   7.93799E-03   6.51934E-01
 1.28000E+02   6.40000E+01  -6.46545E-04  -3.88350E-03   0.00000E+00   1.24429E-04   1.30601E-02   1.18479E+00
 1.28000E+02   6.40000E+01   3.52569E-03  -1.44814E-03   0.00000E+00   1.45179E-04   1.40222E-02   1.00047E+00
 1.28000E+02   6.40000E+01   8.21368E-04  -7.70441E-04   0.00000E+00   8.49240E-05   7.47103E-03   7.43429E-01
 1.28000E+02   6.40000E+01   3.63125E-03   4.28197E-04   0.00000E+00   8.78316E-05   7.72400E-03   6.36395E-01
 1.28000E+02   6.40000E+01  -2.14091E-03   7.30586E-04   0.00000E+00   9.80439E-05   8.99261E-03   7.66327E-01
 1.28000E+02   6.40000E+01  -1.25579E-03   2.93532E-03   0.00000E+00   8.92350E-05   7.58378E-03   6.57533E-01
 1.28000E+02   6.40000E+01   3.46558E-03  -1.38532E-03   0.00000E+00   1.67309E-04   1.81214E-02   1.70109E+00
 1.28000E+02   6.40000E+01  -2.63670E-03  -2.39171E-03   0.00000E+00   8.80054E-05   7.81390E-03   6.53641E-01
 1.28000E+02   6.40000E+01   1.96301E-03   2.84562E-03   0.00000E+00   1.12003E-04   1.02972E-02   8.57446E-01
 1.28000E+02   6.40000E+01   1.13654E-03  -5.64632E-04   0.00000E+00   1.02300E-04   9.55383E-03   7.93418E-01
 1.28000E+02   6.40000E+01   6.93680E-05  -1.18306E-03   0.00000E+00   1.01852E-04   9.10559E-03   8.04010E-01
 1.28000E+02   6.40000E+01  -4.04251E-04  -2.60457E-03   0.00000E+00   1.49919E-04   1.56547E-02   1.47133E+00
 1.28000E+02   6.40000E+01   2.89696E-03  -1.01501E-03   0.00000E+00   8.98109E-05   7.62159E-03   6.64186E-01
 1.28000E+02   6.40000E+01  -2.76203E-03  -3.03943E-03   0.00000E+00   1.56783E-04   1.76411E-02   1.47807E+00
 1.28000E+02   6.40000E+01   1.04765E-03  -2.19923E-03   0.00000E+00   9.99406E-05   9.38277E-03   7.87528E-01
 1.28000E+02   6.40000E+01  -3.31196E-03   1.33001E-03   0.00000E+00   8.69729E-05   7.48435E-03   6.49265E-01
 1.28000E+02   6.40000E+01  -1.18729E-03   1.03690E-03   0.00000E+00   1.73932E-04   2.01280E-02   1.84378E+00
 1.28000E+02   6.40000E+01   4.42593E-04   2.79822E-03   0.00000E+00   8.54015E-05   7.78655E-03   6.33683E-01
 1.28000E+02   6.40000E+01  -3.23215E-03  -2.52881E-03   0.00000E+00   1.25203E-04   1.35984E-02   1.08815E+00
 1.28000E+02   6.40000E+01  -2.01102E-03   1.43862E-03   0.00000E+00   9.56532E-05   8.39859E-03   7.09346E-01
 1.28000E+02   6.40000E+01   1.45188E-03  -1.32017E-03   0.00000E+00   1.13829E-04   1.15359E-02   1.00784E+00
 1.28000E+02   6.40000E+01   3.77596E-03   3.54795E-03   0.00000E+00   1.13339E-04   1.03876E-02   8.80465E-01
 1.28000E+02   6.40000E+01   3.70150E-03   2.54081E-03   0.00000E+00   8.40760E-05   7.56961E-03   6.29900E-01
 1.28000E+02   6.40000E+01  -2.15444E-03   6.78116E-04   0.00000E+00   1.36491E-04   1.44608E-02   1.21909E+00
 1.28000E+02   6.40000E+01  -3.33429E-03   3.81463E-03   0.00000E+00   1.50739E-04   1.67295E-02   1.52004E+00
 1.28000E+02   6.40000E+01  -2.90644E-03   5.90949E-04   0.00000E+00   1.66852E-04   1.94622E-02   1.86919E+00
 1.28000E+02   6.40000E+01   2.54080E-03   8.36156E-04   0.00000E+00   1.09241E-04   1.11250E-02   8.53886E-01
 1.28000E+02   6.40000E+01  -3.67943E-03  -2.75752E-03   0.00000E+00   8.64198E-05   7.45999E-03   6.32167E-01
 1.28000E+02   6.40000E+01   4.00275E-04   1.64721E-03   0.00000E+00   8.36473E-05   7.69535E-03   6.39086E-01
 1.28000E+02   6.40000E+01  -1.83181E-03  -5.25558E-04   0.00000E+00   9.28775E-05   7.84135E-03   6.55562E-01
 1.28000E+02   6.40000E+01  -1.76494E-03   2.24433E-03   0.00000E+00   1.11488E-04   1.17483E-02   9.62353E-01
 1.28000E+02   6.40000E+01  -1.00898E-03   1.65155E-03   0.00000E+00   8.51900E-05   7.54042E-03   6.37790E-01
 1.28000E+02   6.40000E+01   3.31849E-03  -1.67079E-03   0.00000E+00   1.31283E-04   1.46869E-02   1.87556E+00
 1.28000E+02   6.40000E+01   3.80108E-03   2.21830E-03   0.00000E+00   8.41235E-05   7.44155E-03   6.24167E-01
 1.28000E+02   6.40000E+01   2.04197E-03   7.39653E-04   0.00000E+00   2.06451E-04   2.37254E-02   2.18319E+00
 1.28000E+02   6.40000E+01  -2.12549E-03   1.04227E-03   0.00000E+00   8.95738E-05   7.38366E-03   6.50139E-01
 1.28000E+02   6.40000E+01   4.80514E-04  -1.18656E-03   0.00000E+00   8.75540E-05   7.40276E-03   6.42032E-01
 1.28000E+02   6.40000E+01   6.98032E-04   2.73421E-03   0.00000E+00   1.84177E-04   2.15440E-02   2.06734E+00
 1.28000E+02   6.40000E+01   3.51028E-03   3.05555E-03   0.00000E+00   8.35668E-05   7.54118E-03   6.26653E-01
 1.28000E+02   6.40000E+01  -2.83230E-03   2.51467E-03   0.00000E+00   1.80406E-04   1.98342E-02   1.76867E+00
 1.28000E+02   6.40000E+01  -1.66780E-04   1.89076E-04   0.00000E+00   1.42935E-04   1.46375E-02   1.47208E+00
 1.28000E+02   6.40000E+01   3.85991E-04   2.34393E-03   0.00000E+00   1.90922E-04   2.22569E-02   2.11950E+00
 1.28000E+02   6.40000E+01   1.68981E-03   2.77836E-03   0.00000E+00   8.78604E-05   7.60255E-03   6.50123E-01
 1.28000E+02   6.40000E+01   3.00201E-04  -8.39176E-04   0.00000E+00   1.12852E-04   1.09764E-02   9.49366E-01
 1.28000E+02   6.40000E+01  -2.12938E-03   1.52158E-03   0.00000E+00   8.63820E-05   7.42882E-03   6.24345E-01
 1.28000E+02   6.40000E+01  -1.72814E-03  -1.01371E-03   0.00000E+00   8.98404E-05   7.89423E-03   6.58428E-01
 2.56000E+02   1.28000E+02   1.03640E-03  -1.22371E-03   0.00000E+00   3.65286E-05   7.62167E-03   1.27823E+00
 2.56000E+02   1.28000E+02  -6.77506E-04   6.69441E-04   0.00000E+00   3.61319E-05   7.70578E-03   1.26835E+00
 2.56000E+02   1.28000E+02  -5.32027E-04  -5.80732E-04   0.00000E+00   5.29169E-05   1.18016E-02   2.14545E+00
 2.56000E+02   1.28000E+02   4.74217E-04   1.16708E-03   0.00000E+00   4.80163E-05   1.10456E-02   1.85186E+00
 2.56000E+02   1.28000E+02   1.09051E-03   1.21635E-03   0.00000E+00   4.47297E-05   9.66841E-03   1.68063E+00
 2.56000E+02   1.28000E+02   2.04821E-04   1.57305E-03   0.00000E+00   2.16396E-05   3.76176E-03   6.39977E-01
 2.56000E+02   1.28000E+02   7.06935E-04   2.23218E-04   0.00000E+00   4.65268E-05   1.05809E-02   1.81742E+00
 2.56000E+02   1.28000E+02  -1.40131E-03   1.35246E-03   0.00000E+00   2.17742E-05   3.73503E-03   6.27348E-01
 2.56000E+02   1.28000E+02   7.74032E-04  -5.17135E-04   0.00000E+00   2.19447E-05   3.76945E-03   6.44091E-01
 2.56000E+02   1.28000E+02   4.51666E-05  -1.43982E-03   0.00000E+00   5.64570E-05   1.36894E-02   2.52170E+00
 2.56000E+02   1.28000E+02   1.60014E-03   1.49891E-03   0.00000E+00   2.20366E-05   3.75301E-03   6.37863E-01
 2.56000E+02   1.28000E+02  -1.96047E-04  -2.43614E-04   0.00000E+00   2.19211E-05   3.90384E-03   6.25169E-01
 2.56000E+02   1.28000E+02   1.41926E-03  -1.80875E-03   0.00000E+00   6.41239E-05   1.48845E-02   2.80729E+00
 2.56000E+02   1.28000E+02   5.89005E-04   2.92829E-04   0.00000E+00   6.75559E-05   1.58392E-02   2.79879E+00
 2.56000E+02   1.28000E+02  -1.01332E-03  -1.07265E-03   0.00000E+00   2.73213E-05   5.53811E-03   8.98330E-01
 2.56000E+02   1.28000E+02   9.89629E-04   1.36298E-03   0.00000E+00   2.20049E-05   3.82078E-03   6.45787E-01
 2.56000E+02   1.28000E+02   1.14392E-03  -4.44964E-04   0.00000E+00   5.07663E-05   1.12296E-02   2.00458E+00
 2.56000E+02   1.28000E+02   9.11143E-04  -1.36981E-03   0.00000E+00   3.84582E-05   8.08797E-03   1.33297E+00
 2.56000E+02   1.28000E+02   1.83722E-03   1.78385E-03   0.00000E+00   2.84917E-05   5.56154E-03   9.38156E-01
 2.56000E+02   1.28000E+02   1.44297E-03  -3.26479E-04   0.00000E+00   5.38888E-05   1.20852E-02   2.23651E+00
 2.56000E+02   1.28000E+02   5.51971E-04   9.06636E-04   0.00000E+00   3.01515E-05   5.98444E-03   1.01868E+00
 2.56000E+02   1.28000E+02   1.03348E-03  -1.32493E-03   0.00000E+00   2.21131E-05   3.73123E-03   6.41725E-01
 2.56000E+02   1.28000E+02   1.68056E-03   1.87037E-03   0.00000E+00   2.15186E-05   3.76577E-03   6.23538E-01
 2.56000E+02   1.28000E+02  -1.63523E-03  -1.42029E-03   0.00000E+00   2.30052E-05   4.18942E-03   6.83064E-01
 2.56000E+02   1.28000E+02   6.73746E-04  -1.81840E-03   0.00000E+00   3.59866E-05   7.73074E-03   1.22714E+00
 2.56000E+02   1.28000E+02  -8.50190E-04   2.29432E-04   0.00000E+00   4.95525E-05   1.13373E-02   1.97970E+00
 2.56000E+02   1.28000E+02   1.19047E-03   1.74326E-04   0.00000E+00   4.00873E-05   8.68938E-03   1.43294E+00
 2.56000E+02   1.28000E+02   5.83244E-04  -1.22507E-03   0.00000E+00   2.18694E-05   3.72736E-03   6.36670E-01
 2.56000E+02   1.28000E+02   3.87118E-04   1.83270E-03   0.00000E+00   7.45643E-05   1.74409E-02   3.23176E+00
 2.56000E+02   1.28000E+02   1.07165E-04   1.61547E-03   0.00000E+00   2.22871E-05   4.02459E-03   6.81057E-01
 2.56000E+02   1.28000E+02  -2.69202E-04   1.89425E-03   0.00000E+00   2.22797E-05   3.78832E-03   6.48571E-01
 2.56000E+02   1.28000E+02  -1.87121E-03  -5.94377E-04   0.00000E+00   5.71517E-05   1.30180E-02   2.48465E+00
 2.56000E+02   1.28000E+02  -2.44090E-04  -1.35425E-03   0.00000E+00   2.18409E-05   3.77971E-03   6.38535E-01
 2.56000E+02   1.28000E+02  -1.15144E-03   1.39763E-03   0.00000E+00   5.57369E-05   1.26678E-02   2.22159E+00
 2.56000E+02   1.28000E+02  -1.39057E-03  -7.93880E-04   0.00000E+00   2.81479E-05   5.76796E-03   9.33714E-01
 2.56000E+02   1.28000E+02   3.26994E-04   1.09190E-03   0.00000E+00   4.22606E-05   9.00142E-03   1.53961E+00
 2.56000E+02   1.28000E+02  -1.56571E-04   1.93410E-03   0.00000E+00   3.86671E-05   8.18860E-03   1.43424E+00
 2.56000E+02   1.28000E+02   1.73066E-04  -9.06673E-05   0.00000E+00   4.09172E-05   8.75108E-03   1.50666E+00
 2.56000E+02   1.28000E+02   1.69465E-03  -5.71379E-04   0.00000E+00   2.29468E-05   3.95469E-03   6.92103E-01
 2.56000E+02   1.28000E+02  -5.84811E-04   1.76982E-03   0.00000E+00   2.24433E-05   3.78908E-03   6.51826E-01
 2.56000E+02   1.28000E+02  -2.12983E-04  -1.37883E-03   0.00000E+00   2.18958E-05   3.80564E-03   6.37074E-01
 2.56000E+02   1.28000E+02  -3.32693E-04   6.07990E-04   0.00000E+00   3.80848E-05   8.28529E-03   1.37471E+00
 2.56000E+02   1.28000E+02   1.31525E-03  -8.94652E-04   0.00000E+00   3.16860E-05   6.47633E-03   1.03462E+00
 2.56000E+02   1.28000E+02  -8.60870E-04   1.78968E-03   0.00000E+00   6.55811E-05   1.56787E-02   3.36118E+00
 2.56000E+02   1.28000E+02  -1.30056E-03   1.46077E-03   0.00000E+00   4.59845E-05   9.99300E-03   1.78328E+00
 2.56000E+02   1.28000E+02  -1.75187E-03  -1.68722E-03   0.00000E+00   2.98306E-05   6.04956E-03   9.54173E-01
 2.56000E+02   1.28000E+02  -4.20886E-04  -1.62234E-03   0.00000E+00   5.63523E-05   1.32692E-02   2.49579E+00
 2.56000E+02   1.28000E+02  -1.46982E-03   1.68826E-03   0.00000E+00   2.77594E-05   5.32609E-03   9.21039E-01
 2.56000E+02   1.28000E+02  -1.29642E-04  -6.57208E-05   0.00000E+00   4.59649E-05   1.05659E-02   2.12250E+00
 2.56000E+02   1.28000E+02  -4.20043E-04  -1.25840E-03   0.00000E+00   5.02638E-05   1.12750E-02   2.08500E+00
 2.56000E+02   1.28000E+02   5.24547E-06  -1.25444E-03   0.00000E+00   2.13895E-05   3.79926E-03   6.32845E-01
 2.56000E+02   1.28000E+02   1.81693E-04  -6.66727E-04   0.00000E+00   2.91858E-05   6.00950E-03   9.54168E-01
 2.56000E+02   1.28000E+02   5.12037E-04   1.19136E-03   0.00000E+00   3.77763E-05   8.37062E-03   1.38726E+00
 2.56000E+02   1.28000E+02   1.81054E-04  -7.26103E-05   0.00000E+00   2.56818E-05   4.37331E-03   7.56184E-01
 2.56000E+02   1.28000E+02  -7.63057E-04   2.42336E-04   0.00000E+00   5.42125E-05   1.22174E-02   2.23754E+00
 2.56000E+02   1.28000E+02   1.32492E-03  -7.96782E-05   0.00000E+00   2.93505E-05   5.59618E-03   1.01147E+00
 2.56000E+02   1.28000E+02   7.11340E-04  -4.44287E-04   0.00000E+00   4.26890E-05   9.07604E-03   1.56712E+00
 2.56000E+02   1.28000E+02  -4.71544E-04   2.97824E-04   0.00000E+00   6.05816E-05   1.39306E-02   2.70546E+00
 2.56000E+02   1.28000E+02  -3.48419E-04  -1.14936E-03   0.00000E+00   4.14458E-05   8.78381E-03   1.51670E+00
 2.56000E+02   1.28000E+02  -1.16363E-03  -1.07338E-03   0.00000E+00   4.35331E-05   9.82397E-03   1.65106E+00
 2.56000E+02   1.28000E+02  -1.37200E-03   8.43692E-04   0.00000E+00   4.04179E-05   8.87347E-03   1.49670E+00
 2.56000E+02   1.28000E+02   1.80560E-03  -5.99562E-04   0.00000E+00   5.36410E-05   1.20674E-02   2.20795E+00
 2.56000E+02   1.28000E+02  -1.01861E-03   1.26972E-03   0.00000E+00   2.91160E-05   6.05045E-03   9.51492E-01
 2.56000E+02   1.28000E+02  -1.32398E-03  -7.43871E-04   0.00000E+00   3.72565E-05   7.71264E-03   1.32085E+00
 2.56000E+02   1.28000E+02  -5.61260E-04  -8.98565E-04   0.00000E+00   4.62015E-05   1.01432E-02   1.83862E+00
 2.56000E+02   1.28000E+02  -9.70817E-05  -1.75526E-04   0.00000E+00   6.44721E-05   1.59534E-02   3.53916E+00
 2.56000E+02   1.28000E+02   1.46324E-03   3.41128E-04   0.00000E+00   2.53425E-05   5.11215E-03   8.32920E-01
 2.56000E+02   1.28000E+02  -9.17703E-04   2.52683E-04   0.00000E+00   2.17363E-05   3.77807E-03   6.27960E-01
 2.56000E+02   1.28000E+02  -1.09571E-03   1.83232E-04   0.00000E+00   3.72002E-05   8.12544E-03   1.32968E+00
 2.56000E+02   1.28000E+02   5.42339E-04  -3.11687E-04   0.00000E+00   2.69499E-05   4.93004E-03   8.50929E-01
 2.56000E+02   1.28000E+02  -1.39158E-03   1.19417E-03   0.00000E+00   2.21546E-05   3.76855E-03   6.44723E-01
 2.56000E+02   1.28000E+02   2.17224E-04   1.84386E-04   0.00000E+00   2.24447E-05   3.68988E-03   6.52279E-01
 2.56000E+02   1.28000E+02   1.75721E-03  -1.05864E-03   0.00000E+00   3.88532E-05   8.40626E-03   1.45258E+00
 2.56000E+02   1.28000E+02   2.01697E-04   3.67469E-04   0.00000E+00   5.00672E-05   1.15410E-02   2.05374E+00
 2.56000E+02   1.28000E+02   5.52608E-05   8.63745E-05   0.00000E+00   8.25477E-05   2.01752E-02   3.99644E+00
 2.56000E+02   1.28000E+02   4.52608E-04   9.34139E-04   0.00000E+00   2.11378E-05   3.71413E-03   6.19165E-01
 2.56000E+02   1.28000E+02  -1.14536E-03  -7.97723E-04   0.00000E+00   4.02254E-05   8.40662E-03   1.45495E+00
 2.56000E+02   1.28000E+02  -1.43628E-03  -8.43880E-04   0.00000E+00   2.32836E-05   4.16534E-03   7.02609E-01
 2.56000E+02   1.28000E+02   1.37095E-04  -1.43352E-03   0.00000E+00   5.89125E-05   1.39567E-02   2.65826E+00
 2.56000E+02   1.28000E+02   1.35125E-03   1.10171E-03   0.00000E+00   5.39805E-05   1.20689E-02   2.10182E+00
 2.56000E+02   1.28000E+02   1.23089E-03   1.34501E-03   0.00000E+00   3.81422E-05   7.85280E-03   1.30724E+00
 2.56000E+02   1.28000E+02   2.22711E-04   1.92575E-03   0.00000E+00   4.20369E-05   9.62360E-03   1.67207E+00
 2.56000E+02   1.28000E+02   6.51137E-04   5.91156E-04   0.00000E+00   2.69688E-05   5.11742E-03   8.42930E-01
 2.56000E+02   1.28000E+02   1.64061E-03   1.41291E-03   0.00000E+00   2.21754E-05   3.76683E-03   6.41201E-01
 2.56000E+02   1.28000E+02  -6.87954E-04  -1.04820E-03   0.00000E+00   6.12753E-05   1.41300E-02   2.54026E+00
 2.56000E+02   1.28000E+02  -1.89176E-03  -1.24340E-03   0.00000E+00   3.41470E-05   7.25043E-03   1.17985E+00
 2.56000E+02   1.28000E+02  -1.81325E-03  -1.06116E-03   0.00000E+00   3.42123E-05   7.09637E-03   1.25857E+00
 2.56000E+02   1.28000E+02   1.81656E-03   3.78535E-04   0.00000E+00   4.23602E-05   9.22169E-03   1.58512E+00
 2.56000E+02   1.28000E+02  -1.33517E-03  -1.34786E-03   0.00000E+00   2.19218E-05   3.82234E-03   6.23965E-01
 2.56000E+02   1.28000E+02   1.73539E-03  -1.37226E-03   0.00000E+00   3.43614E-05   7.22615E-03   1.22781E+00
 2.56000E+02   1.28000E+02  -3.98779E-04  -6.95554E-04   0.00000E+00   2.18005E-05   3.78815E-03   6.32643E-01
 2.56000E+02   1.28000E+02  -4.03254E-04  -1.60273E-03   0.00000E+00   4.65794E-05   1.02187E-02   1.81276E+00
 2.56000E+02   1.28000E+02   4.16705E-04  -1.75522E-03   0.00000E+00   2.51562E-05   4.85446E-03   7.50704E-01
 2.56000E+02   1.28000E+02   1.91896E-03  -4.39147E-04   0.00000E+00   2.22663E-05   3.80489E-03   6.57633E-01
 2.56000E+02   1.28000E+02   3.05630E-04   7.07974E-04   0.00000E+00   3.46697E-05   7.58092E-03   1.25772E+00
 2.56000E+02   1.28000E+02  -1.84732E-03  -3.14321E-05   0.00000E+00   6.19341E-05   1.61949E-02   3.47530E+00
 2.56000E+02   1.28000E+02  -5.69353E-04   9.51477E-04   0.00000E+00   2.36697E-05   4.49014E-03   7.46645E-01
 2.56000E+02   1.28000E+02  -1.60677E-03  -9.55561E-04   0.00000E+00   2.21022E-05   3.85292E-03   6.39104E-01
 2.56000E+02   1.28000E+02  -1.41121E-03   1.61695E-03   0.00000E+00   3.76666E-05   7.93195E-03   1.38884E+00
 2.56000E+02   1.28000E+02   7.67112E-04   2.89433E-04   0.00000E+00   2.15374E-05   3.76511E-03   6.25032E-01
 2.56000E+02   1.28000E+02   1.68532E-03  -1.40048E-03   0.00000E+00   2.17462E-05   3.76175E-03   6.30219E-01
