        Grid    Cell/Diam.        Center        Center        Center        Radius       Tangent     Curvature
        Size                           X             Y             Z         Error         Error         Error
 1.60000E+01   8.00000E+00   1.94325E-02  -3.01030E-02   2.47021E-02   3.71517E-03   7.67682E-02   1.29806E+00
 1.60000E+01   8.00000E+00   1.07242E-02   7.53666E-03   8.22079E-03   2.77517E-03   4.79545E-02   9.25241E-01
 1.60000E+01   8.00000E+00   2.96001E-02  -2.93964E-02  -2.11782E-02   1.21429E-02   1.48038E-01   4.56248E+00
 1.60000E+01   8.00000E+00   1.75447E-04  -1.49558E-02   2.70276E-02   4.59504E-03   2.70186E-02   4.81797E-01
 1.60000E+01   8.00000E+00  -7.28291E-03   2.30342E-02   2.41284E-03   7.37178E-03   1.17147E-01   1.05923E+00
 1.60000E+01   8.00000E+00  -2.34270E-02   8.68906E-03  -1.95242E-02   5.08298E-03   9.28966E-02   1.43134E+00
 1.60000E+01   8.00000E+00  -7.30744E-03  -1.67785E-02   2.62957E-02   1.08748E-02   1.21983E-01   9.70921E-01
 1.60000E+01   8.00000E+00   1.18510E-02   8.57799E-03   1.80694E-02   7.73035E-03   9.76738E-02   1.28462E+00
 1.60000E+01   8.00000E+00  -2.80119E-02   2.10382E-02   9.03821E-03   8.34412E-03   1.70528E-01   2.50137E+00
 1.60000E+01   8.00000E+00  -1.48749E-04   7.67660E-03   1.77369E-02   4.41641E-03   8.72224E-02   1.35037E+00
 1.60000E+01   8.00000E+00  -8.82821E-03   7.58646E-03   3.55585E-03   4.60343E-03   9.49047E-02   1.69742E+00
 1.60000E+01   8.00000E+00  -2.24008E-02   1.76577E-02  -2.70247E-02   7.48669E-03   9.89290E-02   1.53452E+00
 1.60000E+01   8.00000E+00  -3.01608E-03   9.90676E-04   1.19762E-02   5.53936E-03   8.71089E-02   1.08317E+00
 1.60000E+01   8.00000E+00  -6.04956E-03  -1.82802E-02  -3.02002E-02   8.40100E-03   1.12991E-01   1.22642E+00
 1.60000E+01   8.00000E+00  -1.00327E-02  -5.29484E-03   7.99247E-03   7.65651E-03   9.75863E-02   8.05894E-01
 1.60000E+01   8.00000E+00   9.69595E-04   3.00615E-02   2.72872E-02   5.45902E-03   9.51073E-02   1.25642E+00
 1.60000E+01   8.00000E+00  -1.17059E-03  -2.84433E-02   2.19557E-02   5.41604E-03   8.30151E-02   1.57071E+00
 1.60000E+01   8.00000E+00   4.11089E-03  -3.17211E-04   1.84482E-02   2.10673E-03   5.09993E-02   1.76102E+00
 1.60000E+01   8.00000E+00   1.73497E-02  -2.13932E-02  -9.24756E-04   1.59410E-03   4.26321E-02   5.44584E-01
 1.60000E+01   8.00000E+00   7.65033E-03   2.43636E-02   1.45855E-02   7.41621E-03   1.04015E-01   1.31295E+00
 1.60000E+01   8.00000E+00  -2.44826E-02   9.14259E-03   1.20911E-02   4.87238E-03   7.78664E-02   1.00347E+00
 1.60000E+01   8.00000E+00  -1.83857E-02  -1.43985E-02  -2.91065E-02   5.38838E-03   8.61147E-02   1.26246E+00
 1.60000E+01   8.00000E+00  -2.93069E-02   1.70606E-02   1.85487E-02   4.41685E-03   1.29466E-01   1.90954E+00
 1.60000E+01   8.00000E+00   2.97106E-02  -2.06915E-02  -8.88836E-03   5.80684E-03   5.79106E-02   1.19818E+00
 1.60000E+01   8.00000E+00   6.74779E-03   2.83509E-02   3.11022E-02   8.83718E-03   8.17531E-02   1.25277E+00
 1.60000E+01   8.00000E+00   2.52328E-02  -1.98460E-02   1.77972E-02   5.63557E-03   1.15062E-02   4.31030E-01
 1.60000E+01   8.00000E+00   1.66533E-02   7.48345E-04   2.15484E-02   2.37171E-03   7.92372E-02   9.96944E-01
 1.60000E+01   8.00000E+00   5.93469E-03   1.99398E-02   3.45435E-03   5.35255E-03   8.27439E-02   1.78615E+00
 1.60000E+01   8.00000E+00   2.36319E-02   1.04346E-02  -4.22402E-03   8.49920E-03   6.82920E-02   4.83240E+00
 1.60000E+01   8.00000E+00  -1.94721E-02  -1.55241E-02   1.73136E-02   1.83544E-03   6.46366E-02   9.67828E-01
 1.60000E+01   8.00000E+00  -2.08182E-02  -3.02306E-02  -1.66139E-02   7.06019E-03   1.31857E-01   1.36495E+00
 1.60000E+01   8.00000E+00  -4.99459E-03   1.72725E-02  -1.04970E-02   6.27639E-03   5.51559E-02   1.11701E+00
 1.60000E+01   8.00000E+00   1.06026E-02   1.45766E-02   1.84849E-02   9.54275E-03   1.17396E-01   1.30970E+00
 1.60000E+01   8.00000E+00   3.01652E-02   4.62862E-04  -5.15940E-03   2.13849E-03   4.42401E-02   7.55719E-01
 1.60000E+01   8.00000E+00  -1.49365E-02   2.10775E-02   4.03683E-03   3.91095E-03   5.94997E-02   8.99265E-01
 1.60000E+01   8.00000E+00  -2.83963E-02  -9.93036E-04   2.74872E-02   5.15666E-03   7.79459E-02   1.50380E+00
 1.60000E+01   8.00000E+00   2.86893E-02   1.23571E-02  -1.32291E-02   5.83024E-03   7.90204E-02   1.27035E+00
 1.60000E+01   8.00000E+00  -2.47215E-02  -2.15413E-02  -2.85724E-02   2.69044E-03   6.87484E-02   3.73969E+00
 1.60000E+01   8.00000E+00   2.76002E-02  -1.41180E-02   2.06794E-02   7.37084E-03   1.24962E-01   1.55914E+00
 1.60000E+01   8.00000E+00  -2.96844E-02  -1.78293E-02   1.01056E-03   6.84453E-03   6.17055E-02   1.02549E+00
 1.60000E+01   8.00000E+00  -2.64378E-02   3.35072E-03   4.49903E-03   7.04934E-03   1.12864E-01   1.89364E+00
 1.60000E+01   8.00000E+00  -4.73973E-03  -1.42612E-02  -7.25927E-03   5.97439E-03   9.97270E-02   2.12712E+00
 1.60000E+01   8.00000E+00  -1.25499E-02   5.67804E-03   1.91061E-02   2.01387E-03   4.39638E-02   8.65890E-01
 1.60000E+01   8.00000E+00  -2.07736E-02   2.62398E-03   2.03210E-03   2.00087E-03   3.97065E-02   9.08467E-01
 1.60000E+01   8.00000E+00  -2.30370E-03  -2.60558E-02  -1.40353E-02   9.58295E-03   1.48328E-01   5.09933E+00
 1.60000E+01   8.00000E+00   2.40302E-02   1.24596E-02  -6.30857E-03   5.31835E-03   6.22823E-02   1.35509E+00
 1.60000E+01   8.00000E+00   1.39213E-02  -6.07024E-03   8.76423E-03   5.99899E-03   8.09241E-02   1.02451E+00
 1.60000E+01   8.00000E+00   2.97282E-02  -2.52938E-02   3.90457E-03   4.07999E-03   8.92737E-02   1.32151E+00
 1.60000E+01   8.00000E+00  -2.00219E-02  -2.18027E-02   1.84765E-02   7.12679E-03   5.33219E-02   9.65924E-01
 1.60000E+01   8.00000E+00   3.48399E-03  -1.81951E-02  -2.85380E-03   4.81522E-03   5.83775E-02   1.31901E+00
 1.60000E+01   8.00000E+00   3.10386E-02   1.44619E-02   7.64898E-03   2.60554E-03   3.32767E-02   1.63850E+00
 1.60000E+01   8.00000E+00  -4.22237E-03  -4.61609E-04  -2.00988E-02   6.04472E-03   9.13766E-02   9.89260E-01
 1.60000E+01   8.00000E+00   2.92999E-02   1.64230E-02  -1.90456E-02   5.18911E-03   7.01187E-02   2.65366E+00
 1.60000E+01   8.00000E+00  -4.28810E-04  -4.58292E-03  -5.98551E-03   4.13879E-03   5.81243E-02   1.49404E+00
 1.60000E+01   8.00000E+00   3.27331E-03   2.17169E-02  -3.49708E-03   3.49640E-03   4.42394E-02   1.03364E+00
 1.60000E+01   8.00000E+00   1.88938E-02  -1.82133E-02  -1.76226E-02   2.86753E-03   6.54928E-02   1.37642E+00
 1.60000E+01   8.00000E+00   2.47374E-02  -5.63936E-03  -1.29168E-03   9.20423E-03   8.45610E-02   1.02923E+00
 1.60000E+01   8.00000E+00  -2.97429E-02   1.49299E-02   9.42117E-03   1.94699E-03   3.89128E-02   7.32436E-01
 1.60000E+01   8.00000E+00  -2.05301E-02   5.34569E-03   2.28662E-02   7.17819E-03   1.26444E-01   1.20762E+00
 1.60000E+01   8.00000E+00   5.23271E-04   7.74787E-04  -9.11973E-03   5.01090E-03   5.76248E-02   1.16504E+00
 1.60000E+01   8.00000E+00  -7.79311E-03   2.26031E-02  -9.20988E-03   7.38194E-03   8.51872E-02   2.48034E+00
 1.60000E+01   8.00000E+00  -2.55245E-02  -1.33342E-02  -1.68173E-02   8.66148E-03   1.65191E-01   1.43586E+00
 1.60000E+01   8.00000E+00   2.07836E-02   1.26861E-02  -4.01639E-03   8.36629E-03   5.89156E-02   1.42722E+00
 1.60000E+01   8.00000E+00   1.93536E-02  -1.68717E-03  -1.75918E-02   6.86062E-03   6.72588E-02   1.30326E+00
 1.60000E+01   8.00000E+00  -1.60694E-02   4.18464E-03  -1.86096E-03   6.35453E-03   1.12238E-01   6.56564E+00
 1.60000E+01   8.00000E+00   2.27669E-03  -1.58918E-04   2.14336E-03   7.77186E-03   1.05935E-01   2.64398E+00
 1.60000E+01   8.00000E+00   1.88781E-02  -1.98612E-03   1.66378E-02   3.50847E-03   5.72355E-02   6.96024E-01
 1.60000E+01   8.00000E+00   2.06754E-02  -8.53810E-03   2.98800E-02   6.03997E-03   8.63108E-02   1.32193E+00
 1.60000E+01   8.00000E+00   3.81869E-03   2.72587E-02   3.08742E-02   7.81879E-03   7.85506E-02   9.63834E-01
 1.60000E+01   8.00000E+00   1.51592E-02  -1.83799E-02  -2.76010E-02   1.07115E-02   1.36492E-01   8.02967E+00
 1.60000E+01   8.00000E+00  -1.87867E-02  -5.78469E-03   2.45722E-02   9.62773E-03   7.71119E-02   1.49729E+00
 1.60000E+01   8.00000E+00  -2.08595E-03   2.94169E-02  -6.41375E-03   9.08922E-03   1.26963E-01   1.83460E+00
 1.60000E+01   8.00000E+00   1.47758E-02   2.67238E-02  -4.08450E-03   1.17263E-02   7.23622E-02   4.33138E+00
 1.60000E+01   8.00000E+00   2.74036E-02  -1.53232E-02   1.97357E-02   5.44872E-03   9.75659E-02   8.16625E-01
 1.60000E+01   8.00000E+00   1.53894E-02   9.44286E-03   1.74306E-02   5.11482E-03   4.97124E-02   8.09876E-01
 1.60000E+01   8.00000E+00   4.22978E-03  -2.27289E-02   2.83665E-02   2.06380E-03   4.30530E-02   1.06684E+00
 1.60000E+01   8.00000E+00   3.05370E-02  -8.47489E-03   5.35396E-03   7.05452E-03   8.19702E-02   1.03261E+00
 1.60000E+01   8.00000E+00  -1.12662E-02   7.59321E-03  -6.08926E-05   2.83611E-03   4.27110E-02   4.62519E-01
 1.60000E+01   8.00000E+00  -1.00398E-02   4.41811E-03  -8.75446E-03   6.66648E-03   1.38628E-01   1.95566E+00
 1.60000E+01   8.00000E+00  -2.94636E-02   1.60877E-02   1.78242E-02   3.16168E-03   6.44275E-02   1.03433E+00
 1.60000E+01   8.00000E+00  -1.49819E-02  -3.09051E-02  -3.59519E-03   8.54186E-03   4.18641E-02   1.11683E+00
 1.60000E+01   8.00000E+00   2.78636E-02   2.97637E-02   1.44885E-03   6.74198E-03   8.28150E-02   1.25024E+00
 1.60000E+01   8.00000E+00  -2.22068E-02   3.73190E-03   3.19315E-03   3.28764E-03   5.15699E-02   8.48182E-01
 1.60000E+01   8.00000E+00   8.60489E-03   1.00495E-02   2.58663E-02   8.62236E-03   1.24099E-01   1.29959E+00
 1.60000E+01   8.00000E+00   4.17841E-04  -6.70431E-03   1.98720E-02   7.30044E-03   1.03904E-01   1.49905E+00
 1.60000E+01   8.00000E+00  -1.79680E-02   2.75628E-02  -3.08694E-02   7.44976E-03   1.14705E-01   1.59624E+00
 1.60000E+01   8.00000E+00  -3.08403E-03   1.68503E-02   7.44219E-03   3.32087E-03   8.13776E-02   1.10786E+00
 1.60000E+01   8.00000E+00  -2.31076E-02  -1.62128E-02  -2.81320E-02   6.91815E-03   1.27481E-01   1.41985E+00
 1.60000E+01   8.00000E+00  -1.34806E-02  -7.29450E-03  -1.64343E-02   2.92426E-03   5.28474E-02   9.69726E-01
 1.60000E+01   8.00000E+00  -1.24798E-02  -2.22251E-03  -7.59812E-03   5.46407E-03   9.09267E-02   1.28901E+00
 1.60000E+01   8.00000E+00   1.72319E-02   8.69681E-03  -1.83791E-02   5.68247E-03   7.05284E-02   1.03950E+00
 1.60000E+01   8.00000E+00  -3.10626E-02  -2.97829E-02  -1.73993E-03   5.55386E-03   9.48710E-02   1.49103E+00
 1.60000E+01   8.00000E+00   2.84702E-02  -2.67853E-02  -3.10591E-03   6.13152E-03   7.81871E-02   6.39532E-01
 1.60000E+01   8.00000E+00   1.24215E-02  -9.24965E-03   1.69458E-02   3.09220E-03   6.28579E-02   8.35954E-01
 1.60000E+01   8.00000E+00   2.58255E-02   5.17883E-03  -8.64393E-03   4.32666E-03   8.67319E-02   1.29856E+00
 1.60000E+01   8.00000E+00  -1.37385E-02   2.86929E-02   2.07910E-02   5.50686E-03   9.56484E-02   1.32157E+00
 1.60000E+01   8.00000E+00  -6.79092E-03  -6.10524E-03  -5.00451E-03   1.24428E-02   1.53732E-01   1.96657E+00
 1.60000E+01   8.00000E+00   2.63674E-02  -2.11359E-02   2.70821E-02   7.85267E-03   1.07878E-01   1.38129E+00
 1.60000E+01   8.00000E+00  -2.02845E-02  -1.37003E-02  -1.16563E-02   3.86565E-03   6.20639E-02   1.36126E+00
 1.60000E+01   8.00000E+00   2.32524E-02   3.68572E-03  -5.07663E-03   5.12337E-03   1.06639E-01   1.40466E+00
 1.60000E+01   8.00000E+00  -2.49343E-02  -2.03158E-02   1.54098E-02   6.20649E-03   6.74438E-02   1.04333E+00
 3.20000E+01   1.60000E+01   3.96803E-03  -8.24124E-03   1.10710E-02   4.39983E-04   3.45283E-02   8.28385E-01
 3.20000E+01   1.60000E+01   7.43115E-04  -1.53982E-02   1.19128E-02   1.62079E-03   6.06152E-02   2.51694E+00
 3.20000E+01   1.60000E+01   7.42157E-03  -1.08052E-02   7.04886E-03   2.36939E-03   3.47537E-02   2.42258E+00
 3.20000E+01   1.60000E+01   3.04048E-03  -1.36461E-02   1.85038E-03   1.36879E-03   7.93540E-02   1.69238E+00
 3.20000E+01   1.60000E+01   1.09904E-03  -1.04025E-02   1.45602E-02   1.75117E-03   4.23617E-02   1.74218E+00
 3.20000E+01   1.60000E+01   5.62579E-03  -7.14874E-03   1.36145E-02   1.82130E-03   4.57513E-02   1.62720E+00
 3.20000E+01   1.60000E+01   1.41962E-02  -2.79489E-03   9.81055E-03   1.87487E-03   8.09318E-02   2.01557E+00
 3.20000E+01   1.60000E+01   7.97967E-03  -2.86445E-03  -1.02393E-02   1.02075E-03   4.31306E-02   3.90853E+00
 3.20000E+01   1.60000E+01   9.64577E-03   2.42251E-03  -7.41942E-03   6.38199E-04   2.91813E-02   3.58344E+00
 3.20000E+01   1.60000E+01  -1.04717E-02  -6.34780E-03  -9.38056E-03   4.52510E-04   3.65152E-02   1.54858E+00
 3.20000E+01   1.60000E+01   1.01458E-02  -1.17661E-02   1.10518E-02   1.28818E-03   5.87576E-02   2.12373E+00
 3.20000E+01   1.60000E+01   2.05011E-03   3.29397E-03   1.33033E-02   1.57583E-03   4.39770E-02   1.43669E+00
 3.20000E+01   1.60000E+01   1.53116E-02   1.17140E-03   4.99878E-03   2.11033E-03   7.21369E-02   2.42018E+00
 3.20000E+01   1.60000E+01  -2.45173E-03   1.15791E-02   7.15954E-03   2.24247E-03   9.03968E-02   1.73470E+00
 3.20000E+01   1.60000E+01   2.03263E-03   5.23125E-03   1.39371E-02   1.91231E-03   4.21043E-02   1.33137E+00
 3.20000E+01   1.60000E+01  -2.98004E-03  -5.71089E-03   1.26147E-02   1.64451E-03   2.91008E-02   1.48545E+00
 3.20000E+01   1.60000E+01  -4.08788E-03   5.71131E-03  -4.16223E-03   1.43742E-03   3.38803E-02   1.43056E+00
 3.20000E+01   1.60000E+01  -1.26728E-02  -5.81354E-03  -5.50195E-03   1.61505E-03   7.61397E-02   3.30400E+00
 3.20000E+01   1.60000E+01  -9.77309E-03   6.60786E-03   3.96984E-03   2.63733E-03   9.08653E-02   2.29277E+00
 3.20000E+01   1.60000E+01  -1.47992E-02   1.25758E-02  -7.44246E-03   2.45344E-03   8.27550E-02   2.18422E+00
 3.20000E+01   1.60000E+01  -7.46161E-03  -1.36517E-02   3.64553E-03   1.89936E-03   4.70821E-02   1.70925E+00
 3.20000E+01   1.60000E+01   6.12452E-03  -1.64582E-03   7.49840E-03   2.21859E-03   3.87468E-02   1.36523E+00
 3.20000E+01   1.60000E+01   3.12025E-03  -2.62339E-03   1.52942E-02   6.17965E-04   3.66516E-02   1.62542E+00
 3.20000E+01   1.60000E+01  -4.93257E-04   1.26662E-02  -9.24113E-03   2.10152E-03   5.89957E-02   2.05310E+00
 3.20000E+01   1.60000E+01   1.28680E-02   5.34966E-03   6.92431E-03   1.82288E-03   6.42777E-02   1.77898E+00
 3.20000E+01   1.60000E+01  -8.15192E-03   6.53608E-03  -9.48246E-03   4.96110E-04   4.08129E-02   1.22210E+00
 3.20000E+01   1.60000E+01  -1.27585E-02  -9.47908E-03   9.62855E-03   1.07768E-03   4.88262E-02   1.63638E+00
 3.20000E+01   1.60000E+01   9.11634E-03  -1.33114E-02   1.24709E-02   1.75758E-03   5.87176E-02   1.94119E+00
 3.20000E+01   1.60000E+01   3.20419E-03   1.15280E-02  -7.75134E-03   1.99625E-03   5.73143E-02   8.77108E+00
 3.20000E+01   1.60000E+01   2.56409E-03   3.50093E-03  -4.61495E-03   1.56817E-03   4.94647E-02   1.80692E+00
 3.20000E+01   1.60000E+01  -1.12662E-02   4.30873E-03  -4.62882E-03   6.89878E-04   5.00648E-02   2.46377E+00
 3.20000E+01   1.60000E+01   7.15352E-03   4.94259E-03  -2.95345E-03   1.24148E-03   2.90994E-02   1.50984E+00
 3.20000E+01   1.60000E+01  -5.12097E-03  -8.73672E-03   7.12921E-03   1.12963E-03   5.52488E-02   2.59450E+00
 3.20000E+01   1.60000E+01  -7.85083E-04  -1.33750E-04  -1.35455E-02   1.14585E-03   6.01436E-02   1.72069E+00
 3.20000E+01   1.60000E+01   4.22178E-03  -2.94011E-03  -3.53180E-03   2.46399E-03   5.93105E-02   2.28316E+00
 3.20000E+01   1.60000E+01  -1.38820E-03   5.60488E-03  -1.12500E-02   1.47318E-03   4.36308E-02   2.31199E+00
 3.20000E+01   1.60000E+01   4.17304E-03  -4.81894E-03  -6.77833E-03   1.80729E-03   6.61807E-02   2.73889E+00
 3.20000E+01   1.60000E+01   4.61546E-03   1.46769E-02   5.17904E-03   1.86717E-03   7.33664E-02   1.47399E+00
 3.20000E+01   1.60000E+01  -4.26621E-03  -1.06911E-02  -1.79351E-03   1.31179E-03   5.89275E-02   1.20077E+00
 3.20000E+01   1.60000E+01  -1.26437E-02  -3.71696E-03  -8.53874E-03   1.44802E-03   6.53188E-02   2.14322E+00
 3.20000E+01   1.60000E+01  -1.55929E-02   1.53644E-02   4.87906E-03   1.18593E-03   5.84029E-02   2.73699E+00
 3.20000E+01   1.60000E+01  -1.30382E-02   8.83195E-03   1.48325E-02   2.53851E-03   8.67423E-02   1.93377E+00
 3.20000E+01   1.60000E+01   1.47976E-02  -1.49512E-02  -7.68698E-03   2.16749E-03   7.28748E-02   2.36889E+00
 3.20000E+01   1.60000E+01  -1.12123E-02  -9.35439E-03   2.56536E-03   1.25632E-03   4.21802E-02   1.88354E+00
 3.20000E+01   1.60000E+01  -6.77764E-03   5.02648E-03  -5.02450E-03   1.46726E-03   4.62629E-02   1.30110E+00
 3.20000E+01   1.60000E+01   7.67665E-03  -3.11169E-03  -1.15780E-02   1.76057E-03   6.12332E-02   2.12146E+00
 3.20000E+01   1.60000E+01   6.74140E-03   1.28603E-02  -1.22291E-02   1.30185E-03   3.10261E-02   1.50210E+00
 3.20000E+01   1.60000E+01  -8.46983E-03  -4.80116E-03  -3.80109E-03   1.91581E-03   9.83855E-02   2.00355E+00
 3.20000E+01   1.60000E+01  -1.30994E-02  -3.81200E-04   1.47856E-02   1.91110E-03   8.33934E-02   1.78424E+00
 3.20000E+01   1.60000E+01   1.26600E-02  -9.85760E-03   3.33194E-03   1.00714E-03   4.41245E-02   1.66236E+00
 3.20000E+01   1.60000E+01  -1.33544E-02  -1.32559E-02  -1.04017E-02   3.84457E-03   1.05109E-01   2.20438E+00
 3.20000E+01   1.60000E+01   3.23677E-03   1.09833E-02   4.43860E-03   2.43948E-03   6.31751E-02   1.84754E+00
 3.20000E+01   1.60000E+01  -1.18507E-02   9.67666E-03  -1.04943E-02   2.39049E-03   8.74523E-02   2.55974E+00
 3.20000E+01   1.60000E+01   6.98406E-03  -4.76214E-03  -1.53790E-02   2.05905E-03   7.88459E-02   1.98218E+00
 3.20000E+01   1.60000E+01   1.03222E-02   1.98750E-03  -1.34487E-02   1.27725E-03   5.11685E-02   2.41460E+00
 3.20000E+01   1.60000E+01   3.85706E-03  -7.93708E-04   7.24670E-03   1.31347E-03   5.53415E-02   1.71424E+00
 3.20000E+01   1.60000E+01  -1.40454E-02   1.49831E-02  -3.37978E-03   7.36407E-04   5.64899E-02   1.53946E+00
 3.20000E+01   1.60000E+01  -1.01056E-02   5.75994E-03  -1.17221E-02   2.71285E-03   7.45729E-02   3.28165E+00
 3.20000E+01   1.60000E+01  -5.25103E-03   2.40724E-03   1.15172E-02   2.15459E-03   5.51814E-02   1.88189E+00
 3.20000E+01   1.60000E+01  -7.18726E-03  -7.44195E-03   1.27474E-02   3.29245E-03   7.51761E-02   2.14115E+00
 3.20000E+01   1.60000E+01   1.23444E-02  -9.96691E-03   4.17588E-03   1.72773E-03   6.13099E-02   1.55162E+00
 3.20000E+01   1.60000E+01  -8.70322E-03   1.01725E-02   9.66706E-03   2.36945E-03   6.12573E-02   1.69907E+00
 3.20000E+01   1.60000E+01  -9.25036E-03  -4.29757E-03   5.39797E-03   1.10977E-03   4.22867E-02   1.65572E+00
 3.20000E+01   1.60000E+01  -8.38611E-03   4.29198E-03   1.45618E-02   3.18545E-03   9.99823E-02   2.09902E+00
 3.20000E+01   1.60000E+01   1.59248E-03  -1.27195E-02   3.98630E-03   3.56231E-03   1.03823E-01   1.88863E+00
 3.20000E+01   1.60000E+01  -1.16441E-02   1.02027E-03   6.70994E-04   5.79299E-04   3.55493E-02   1.40791E+00
 3.20000E+01   1.60000E+01  -1.50043E-02  -4.98537E-03   2.57342E-03   2.18928E-03   3.23368E-02   1.41934E+00
 3.20000E+01   1.60000E+01  -3.51934E-03  -6.44187E-03  -1.30913E-02   4.39968E-04   2.35744E-02   1.78603E+00
 3.20000E+01   1.60000E+01   1.10094E-02   3.18136E-03  -4.27647E-03   2.06642E-03   5.44273E-02   3.17795E+00
 3.20000E+01   1.60000E+01   8.17615E-03  -1.71880E-03   6.56437E-03   1.38695E-03   4.43257E-02   2.21845E+00
 3.20000E+01   1.60000E+01   1.18411E-02  -9.44256E-03  -3.63095E-03   9.97183E-04   4.67491E-02   1.17116E+00
 3.20000E+01   1.60000E+01   1.47162E-02  -5.47054E-03  -4.25674E-03   1.96700E-03   4.96208E-02   2.67512E+00
 3.20000E+01   1.60000E+01   1.15524E-02   4.35740E-03   1.06956E-02   9.64515E-04   5.91880E-02   1.58115E+00
 3.20000E+01   1.60000E+01   4.97896E-03  -1.33390E-02   6.76414E-03   1.12794E-03   7.25126E-02   2.10767E+00
 3.20000E+01   1.60000E+01  -3.64319E-03   8.48738E-04  -1.26554E-02   2.09629E-03   9.00277E-02   2.01794E+00
 3.20000E+01   1.60000E+01   1.28304E-02   1.17155E-02   6.16630E-03   1.61935E-03   3.90907E-02   1.31716E+00
 3.20000E+01   1.60000E+01  -6.32220E-03   8.54400E-03   1.39606E-02   1.09578E-03   4.48589E-02   7.70791E-01
 3.20000E+01   1.60000E+01  -8.77701E-03   1.13696E-02  -2.50651E-03   6.56914E-04   2.31007E-02   3.79701E+00
 3.20000E+01   1.60000E+01   7.00726E-03  -9.19643E-03   1.20746E-02   1.52773E-03   6.46499E-02   1.99800E+00
 3.20000E+01   1.60000E+01  -2.03885E-03  -1.14293E-02   6.38472E-03   1.15447E-03   3.38776E-02   1.53343E+00
 3.20000E+01   1.60000E+01  -1.10990E-03  -1.35238E-02   1.55419E-02   1.34262E-03   6.01480E-02   1.72587E+00
 3.20000E+01   1.60000E+01   5.85010E-05  -7.57370E-03   6.37647E-03   1.79600E-03   7.50209E-02   2.53792E+00
 3.20000E+01   1.60000E+01   3.41012E-03  -4.23906E-03   7.41557E-03   1.07547E-03   3.92822E-02   1.74748E+00
 3.20000E+01   1.60000E+01  -5.65882E-03   1.07613E-02  -9.96066E-03   9.49086E-04   3.66169E-02   1.29501E+00
 3.20000E+01   1.60000E+01   1.60095E-03   7.89532E-03  -1.10184E-02   2.12574E-03   5.93327E-02   2.20896E+00
 3.20000E+01   1.60000E+01   1.38946E-02  -8.24305E-03  -9.28188E-03   1.94660E-03   7.45212E-02   2.18176E+00
 3.20000E+01   1.60000E+01  -4.72994E-04   3.82833E-03  -1.42801E-03   1.11490E-03   4.93510E-02   1.93578E+00
 3.20000E+01   1.60000E+01   1.20407E-02  -1.43438E-02  -2.12109E-03   2.35964E-03   9.41681E-02   2.30611E+00
 3.20000E+01   1.60000E+01   9.04853E-03   5.55143E-03  -3.74367E-03   1.86487E-03   4.27396E-02   1.57059E+00
 3.20000E+01   1.60000E+01   1.14936E-02  -1.12934E-02   5.52533E-03   2.13490E-03   5.07382E-02   5.14834E+00
 3.20000E+01   1.60000E+01   7.89496E-03  -1.10584E-02  -7.22422E-03   1.24956E-03   3.01883E-02   1.32300E+00
 3.20000E+01   1.60000E+01  -1.42418E-02   9.58414E-03  -1.51211E-02   3.46815E-03   1.08612E-01   2.18692E+00
 3.20000E+01   1.60000E+01  -4.90942E-03  -1.27633E-02   7.20506E-03   1.33560E-03   7.52788E-02   2.45161E+00
 3.20000E+01   1.60000E+01  -1.06289E-02  -2.18765E-03   2.30369E-03   1.00555E-03   4.71714E-02   1.66727E+00
 3.20000E+01   1.60000E+01   5.54001E-03  -7.56402E-03  -9.34264E-03   6.31873E-04   2.41684E-02   3.44228E+00
 3.20000E+01   1.60000E+01  -1.05866E-02   1.41648E-02   1.23322E-03   2.80720E-03   1.03949E-01   2.80723E+00
 3.20000E+01   1.60000E+01   2.58897E-03  -5.71980E-03  -1.33607E-02   8.58942E-04   4.23266E-02   3.97694E+00
 3.20000E+01   1.60000E+01  -8.80968E-03  -2.72353E-03   1.07396E-02   2.20157E-03   4.56210E-02   1.48378E+00
 3.20000E+01   1.60000E+01  -1.24251E-03   3.03537E-03   6.39140E-03   2.99431E-03   8.40039E-02   2.14865E+00
 3.20000E+01   1.60000E+01  -1.46351E-02   1.35582E-04  -5.57545E-03   1.41751E-03   2.44884E-02   1.85416E+00
 3.20000E+01   1.60000E+01  -8.59879E-05  -3.60181E-03   5.79248E-03   1.42769E-03   6.75920E-02   2.18014E+00
 6.40000E+01   3.20000E+01   2.22759E-03  -4.61133E-03   2.03605E-03   2.30213E-04   2.68439E-02   2.27049E+00
 6.40000E+01   3.20000E+01  -3.02482E-03   1.99352E-03  -3.69918E-03   7.33386E-04   5.00975E-02   2.98541E+00
 6.40000E+01   3.20000E+01   5.74564E-03  -4.94341E-03  -6.15033E-03   6.60413E-04   5.25276E-02   2.80245E+00
 6.40000E+01   3.20000E+01   3.88104E-03   4.88347E-04   5.57012E-03   3.14211E-04   2.98013E-02   1.90704E+00
 6.40000E+01   3.20000E+01  -2.53235E-03  -2.78523E-03   2.71992E-03   3.61018E-04   2.03054E-02   2.04649E+00
 6.40000E+01   3.20000E+01  -2.25074E-03  -6.80996E-03  -5.78213E-03   3.06422E-04   3.67205E-02   2.22804E+00
 6.40000E+01   3.20000E+01  -4.79139E-03  -6.28942E-04   3.62865E-03   8.83037E-04   4.27173E-02   2.48781E+00
 6.40000E+01   3.20000E+01  -6.47960E-03  -2.82359E-03   3.01144E-03   3.79245E-04   4.94151E-02   2.16815E+00
 6.40000E+01   3.20000E+01  -7.10134E-03   7.10905E-03   5.49797E-03   2.72260E-04   1.85973E-02   5.07686E+00
 6.40000E+01   3.20000E+01  -5.32707E-03  -2.02347E-03   6.35618E-03   8.34935E-04   5.84935E-02   2.63326E+00
 6.40000E+01   3.20000E+01   3.85538E-04   5.27548E-03  -3.51495E-03   4.82707E-04   3.65082E-02   2.71922E+00
 6.40000E+01   3.20000E+01   7.10586E-03  -7.13448E-03  -3.21469E-03   7.49925E-04   6.04907E-02   3.80946E+00
 6.40000E+01   3.20000E+01  -3.22264E-03   5.62493E-03  -2.24707E-03   6.79153E-04   5.78230E-02   2.99046E+00
 6.40000E+01   3.20000E+01  -3.33646E-03  -9.30125E-04  -3.22184E-03   6.12670E-04   5.21141E-02   2.92038E+00
 6.40000E+01   3.20000E+01   3.58887E-03  -3.53007E-03  -6.90560E-03   5.56921E-04   5.05845E-02   2.95426E+00
 6.40000E+01   3.20000E+01   6.55766E-03   5.80451E-03   4.34535E-03   3.59718E-04   3.20530E-02   2.56794E+00
 6.40000E+01   3.20000E+01  -1.52033E-03  -2.57209E-03   6.07607E-03   8.50437E-04   3.52315E-02   3.08377E+00
 6.40000E+01   3.20000E+01  -4.83112E-03   4.10547E-03  -5.44303E-03   4.08998E-04   4.79312E-02   2.91507E+00
 6.40000E+01   3.20000E+01   8.66234E-04  -5.18574E-03   4.59690E-04   2.72960E-04   3.47425E-02   2.33449E+00
 6.40000E+01   3.20000E+01   5.43864E-03   6.50382E-03  -3.78663E-04   5.11987E-04   4.00557E-02   2.23938E+00
 6.40000E+01   3.20000E+01   5.66795E-03   6.63963E-03  -6.42584E-03   8.87856E-04   5.39389E-02   3.19379E+00
 6.40000E+01   3.20000E+01  -7.25356E-03  -1.29233E-04   3.83516E-03   3.11275E-04   3.57269E-02   2.78263E+00
 6.40000E+01   3.20000E+01   5.05854E-03   1.80966E-03   3.60530E-03   3.25629E-04   2.02048E-02   1.91081E+00
 6.40000E+01   3.20000E+01   2.59544E-03   6.88252E-03  -5.67491E-03   2.69434E-04   3.17629E-02   2.18292E+00
 6.40000E+01   3.20000E+01   4.25306E-03  -5.22774E-03  -6.68230E-04   3.18041E-04   3.05399E-02   2.48197E+00
 6.40000E+01   3.20000E+01   4.45093E-03  -2.79066E-03   3.25805E-03   4.14967E-04   3.54450E-02   2.12061E+00
 6.40000E+01   3.20000E+01  -2.62133E-03   6.07648E-03  -4.13204E-03   6.27786E-04   3.05197E-02   2.67000E+00
 6.40000E+01   3.20000E+01  -3.75300E-03   1.59725E-03  -4.89537E-03   5.71026E-04   2.73656E-02   2.58276E+00
 6.40000E+01   3.20000E+01  -5.66898E-03   4.43595E-03   6.64090E-03   5.78640E-04   3.44146E-02   2.83079E+00
 6.40000E+01   3.20000E+01   6.82825E-03   4.34391E-03  -2.14886E-03   3.72988E-04   2.89868E-02   5.16847E+00
 6.40000E+01   3.20000E+01   7.57507E-03   7.45893E-03  -6.31453E-03   8.12124E-04   3.26398E-02   2.06514E+00
 6.40000E+01   3.20000E+01   6.04708E-03   4.16380E-03  -3.28464E-03   7.51627E-04   3.67887E-02   4.12947E+00
 6.40000E+01   3.20000E+01   5.99707E-03  -2.93744E-03   1.59874E-03   4.12532E-04   4.29125E-02   2.43207E+00
 6.40000E+01   3.20000E+01  -3.73817E-03  -2.80822E-03  -7.57322E-03   4.66158E-04   4.95802E-02   2.71770E+00
 6.40000E+01   3.20000E+01   2.71171E-03   4.08662E-03  -5.69125E-04   4.31393E-04   4.93039E-02   2.88939E+00
 6.40000E+01   3.20000E+01  -7.62948E-03   5.49968E-03  -3.74357E-04   9.11367E-04   5.61127E-02   2.95313E+00
 6.40000E+01   3.20000E+01   3.69311E-03  -5.06248E-03   7.49132E-03   6.53807E-04   3.18772E-02   2.33898E+00
 6.40000E+01   3.20000E+01   6.98982E-03   3.06370E-03  -3.46484E-03   5.18296E-04   4.60850E-02   3.08584E+00
 6.40000E+01   3.20000E+01  -3.36501E-03   4.53654E-03   7.60459E-04   3.32582E-04   3.59329E-02   2.53636E+00
 6.40000E+01   3.20000E+01  -4.24291E-03  -2.97547E-03  -1.42685E-03   2.53971E-04   2.41106E-02   1.90434E+00
 6.40000E+01   3.20000E+01  -8.45996E-05   3.76788E-03   1.50469E-03   2.23111E-04   3.01226E-02   2.20590E+00
 6.40000E+01   3.20000E+01  -1.31045E-03  -2.09220E-04   5.86504E-03   6.93774E-04   3.83518E-02   2.09452E+00
 6.40000E+01   3.20000E+01   5.26639E-03   7.80719E-03   2.05376E-03   7.80399E-04   5.73377E-02   2.83094E+00
 6.40000E+01   3.20000E+01   2.69450E-04  -5.62451E-03   1.89416E-03   8.33802E-04   4.91106E-02   3.00176E+00
 6.40000E+01   3.20000E+01   2.44824E-03   5.85323E-03  -1.10470E-04   5.38194E-04   4.12374E-02   2.71889E+00
 6.40000E+01   3.20000E+01   4.05347E-03  -5.23709E-03   5.81436E-03   6.53885E-04   5.65416E-02   2.75831E+00
 6.40000E+01   3.20000E+01  -1.62520E-03   2.66219E-03  -6.96076E-03   7.68968E-04   6.04125E-02   3.07404E+00
 6.40000E+01   3.20000E+01   3.51037E-03  -4.98544E-03   2.05255E-03   7.47867E-04   5.53091E-02   3.17400E+00
 6.40000E+01   3.20000E+01   7.19889E-03   5.17259E-03   5.02555E-03   5.77480E-04   4.25905E-02   2.59901E+00
 6.40000E+01   3.20000E+01   7.20185E-04   1.24700E-03   6.26926E-03   3.12657E-04   2.70137E-02   2.17512E+00
 6.40000E+01   3.20000E+01  -7.38350E-03   2.31391E-03  -5.48208E-03   7.51187E-04   5.74118E-02   2.43016E+00
 6.40000E+01   3.20000E+01  -1.62662E-03   3.24934E-03  -1.12385E-03   3.88914E-04   3.27965E-02   2.04856E+00
 6.40000E+01   3.20000E+01   2.17900E-03  -6.68001E-04  -3.88796E-03   4.11745E-04   2.76093E-02   2.12408E+00
 6.40000E+01   3.20000E+01   8.33907E-05  -3.23768E-03  -2.35585E-03   4.28675E-04   1.24629E-02   2.43011E+00
 6.40000E+01   3.20000E+01  -4.65982E-03  -6.63487E-03  -1.98194E-03   6.79385E-04   6.18507E-02   2.87441E+00
 6.40000E+01   3.20000E+01  -6.94958E-03   6.68107E-03  -6.05288E-03   5.59158E-04   3.45962E-02   2.42716E+00
 6.40000E+01   3.20000E+01  -7.38785E-03   3.23806E-03  -6.01175E-03   8.04683E-04   4.85041E-02   2.88608E+00
 6.40000E+01   3.20000E+01   1.20041E-03  -3.24856E-03  -1.47824E-03   4.09858E-04   2.84787E-02   2.58700E+00
 6.40000E+01   3.20000E+01   1.48492E-03  -7.47327E-03  -2.78560E-03   4.43979E-04   4.28888E-02   2.69020E+00
 6.40000E+01   3.20000E+01   4.29194E-03   6.89521E-03  -6.02699E-03   3.16984E-04   3.37338E-02   2.00623E+00
 6.40000E+01   3.20000E+01   2.94881E-03  -6.54648E-04   3.59337E-03   3.67569E-04   3.10183E-02   1.87600E+00
 6.40000E+01   3.20000E+01  -1.07225E-03   2.01709E-03  -7.79145E-03   6.76752E-04   4.03032E-02   2.92971E+00
 6.40000E+01   3.20000E+01   3.26194E-03   5.80687E-03   1.34960E-03   6.53943E-04   5.53126E-02   3.03485E+00
 6.40000E+01   3.20000E+01   7.40534E-03   3.16783E-04   1.23375E-03   5.28942E-04   4.51698E-02   2.77391E+00
 6.40000E+01   3.20000E+01   4.57470E-03  -6.24471E-03  -5.24349E-03   7.10552E-04   5.30115E-02   2.89638E+00
 6.40000E+01   3.20000E+01  -1.26113E-03  -4.56108E-03   5.88952E-03   2.45833E-04   1.89384E-02   2.24261E+00
 6.40000E+01   3.20000E+01   7.02155E-04   7.60609E-03  -1.14154E-03   5.38060E-04   4.29886E-02   2.58849E+00
 6.40000E+01   3.20000E+01   2.35107E-03   4.04029E-03   2.95839E-03   5.29789E-04   4.44984E-02   2.83433E+00
 6.40000E+01   3.20000E+01  -2.25761E-03   1.69969E-03  -7.72560E-04   3.60902E-04   3.99323E-02   2.54313E+00
 6.40000E+01   3.20000E+01   4.76999E-03   6.66611E-03  -2.66269E-03   5.91652E-04   5.49544E-02   3.02736E+00
 6.40000E+01   3.20000E+01   3.79595E-03  -5.51721E-03  -3.72645E-03   8.95290E-04   5.63857E-02   3.19106E+00
 6.40000E+01   3.20000E+01  -6.92001E-03  -1.33829E-03   7.62361E-03   6.59507E-04   2.61292E-02   2.42258E+00
 6.40000E+01   3.20000E+01  -1.58150E-03   7.06181E-03  -2.89529E-04   3.19424E-04   2.15067E-02   2.10279E+00
 6.40000E+01   3.20000E+01  -5.45536E-03   6.24436E-03  -1.72746E-03   5.86583E-04   5.65709E-02   2.67169E+00
 6.40000E+01   3.20000E+01  -2.72758E-03  -5.77801E-03   2.45577E-03   1.94102E-04   8.23076E-03   1.32817E+00
 6.40000E+01   3.20000E+01  -2.19447E-03   3.64369E-04  -1.35769E-03   2.77646E-04   2.25211E-02   2.10901E+00
 6.40000E+01   3.20000E+01  -2.66035E-03   6.18931E-03  -6.64008E-03   3.84042E-04   3.11164E-02   2.70852E+00
 6.40000E+01   3.20000E+01  -5.28014E-03  -1.43339E-03  -5.97173E-03   6.20463E-04   6.37245E-02   3.02925E+00
 6.40000E+01   3.20000E+01   5.70104E-03  -4.91483E-03   1.96033E-03   7.10823E-04   6.19677E-02   2.61016E+00
 6.40000E+01   3.20000E+01   6.04613E-03  -1.32813E-03   5.52882E-03   5.20686E-04   4.67933E-02   1.85535E+00
 6.40000E+01   3.20000E+01   7.14408E-03   2.36550E-03  -4.52359E-03   4.30118E-04   3.80188E-02   2.16498E+00
 6.40000E+01   3.20000E+01  -4.67465E-03   5.67702E-03   1.97427E-03   9.03279E-04   5.52030E-02   2.59758E+00
 6.40000E+01   3.20000E+01   5.99036E-03  -2.92302E-03  -2.74185E-03   4.04581E-04   2.33708E-02   2.81005E+00
 6.40000E+01   3.20000E+01   4.72065E-03  -6.87301E-03  -3.36447E-03   7.33801E-04   4.33937E-02   2.83341E+00
 6.40000E+01   3.20000E+01  -3.29840E-03   5.72542E-03  -1.30937E-03   4.73002E-04   3.31035E-02   4.88346E+00
 6.40000E+01   3.20000E+01   4.83431E-03   3.82972E-04  -3.75263E-03   5.04037E-04   2.08121E-02   2.01700E+00
 6.40000E+01   3.20000E+01   2.10825E-03  -5.39169E-03   5.42102E-03   4.31120E-04   3.94629E-02   2.81682E+00
 6.40000E+01   3.20000E+01   7.25877E-04  -6.01400E-03   4.34282E-03   6.45047E-04   4.53644E-02   3.07572E+00
 6.40000E+01   3.20000E+01  -6.06961E-03  -7.25088E-03  -4.95157E-03   9.10183E-04   5.06774E-02   2.91864E+00
 6.40000E+01   3.20000E+01  -3.28092E-03  -7.51016E-04   2.96739E-03   3.52224E-04   2.90682E-02   2.65721E+00
 6.40000E+01   3.20000E+01   2.44373E-04   4.58171E-03   7.10190E-03   3.25228E-04   1.52738E-02   1.37146E+00
 6.40000E+01   3.20000E+01  -5.61651E-03   5.13901E-03  -4.07529E-03   7.24388E-04   5.67679E-02   3.18706E+00
 6.40000E+01   3.20000E+01   4.53276E-03   1.35944E-03   4.38674E-03   5.31419E-04   4.71689E-02   2.56622E+00
 6.40000E+01   3.20000E+01  -3.99418E-03  -2.12710E-04   5.67744E-03   1.06245E-03   5.75820E-02   2.91450E+00
 6.40000E+01   3.20000E+01  -1.52942E-03  -5.65589E-03   3.81678E-03   6.89322E-04   1.88429E-02   1.23714E+00
 6.40000E+01   3.20000E+01   5.05636E-03   5.13930E-03   5.91868E-03   3.27024E-04   3.03122E-02   1.89398E+00
 6.40000E+01   3.20000E+01  -2.05416E-03  -6.10911E-03   7.70479E-03   6.29887E-04   4.33770E-02   3.02201E+00
 6.40000E+01   3.20000E+01   5.56482E-03  -4.39495E-03   3.87375E-03   7.69463E-04   6.00816E-02   3.02965E+00
 6.40000E+01   3.20000E+01   9.91337E-05   1.80624E-03   1.47259E-03   2.14286E-04   2.39874E-02   2.02869E+00
 6.40000E+01   3.20000E+01  -4.66485E-03  -4.06896E-03   4.00920E-03   2.70594E-04   2.30989E-02   1.86473E+00
 6.40000E+01   3.20000E+01  -4.11468E-03  -3.70446E-03   7.05706E-03   5.97183E-04   3.55491E-02   2.87354E+00
