        Grid    Cell/Diam.        Center        Center        Center        Radius       Tangent     Curvature
        Size                           X             Y             Z         Error         Error         Error
 1.60000E+01   8.00000E+00  -3.80720E-03  -2.64235E-02   0.00000E+00   2.83551E-03   1.03329E-01   1.52212E+00
 1.60000E+01   8.00000E+00   1.79199E-02  -2.76632E-03   0.00000E+00   4.03443E-03   5.42129E-02   5.78069E-01
 1.60000E+01   8.00000E+00   1.10189E-02  -1.84669E-02   0.00000E+00   2.70858E-03   7.83155E-02   1.25644E+00
 1.60000E+01   8.00000E+00  -2.60027E-02   1.51876E-02   0.00000E+00   2.66320E-03   4.15800E-03   8.49526E-02
 1.60000E+01   8.00000E+00  -1.32990E-02   2.40412E-02   0.00000E+00   3.06644E-03   8.50613E-02   1.31578E+00
 1.60000E+01   8.00000E+00  -2.05677E-02  -1.81149E-03   0.00000E+00   6.88465E-03   3.85434E-02   8.28025E-01
 1.60000E+01   8.00000E+00   2.17913E-02  -3.12441E-02   0.00000E+00   3.01837E-03   3.76553E-02   5.00680E-01
 1.60000E+01   8.00000E+00   2.20770E-02  -2.63457E-02   0.00000E+00   2.99925E-03   5.05356E-02   7.43322E-01
 1.60000E+01   8.00000E+00   3.12793E-03   7.88421E-03   0.00000E+00   3.03699E-03   4.86199E-02   6.20303E-01
 1.60000E+01   8.00000E+00   5.27331E-03   2.21054E-02   0.00000E+00   3.04699E-03   5.22897E-02   8.38471E-01
 1.60000E+01   8.00000E+00   1.31725E-02  -1.35931E-02   0.00000E+00   1.47861E-02   1.84354E-01   1.87187E+00
 1.60000E+01   8.00000E+00   4.82082E-03   3.03030E-02   0.00000E+00   2.33552E-03   3.94739E-02   4.57691E-01
 1.60000E+01   8.00000E+00  -5.95697E-03  -8.48739E-03   0.00000E+00   2.58977E-03   5.44633E-02   7.37155E-01
 1.60000E+01   8.00000E+00  -8.96064E-03  -1.78005E-02   0.00000E+00   2.81382E-03   6.59620E-02   1.15029E+00
 1.60000E+01   8.00000E+00  -1.85814E-02  -2.00359E-02   0.00000E+00   2.69346E-03   5.27864E-02   8.99921E-01
 1.60000E+01   8.00000E+00  -2.67762E-02  -3.07989E-02   0.00000E+00   2.46142E-03   3.82794E-02   5.81550E-01
 1.60000E+01   8.00000E+00  -1.38897E-02   9.03658E-03   0.00000E+00   2.93952E-03   6.37516E-02   8.32315E-01
 1.60000E+01   8.00000E+00   2.36198E-02  -5.16637E-03   0.00000E+00   1.00560E-02   1.49626E-01   1.22058E+00
 1.60000E+01   8.00000E+00   8.56900E-04  -2.27192E-02   0.00000E+00   3.32124E-03   4.74251E-02   8.36444E-01
 1.60000E+01   8.00000E+00  -1.26768E-02  -9.53720E-03   0.00000E+00   2.34748E-03   6.20191E-02   1.06262E+00
 1.60000E+01   8.00000E+00  -9.96454E-03  -1.62485E-02   0.00000E+00   2.98006E-03   1.16930E-01   1.97164E+00
 1.60000E+01   8.00000E+00  -6.13579E-03  -7.26484E-03   0.00000E+00   3.92326E-03   6.66236E-02   9.32681E-01
 1.60000E+01   8.00000E+00   1.38938E-03  -7.46522E-03   0.00000E+00   2.40839E-03   3.88766E-02   6.25952E-01
 1.60000E+01   8.00000E+00   2.01808E-02  -6.94728E-03   0.00000E+00   3.09351E-03   3.81667E-02   5.10033E-01
 1.60000E+01   8.00000E+00  -1.51039E-02  -1.09213E-02   0.00000E+00   2.62413E-03   7.98694E-02   1.33442E+00
 1.60000E+01   8.00000E+00  -2.10472E-02   1.47532E-02   0.00000E+00   3.03217E-03   2.97671E-02   4.39359E-01
 1.60000E+01   8.00000E+00   2.19664E-03  -8.33428E-03   0.00000E+00   3.55987E-03   4.98416E-02   7.21071E-01
 1.60000E+01   8.00000E+00   2.88389E-02  -3.71080E-03   0.00000E+00   3.73506E-03   7.59006E-02   1.19523E+00
 1.60000E+01   8.00000E+00   2.07504E-03   2.24501E-03   0.00000E+00   3.41235E-03   4.03488E-02   5.63866E-01
 1.60000E+01   8.00000E+00   1.35043E-02  -2.38618E-02   0.00000E+00   3.03106E-03   3.83990E-02   5.01184E-01
 1.60000E+01   8.00000E+00  -5.06577E-03   1.37226E-02   0.00000E+00   3.04890E-03   3.88600E-02   5.13247E-01
 1.60000E+01   8.00000E+00  -1.52949E-02  -1.18970E-03   0.00000E+00   7.21053E-03   5.04450E-02   1.10255E+00
 1.60000E+01   8.00000E+00  -3.03457E-02  -1.43301E-02   0.00000E+00   3.41745E-03   1.60612E-01   2.19053E+00
 1.60000E+01   8.00000E+00  -1.02088E-02   2.42361E-02   0.00000E+00   6.20101E-03   1.17203E-01   1.25080E+00
 1.60000E+01   8.00000E+00  -2.20818E-02   9.44684E-04   0.00000E+00   3.52041E-03   3.33281E-02   5.51973E-01
 1.60000E+01   8.00000E+00  -5.19896E-03  -2.64006E-03   0.00000E+00   4.03421E-03   6.82835E-02   6.23200E-01
 1.60000E+01   8.00000E+00   1.48106E-03  -1.60824E-03   0.00000E+00   2.57291E-03   3.80715E-02   5.32751E-01
 1.60000E+01   8.00000E+00  -1.30475E-02  -7.02088E-03   0.00000E+00   3.15519E-03   2.54825E-02   4.49718E-01
 1.60000E+01   8.00000E+00  -2.80583E-03  -4.44165E-03   0.00000E+00   3.61657E-03   6.94859E-02   8.54985E-01
 1.60000E+01   8.00000E+00   1.43681E-02  -1.86404E-02   0.00000E+00   2.97359E-03   3.94097E-02   5.41803E-01
 1.60000E+01   8.00000E+00   7.38900E-03   2.65086E-02   0.00000E+00   3.14517E-03   4.53627E-02   5.48044E-01
 1.60000E+01   8.00000E+00  -2.85968E-02   6.07995E-04   0.00000E+00   3.11555E-03   1.41963E-01   1.53239E+00
 1.60000E+01   8.00000E+00  -1.08014E-03  -1.93480E-02   0.00000E+00   2.09376E-03   6.97496E-02   1.22543E+00
 1.60000E+01   8.00000E+00  -2.21105E-02  -1.57721E-02   0.00000E+00   3.12629E-03   1.31663E-01   1.86292E+00
 1.60000E+01   8.00000E+00   2.58172E-02   3.57932E-04   0.00000E+00   3.69112E-03   7.53873E-02   1.16868E+00
 1.60000E+01   8.00000E+00   2.55784E-02   3.02402E-02   0.00000E+00   3.11729E-03   3.72063E-02   8.18447E-01
 1.60000E+01   8.00000E+00   1.59556E-02   1.77336E-02   0.00000E+00   3.14686E-03   1.32635E-02   1.84468E-01
 1.60000E+01   8.00000E+00  -1.38272E-02   4.82150E-03   0.00000E+00   2.31455E-03   2.75330E-02   3.98524E-01
 1.60000E+01   8.00000E+00   1.26841E-02  -9.84283E-03   0.00000E+00   3.63450E-03   6.58032E-02   8.31523E-01
 1.60000E+01   8.00000E+00  -2.36734E-03   7.50902E-03   0.00000E+00   6.11274E-03   1.19207E-01   1.19241E+00
 1.60000E+01   8.00000E+00   2.10556E-02   2.49968E-02   0.00000E+00   2.55173E-03   5.68603E-03   8.29381E-02
 1.60000E+01   8.00000E+00  -1.18574E-02  -1.94971E-02   0.00000E+00   2.50527E-03   6.52714E-02   8.83890E-01
 1.60000E+01   8.00000E+00  -1.05747E-02  -4.32429E-03   0.00000E+00   5.58019E-03   1.12525E-01   1.21842E+00
 1.60000E+01   8.00000E+00  -9.68999E-03  -2.06341E-02   0.00000E+00   3.12466E-03   5.21410E-02   9.70957E-01
 1.60000E+01   8.00000E+00  -2.98735E-02  -1.43495E-02   0.00000E+00   3.41199E-03   1.75708E-01   2.38321E+00
 1.60000E+01   8.00000E+00   1.94120E-02   2.35560E-02   0.00000E+00   3.19889E-03   4.57920E-02   8.72374E-01
 1.60000E+01   8.00000E+00  -1.96599E-03  -2.93373E-02   0.00000E+00   2.84861E-03   9.78639E-03   1.80514E-01
 1.60000E+01   8.00000E+00  -2.27906E-02  -1.67429E-02   0.00000E+00   2.31814E-03   1.34180E-01   2.21412E+00
 1.60000E+01   8.00000E+00  -2.39609E-02  -3.33314E-03   0.00000E+00   2.74134E-03   8.84842E-02   1.44093E+00
 1.60000E+01   8.00000E+00  -5.43778E-03   2.16212E-02   0.00000E+00   3.00248E-03   3.57864E-02   3.13703E-01
 1.60000E+01   8.00000E+00  -1.36147E-02   2.62501E-02   0.00000E+00   3.15515E-03   3.95848E-02   5.31578E-01
 1.60000E+01   8.00000E+00   1.44623E-02  -2.57954E-03   0.00000E+00   3.05995E-03   3.68680E-02   5.47267E-01
 1.60000E+01   8.00000E+00  -2.49075E-02   8.18893E-03   0.00000E+00   2.38277E-03   4.42133E-02   6.72523E-01
 1.60000E+01   8.00000E+00  -2.25690E-02  -1.71237E-02   0.00000E+00   2.33866E-03   6.94592E-02   1.04205E+00
 1.60000E+01   8.00000E+00  -2.12169E-02  -2.46939E-02   0.00000E+00   3.12497E-03   1.96472E-02   3.00153E-01
 1.60000E+01   8.00000E+00   2.17734E-02  -3.10971E-02   0.00000E+00   3.01872E-03   3.76570E-02   5.00700E-01
 1.60000E+01   8.00000E+00  -2.52694E-02  -1.64443E-02   0.00000E+00   2.68911E-03   6.60934E-02   1.10599E+00
 1.60000E+01   8.00000E+00   3.09977E-02   2.56184E-02   0.00000E+00   3.59642E-03   3.92642E-02   9.25044E-01
 1.60000E+01   8.00000E+00  -1.90042E-02   1.53789E-02   0.00000E+00   2.73577E-03   7.70203E-02   1.24639E+00
 1.60000E+01   8.00000E+00   1.98823E-02   2.79026E-02   0.00000E+00   2.80891E-03   2.58816E-02   5.06781E-01
 1.60000E+01   8.00000E+00  -2.45049E-02   2.37583E-02   0.00000E+00   2.78335E-03   6.53453E-02   9.85614E-01
 1.60000E+01   8.00000E+00   2.57021E-02  -1.17356E-02   0.00000E+00   3.27487E-03   5.20590E-02   7.06756E-01
 1.60000E+01   8.00000E+00   2.18154E-03  -2.24963E-02   0.00000E+00   2.36029E-03   3.01398E-02   4.95889E-01
 1.60000E+01   8.00000E+00   2.30275E-02   1.28607E-02   0.00000E+00   3.26393E-03   4.94051E-02   8.46687E-01
 1.60000E+01   8.00000E+00  -7.92642E-03  -2.75899E-02   0.00000E+00   3.45406E-03   1.42760E-01   2.07204E+00
 1.60000E+01   8.00000E+00   3.26200E-03  -9.89093E-03   0.00000E+00   3.57635E-03   4.66531E-02   6.56663E-01
 1.60000E+01   8.00000E+00   2.68383E-02  -1.36440E-03   0.00000E+00   2.92485E-03   4.31941E-02   5.79278E-01
 1.60000E+01   8.00000E+00   1.25084E-02   2.52092E-02   0.00000E+00   2.81379E-03   1.03779E-02   1.76883E-01
 1.60000E+01   8.00000E+00   1.36408E-02  -1.08324E-02   0.00000E+00   2.81386E-03   4.90213E-02   7.17593E-01
 1.60000E+01   8.00000E+00   3.25470E-03  -2.02926E-02   0.00000E+00   3.12296E-03   3.64935E-02   6.46886E-01
 1.60000E+01   8.00000E+00   2.48780E-02   2.82180E-02   0.00000E+00   3.35036E-03   4.92792E-02   1.04398E+00
 1.60000E+01   8.00000E+00  -2.95662E-02   1.56173E-02   0.00000E+00   2.29970E-03   7.30972E-02   1.22992E+00
 1.60000E+01   8.00000E+00  -2.36191E-02   2.20009E-02   0.00000E+00   3.02178E-03   3.76912E-02   5.03422E-01
 1.60000E+01   8.00000E+00  -2.93380E-02  -1.50510E-02   0.00000E+00   2.57289E-03   1.30588E-01   1.32187E+00
 1.60000E+01   8.00000E+00  -2.58193E-02   2.68325E-02   0.00000E+00   2.61646E-03   1.39643E-02   2.21247E-01
 1.60000E+01   8.00000E+00   4.85233E-03   2.57711E-02   0.00000E+00   3.83883E-03   6.26216E-02   9.35901E-01
 1.60000E+01   8.00000E+00  -1.53447E-02  -2.62046E-02   0.00000E+00   3.04903E-03   1.02695E-01   1.73864E+00
 1.60000E+01   8.00000E+00  -2.82141E-02   5.31120E-04   0.00000E+00   2.38010E-03   3.85910E-02   6.91376E-01
 1.60000E+01   8.00000E+00  -2.22906E-02   2.45783E-02   0.00000E+00   2.99927E-03   3.74756E-02   5.04312E-01
 1.60000E+01   8.00000E+00   1.37325E-02   3.06609E-02   0.00000E+00   2.40624E-03   2.73771E-02   3.62196E-01
 1.60000E+01   8.00000E+00   2.79301E-02   2.20275E-03   0.00000E+00   2.69137E-03   6.30775E-02   8.00310E-01
 1.60000E+01   8.00000E+00  -4.35858E-05   1.54649E-03   0.00000E+00   2.65385E-03   5.24727E-02   7.58116E-01
 1.60000E+01   8.00000E+00  -1.12608E-02  -2.91783E-02   0.00000E+00   2.77420E-03   1.18893E-01   1.48377E+00
 1.60000E+01   8.00000E+00  -2.80819E-02   8.48760E-03   0.00000E+00   2.81145E-03   2.11752E-02   2.92229E-01
 1.60000E+01   8.00000E+00   2.96608E-02  -6.93993E-04   0.00000E+00   3.20951E-03   5.25765E-02   8.24816E-01
 1.60000E+01   8.00000E+00  -2.96111E-02   2.20038E-02   0.00000E+00   2.63889E-03   5.85940E-03   7.75735E-02
 1.60000E+01   8.00000E+00  -2.59805E-02   6.83787E-03   0.00000E+00   2.60654E-03   4.18337E-02   5.86183E-01
 1.60000E+01   8.00000E+00   1.82537E-02   1.14201E-02   0.00000E+00   3.23040E-03   4.87621E-02   6.25274E-01
 1.60000E+01   8.00000E+00  -2.96558E-02   1.79602E-03   0.00000E+00   2.94576E-03   4.18924E-02   5.79135E-01
 1.60000E+01   8.00000E+00  -1.78102E-02   1.17236E-02   0.00000E+00   2.62349E-03   7.54043E-02   1.21274E+00
 1.60000E+01   8.00000E+00   1.05809E-02   2.42965E-02   0.00000E+00   3.34205E-03   3.68817E-02   6.21823E-01
 3.20000E+01   1.60000E+01  -1.18738E-02   9.83270E-03   0.00000E+00   7.40250E-04   1.95124E-02   5.60341E-01
 3.20000E+01   1.60000E+01  -1.50821E-02  -1.34352E-02   0.00000E+00   7.44903E-04   1.78952E-02   4.84476E-01
 3.20000E+01   1.60000E+01  -1.07300E-03  -9.69309E-03   0.00000E+00   2.82932E-03   9.68999E-02   1.90683E+00
 3.20000E+01   1.60000E+01  -6.73028E-04  -5.33846E-03   0.00000E+00   1.79291E-03   7.24707E-02   1.87508E+00
 3.20000E+01   1.60000E+01  -1.40586E-03   9.89787E-03   0.00000E+00   1.02964E-03   3.87050E-02   8.30859E-01
 3.20000E+01   1.60000E+01   9.45988E-03   7.83121E-03   0.00000E+00   1.05497E-02   9.46172E+03           NaN
 3.20000E+01   1.60000E+01  -1.46721E-02   1.24023E-02   0.00000E+00   7.35486E-04   6.70368E-02   1.95287E+00
 3.20000E+01   1.60000E+01   2.18118E-03  -2.23613E-03   0.00000E+00   7.12408E-04   5.30388E-02   1.53224E+00
 3.20000E+01   1.60000E+01  -1.30366E-02  -5.94180E-03   0.00000E+00   6.24756E-04   7.42408E-02   2.09267E+00
 3.20000E+01   1.60000E+01   1.21050E-02   1.40103E-02   0.00000E+00   7.75505E-04   4.18222E-02   1.37907E+00
 3.20000E+01   1.60000E+01   1.06322E-02  -1.16928E-02   0.00000E+00   6.76592E-04   2.79439E-02   8.17931E-01
 3.20000E+01   1.60000E+01   1.14961E-02  -1.17713E-03   0.00000E+00   6.34788E-04   1.16758E-02   3.44563E-01
 3.20000E+01   1.60000E+01   2.80885E-03  -2.43099E-03   0.00000E+00   8.94281E-04   4.20245E-02   1.25527E+00
 3.20000E+01   1.60000E+01   6.37533E-04   1.07055E-02   0.00000E+00   7.87075E-04   4.13884E-02   1.28834E+00
 3.20000E+01   1.60000E+01  -4.08847E-03  -1.41281E-02   0.00000E+00   7.32170E-04   1.67808E-02   5.09067E-01
 3.20000E+01   1.60000E+01  -1.45479E-02  -1.55968E-03   0.00000E+00   7.37621E-04   6.20201E-02   1.77765E+00
 3.20000E+01   1.60000E+01   1.41511E-02  -1.39961E-02   0.00000E+00   7.58985E-04   1.85187E-02   5.05174E-01
 3.20000E+01   1.60000E+01   1.15585E-02  -2.51992E-03   0.00000E+00   8.41635E-04   2.62703E-02   6.93910E-01
 3.20000E+01   1.60000E+01  -1.21917E-02   6.16355E-03   0.00000E+00   7.62653E-04   1.84601E-02   5.03552E-01
 3.20000E+01   1.60000E+01  -3.79091E-03   1.01708E-02   0.00000E+00   1.10590E-03   4.60849E-02   1.38813E+00
 3.20000E+01   1.60000E+01  -3.96563E-03   1.30055E-02   0.00000E+00   7.84965E-04   1.47593E-02   4.36334E-01
 3.20000E+01   1.60000E+01   1.46958E-02  -6.11967E-03   0.00000E+00   7.00035E-04   1.31295E-02   3.54016E-01
 3.20000E+01   1.60000E+01  -4.91615E-03  -3.04574E-03   0.00000E+00   7.15336E-04   3.93833E-02   1.24982E+00
 3.20000E+01   1.60000E+01  -1.45881E-02   1.08352E-02   0.00000E+00   6.17523E-04   6.17623E-02   1.87905E+00
 3.20000E+01   1.60000E+01   1.03002E-02  -4.54574E-06   0.00000E+00   6.27071E-04   2.19931E-02   6.50742E-01
 3.20000E+01   1.60000E+01  -1.02288E-02  -8.52561E-03   0.00000E+00   6.53686E-04   3.47474E-02   9.18697E-01
 3.20000E+01   1.60000E+01  -5.75255E-03   3.39433E-03   0.00000E+00   7.03942E-04   1.37779E-02   5.27318E-01
 3.20000E+01   1.60000E+01  -4.02341E-03   8.52799E-04   0.00000E+00   8.65389E-04   6.58338E-02   1.91898E+00
 3.20000E+01   1.60000E+01   1.35899E-02  -3.80365E-03   0.00000E+00   7.34511E-04   1.53837E-02   4.32179E-01
 3.20000E+01   1.60000E+01   9.00245E-03  -1.34777E-02   0.00000E+00   6.85778E-04   4.87439E-02   1.45819E+00
 3.20000E+01   1.60000E+01   5.38557E-03  -3.95319E-03   0.00000E+00   6.92052E-04   2.52539E-02   7.98397E-01
 3.20000E+01   1.60000E+01  -8.54623E-03   7.97079E-03   0.00000E+00   6.79669E-04   7.78294E-03   2.17687E-01
 3.20000E+01   1.60000E+01   1.20881E-03   1.20762E-02   0.00000E+00   7.50108E-04   1.41480E-02   3.91326E-01
 3.20000E+01   1.60000E+01   5.42166E-04   7.30000E-03   0.00000E+00   6.17600E-04   2.37800E-02   6.82354E-01
 3.20000E+01   1.60000E+01  -1.45016E-02  -2.68104E-03   0.00000E+00   7.40279E-04   2.17055E-02   6.47111E-01
 3.20000E+01   1.60000E+01   1.07621E-02   2.14059E-03   0.00000E+00   6.25050E-04   5.70675E-02   1.57047E+00
 3.20000E+01   1.60000E+01   9.26576E-03  -1.51103E-02   0.00000E+00   1.11420E-03   1.44951E-01   2.18168E+00
 3.20000E+01   1.60000E+01  -7.36992E-03   1.29131E-02   0.00000E+00   7.65980E-04   2.27217E-02   6.75485E-01
 3.20000E+01   1.60000E+01   5.58502E-03   4.43856E-03   0.00000E+00   7.75958E-04   1.93310E-02   5.18098E-01
 3.20000E+01   1.60000E+01  -6.58048E-03   2.03616E-03   0.00000E+00   6.28721E-04   4.57128E-02   1.34063E+00
 3.20000E+01   1.60000E+01  -4.57676E-04  -6.43760E-03   0.00000E+00   6.45688E-04   1.78673E-02   6.41036E-01
 3.20000E+01   1.60000E+01   5.65162E-04   3.83191E-03   0.00000E+00   7.85512E-04   2.16553E-02   4.61112E-01
 3.20000E+01   1.60000E+01  -1.41269E-02  -1.97642E-03   0.00000E+00   8.26688E-04   3.64454E-02   1.05066E+00
 3.20000E+01   1.60000E+01   2.37466E-03  -5.05069E-03   0.00000E+00   6.97287E-04   3.00447E-02   7.97501E-01
 3.20000E+01   1.60000E+01  -7.41536E-03   7.24488E-03   0.00000E+00   6.95618E-04   1.66138E-02   5.24195E-01
 3.20000E+01   1.60000E+01  -7.78031E-03   6.93354E-03   0.00000E+00   6.02360E-04   3.98220E-02   1.26981E+00
 3.20000E+01   1.60000E+01   8.52730E-03   3.19964E-03   0.00000E+00   7.44328E-04   1.66960E-02   4.83691E-01
 3.20000E+01   1.60000E+01   5.53522E-03   1.15293E-02   0.00000E+00   6.83244E-04   4.29664E-02   1.21057E+00
 3.20000E+01   1.60000E+01  -6.02731E-03   4.31381E-03   0.00000E+00   6.30580E-04   1.92979E-02   5.71595E-01
 3.20000E+01   1.60000E+01   1.09917E-02   8.33505E-03   0.00000E+00   7.06959E-04   1.46127E-02   4.57015E-01
 3.20000E+01   1.60000E+01  -1.26645E-02   6.96336E-03   0.00000E+00   6.82722E-04   6.82521E-02   1.72249E+00
 3.20000E+01   1.60000E+01   1.44837E-03  -8.98447E-03   0.00000E+00   6.29580E-04   1.62514E-02   4.77029E-01
 3.20000E+01   1.60000E+01  -6.38466E-03  -4.43294E-03   0.00000E+00   7.58203E-04   3.67490E-02   1.25881E+00
 3.20000E+01   1.60000E+01  -4.29395E-03  -1.27595E-02   0.00000E+00   7.75567E-04   4.10300E-02   1.16063E+00
 3.20000E+01   1.60000E+01   3.21541E-03   3.59435E-03   0.00000E+00   7.30813E-04   1.65486E-02   4.64753E-01
 3.20000E+01   1.60000E+01   3.57727E-03  -5.36630E-03   0.00000E+00   7.31207E-04   1.58312E-02   5.04976E-01
 3.20000E+01   1.60000E+01  -9.93698E-03  -1.29893E-02   0.00000E+00   6.02213E-04   3.77828E-02   1.17263E+00
 3.20000E+01   1.60000E+01   1.46804E-02  -1.54030E-02   0.00000E+00   7.54997E-04   2.34672E-02   6.84047E-01
 3.20000E+01   1.60000E+01  -1.55933E-02   1.30471E-02   0.00000E+00   7.63128E-04   1.85507E-02   5.02405E-01
 3.20000E+01   1.60000E+01   2.52666E-03   8.39244E-03   0.00000E+00   7.74602E-04   3.23419E-02   1.02986E+00
 3.20000E+01   1.60000E+01  -1.17679E-02  -5.26721E-03   0.00000E+00   7.08513E-04   2.62995E-02   7.47598E-01
 3.20000E+01   1.60000E+01  -6.61147E-03  -1.08389E-02   0.00000E+00   6.74837E-04   4.67900E-02   1.29517E+00
 3.20000E+01   1.60000E+01   5.07594E-03   4.25167E-03   0.00000E+00   7.12641E-04   1.57285E-02   4.26903E-01
 3.20000E+01   1.60000E+01  -3.27975E-03   1.40022E-02   0.00000E+00   9.77866E-04   5.29734E-02   1.68919E+00
 3.20000E+01   1.60000E+01  -9.90664E-03   7.07294E-03   0.00000E+00   6.49813E-04   2.11988E-02   6.31926E-01
 3.20000E+01   1.60000E+01  -1.25129E-02  -1.32411E-03   0.00000E+00   8.75938E-04   4.21740E-02   1.39216E+00
 3.20000E+01   1.60000E+01   6.20133E-03  -8.60545E-03   0.00000E+00   7.13418E-04   1.30937E-02   3.53857E-01
 3.20000E+01   1.60000E+01   1.51478E-02  -1.33509E-02   0.00000E+00   8.68689E-04   4.73673E-02   1.46095E+00
 3.20000E+01   1.60000E+01   6.91185E-03   1.43983E-02   0.00000E+00   7.00589E-04   1.97777E-02   5.41564E-01
 3.20000E+01   1.60000E+01   2.53234E-03   5.83534E-03   0.00000E+00   7.41271E-04   2.85621E-02   7.92304E-01
 3.20000E+01   1.60000E+01   2.11929E-03  -6.73366E-03   0.00000E+00   6.87188E-04   3.72547E-02   1.21499E+00
 3.20000E+01   1.60000E+01  -7.85883E-03  -1.56168E-02   0.00000E+00   7.02068E-04   2.29731E-02   7.25542E-01
 3.20000E+01   1.60000E+01   1.49237E-02   7.50327E-03   0.00000E+00   9.66689E-04   4.91773E-02   1.60590E+00
 3.20000E+01   1.60000E+01  -8.97699E-03   9.85548E-03   0.00000E+00   7.07073E-04   1.30935E-02   3.54029E-01
 3.20000E+01   1.60000E+01   1.32478E-02  -2.19497E-03   0.00000E+00   1.20326E-03   4.00666E-02   8.75131E-01
 3.20000E+01   1.60000E+01  -1.17264E-02   7.62682E-03   0.00000E+00   6.81586E-04   2.95088E-02   8.68257E-01
 3.20000E+01   1.60000E+01   1.67364E-03  -1.08065E-02   0.00000E+00   6.89170E-04   2.44988E-02   7.10794E-01
 3.20000E+01   1.60000E+01  -6.40039E-03   1.54224E-02   0.00000E+00   9.35100E-04   4.29793E-02   1.40036E+00
 3.20000E+01   1.60000E+01  -2.63357E-03  -7.47416E-03   0.00000E+00   1.05844E-03   3.82969E-02   1.49128E+00
 3.20000E+01   1.60000E+01  -5.55035E-03   7.48150E-03   0.00000E+00   7.98807E-04   5.28708E-02   1.76175E+00
 3.20000E+01   1.60000E+01  -5.26849E-03  -1.53950E-02   0.00000E+00   6.01478E-04   4.45448E-02   1.28110E+00
 3.20000E+01   1.60000E+01  -3.19608E-04  -3.26927E-03   0.00000E+00   6.53188E-04   1.09206E-02   3.14819E-01
 3.20000E+01   1.60000E+01   3.65030E-03  -1.07125E-02   0.00000E+00   6.99387E-04   3.06438E-02   9.09110E-01
 3.20000E+01   1.60000E+01   3.23029E-03  -2.85502E-03   0.00000E+00   3.48327E-03   7.99193E-02   1.72803E+00
 3.20000E+01   1.60000E+01   7.53887E-03  -2.84824E-03   0.00000E+00   1.03415E-03   4.40402E-02   1.15091E+00
 3.20000E+01   1.60000E+01  -2.51770E-03  -1.04778E-02   0.00000E+00   7.62940E-04   4.99686E-02   1.53555E+00
 3.20000E+01   1.60000E+01   2.40033E-04   1.03677E-02   0.00000E+00   6.39694E-04   4.43990E-02   1.37389E+00
 3.20000E+01   1.60000E+01   1.51486E-02   1.49715E-02   0.00000E+00   8.15820E-04   3.39660E-02   1.08578E+00
 3.20000E+01   1.60000E+01  -1.48335E-02   8.83427E-03   0.00000E+00   8.12583E-04   2.91533E-02   8.99873E-01
 3.20000E+01   1.60000E+01  -2.69094E-03  -1.49372E-02   0.00000E+00   1.02126E-03   7.91940E-02   2.54504E+00
 3.20000E+01   1.60000E+01   1.33847E-02   2.08585E-03   0.00000E+00   7.03605E-04   1.54042E-02   4.15492E-01
 3.20000E+01   1.60000E+01  -4.00206E-03   1.29682E-02   0.00000E+00   2.08481E-03   6.80624E-02   1.62743E+00
 3.20000E+01   1.60000E+01   1.19904E-02   1.47152E-03   0.00000E+00   8.42944E-04   1.94408E-02   5.19921E-01
 3.20000E+01   1.60000E+01   8.39954E-04   5.94610E-03   0.00000E+00   6.78910E-04   6.16933E-02   1.74049E+00
 3.20000E+01   1.60000E+01   4.37595E-03  -1.33016E-02   0.00000E+00   8.13242E-04   1.85496E-02   5.02243E-01
 3.20000E+01   1.60000E+01   1.51070E-02   1.53364E-02   0.00000E+00   9.37782E-04   4.55842E-02   1.51080E+00
 3.20000E+01   1.60000E+01   1.10197E-02   1.33054E-02   0.00000E+00   7.82450E-04   2.91369E-02   8.73039E-01
 3.20000E+01   1.60000E+01   5.88310E-03  -1.45060E-02   0.00000E+00   6.90862E-04   2.86414E-02   8.50390E-01
 3.20000E+01   1.60000E+01   8.28700E-03   7.12571E-03   0.00000E+00   6.77833E-04   4.07040E-02   1.15953E+00
 3.20000E+01   1.60000E+01  -1.09872E-02  -6.72967E-03   0.00000E+00   6.59082E-04   6.53877E-02   1.81586E+00
 3.20000E+01   1.60000E+01   2.51838E-04   7.13713E-03   0.00000E+00   7.39697E-04   2.12641E-02   6.10412E-01
 6.40000E+01   3.20000E+01  -4.31891E-03   1.16041E-03   0.00000E+00   1.90058E-04   3.58980E-02   2.19076E+00
 6.40000E+01   3.20000E+01   4.94886E-03  -1.25317E-03   0.00000E+00   2.17986E-04   1.80965E-02   1.25908E+00
 6.40000E+01   3.20000E+01  -4.65781E-03  -4.31101E-03   0.00000E+00   1.83523E-04   8.41106E-03   4.81864E-01
 6.40000E+01   3.20000E+01  -4.49615E-03  -2.48711E-03   0.00000E+00   1.89537E-04   1.77529E-02   1.06800E+00
 6.40000E+01   3.20000E+01  -4.46571E-03  -7.72280E-03   0.00000E+00   1.57407E-04   2.14272E-02   1.32324E+00
 6.40000E+01   3.20000E+01   5.85252E-03  -3.61537E-03   0.00000E+00   2.33376E-04   3.71400E-02   2.30160E+00
 6.40000E+01   3.20000E+01  -3.67886E-03  -1.46209E-03   0.00000E+00   1.59716E-04   2.15065E-02   1.32216E+00
 6.40000E+01   3.20000E+01   6.86628E-03  -7.55558E-03   0.00000E+00   1.74077E-04   5.82714E-03   3.26362E-01
 6.40000E+01   3.20000E+01   3.02546E-03   4.22001E-03   0.00000E+00   1.70218E-04   5.31222E-03   2.96292E-01
 6.40000E+01   3.20000E+01   4.70291E-03   2.69840E-03   0.00000E+00   1.73409E-04   2.26141E-02   1.32667E+00
 6.40000E+01   3.20000E+01   4.38432E-03   3.27227E-03   0.00000E+00   1.76763E-04   5.26210E-03   2.93775E-01
 6.40000E+01   3.20000E+01   5.81908E-03   1.53772E-03   0.00000E+00   1.71049E-04   6.79626E-03   4.04045E-01
 6.40000E+01   3.20000E+01   1.91899E-03  -7.55351E-03   0.00000E+00   1.70792E-04   2.78525E-02   1.65907E+00
 6.40000E+01   3.20000E+01   3.65112E-03   7.16580E-03   0.00000E+00   2.02730E-04   2.36632E-02   1.45742E+00
 6.40000E+01   3.20000E+01   2.20126E-03  -3.20149E-03   0.00000E+00   1.78102E-04   2.92840E-02   1.76567E+00
 6.40000E+01   3.20000E+01  -7.62271E-03   3.44508E-03   0.00000E+00   1.90890E-04   3.67010E-02   2.24160E+00
 6.40000E+01   3.20000E+01  -2.31009E-03   4.51253E-03   0.00000E+00   1.69100E-04   1.50511E-02   9.35696E-01
 6.40000E+01   3.20000E+01  -4.89690E-03  -3.06220E-03   0.00000E+00   1.68495E-04   2.86591E-02   1.79537E+00
 6.40000E+01   3.20000E+01   2.89886E-03   3.41768E-04   0.00000E+00   2.06348E-04   3.96468E-02   2.36935E+00
 6.40000E+01   3.20000E+01   4.59236E-03  -3.42270E-03   0.00000E+00   1.88772E-04   2.33595E-02   1.53655E+00
 6.40000E+01   3.20000E+01  -5.19948E-03  -2.33127E-03   0.00000E+00   1.77699E-04   6.37324E-03   3.48197E-01
 6.40000E+01   3.20000E+01   3.17968E-03   6.90325E-03   0.00000E+00   1.79907E-04   6.62224E-03   3.58663E-01
 6.40000E+01   3.20000E+01   1.20577E-03  -5.53477E-03   0.00000E+00   1.78281E-04   6.49662E-03   3.52801E-01
 6.40000E+01   3.20000E+01   4.42715E-03   7.52125E-03   0.00000E+00   1.76446E-04   8.78431E-03   5.20932E-01
 6.40000E+01   3.20000E+01   1.62881E-03  -4.05284E-03   0.00000E+00   1.61756E-04   1.25454E-02   7.52874E-01
 6.40000E+01   3.20000E+01   1.55023E-03  -1.50947E-03   0.00000E+00   1.78896E-04   3.31345E-02   2.00216E+00
 6.40000E+01   3.20000E+01   2.23576E-03  -4.72035E-03   0.00000E+00   1.69666E-04   2.89085E-02   1.78725E+00
 6.40000E+01   3.20000E+01   6.62132E-03   6.11438E-03   0.00000E+00   2.11708E-04   2.85591E-02   1.76587E+00
 6.40000E+01   3.20000E+01  -3.99127E-03  -3.00204E-03   0.00000E+00   1.72873E-04   1.11198E-02   6.70533E-01
 6.40000E+01   3.20000E+01   2.52967E-03   6.10402E-03   0.00000E+00   1.80521E-04   6.71156E-03   3.82212E-01
 6.40000E+01   3.20000E+01  -3.96750E-04  -2.98479E-03   0.00000E+00   2.43028E-04   1.61892E-02   9.62390E-01
 6.40000E+01   3.20000E+01   5.75119E-03  -1.42958E-03   0.00000E+00   1.69325E-04   5.71132E-03   3.34954E-01
 6.40000E+01   3.20000E+01   7.00880E-03  -5.50027E-03   0.00000E+00   2.13023E-04   3.33280E-02   2.03297E+00
 6.40000E+01   3.20000E+01   5.27809E-03  -5.54752E-03   0.00000E+00   1.79198E-04   8.30133E-03   4.94833E-01
 6.40000E+01   3.20000E+01  -1.84034E-03  -5.57419E-03   0.00000E+00   1.68926E-04   1.59280E-02   8.66728E-01
 6.40000E+01   3.20000E+01  -5.30696E-03   6.16010E-04   0.00000E+00   1.63687E-04   2.07148E-02   1.23839E+00
 6.40000E+01   3.20000E+01   6.19764E-03   3.18067E-03   0.00000E+00   1.93168E-04   1.95000E-02   1.18927E+00
 6.40000E+01   3.20000E+01  -2.43738E-03  -3.87755E-04   0.00000E+00   4.19057E-04   2.86432E-02   1.86412E+00
 6.40000E+01   3.20000E+01  -4.60588E-03  -5.54210E-03   0.00000E+00   1.63958E-04   1.08397E-02   6.54788E-01
 6.40000E+01   3.20000E+01   3.76195E-03   3.20270E-03   0.00000E+00   1.78200E-04   6.61616E-03   3.58536E-01
 6.40000E+01   3.20000E+01  -4.99702E-03  -4.09953E-03   0.00000E+00   1.91724E-04   1.78906E-02   1.07624E+00
 6.40000E+01   3.20000E+01  -6.59918E-03   4.62704E-03   0.00000E+00   1.68112E-04   1.01366E-02   5.97576E-01
 6.40000E+01   3.20000E+01  -7.47879E-03  -1.94337E-03   0.00000E+00   1.83521E-04   3.07548E-02   1.85142E+00
 6.40000E+01   3.20000E+01   4.16282E-03   3.63406E-04   0.00000E+00   1.89155E-04   3.63334E-02   2.16429E+00
 6.40000E+01   3.20000E+01  -2.04072E-03   5.27047E-03   0.00000E+00   1.76322E-04   7.06415E-03   4.85688E-01
 6.40000E+01   3.20000E+01   1.29414E-03  -4.54249E-03   0.00000E+00   1.68685E-04   2.62009E-02   1.61136E+00
 6.40000E+01   3.20000E+01  -2.19956E-03  -2.15179E-03   0.00000E+00   2.64883E-04   4.40234E-02   2.83429E+00
 6.40000E+01   3.20000E+01  -4.69286E-03  -6.21950E-03   0.00000E+00   1.79850E-04   1.12777E-02   6.68009E-01
 6.40000E+01   3.20000E+01   6.42955E-04  -6.98006E-03   0.00000E+00   1.60191E-04   2.42593E-02   1.45643E+00
 6.40000E+01   3.20000E+01  -1.20839E-03   3.06580E-03   0.00000E+00   2.06248E-04   2.96543E-02   1.88881E+00
 6.40000E+01   3.20000E+01  -1.93072E-03   4.44882E-03   0.00000E+00   1.94317E-04   2.25450E-02   1.38874E+00
 6.40000E+01   3.20000E+01   2.34170E-03  -1.36622E-04   0.00000E+00   6.92845E-04   6.03243E-02   2.91779E+00
 6.40000E+01   3.20000E+01   6.96391E-03  -4.33384E-03   0.00000E+00   2.21291E-04   4.22489E-02   2.69293E+00
 6.40000E+01   3.20000E+01   5.40209E-03  -1.69235E-03   0.00000E+00   1.71568E-04   4.59952E-03   2.49682E-01
 6.40000E+01   3.20000E+01  -5.99299E-03  -7.37923E-03   0.00000E+00   1.76666E-04   6.18095E-03   3.43133E-01
 6.40000E+01   3.20000E+01  -3.27666E-03   3.56302E-03   0.00000E+00   1.59479E-04   2.64112E-02   1.58546E+00
 6.40000E+01   3.20000E+01  -6.49225E-03  -2.36609E-03   0.00000E+00   1.73729E-04   2.63895E-02   1.59059E+00
 6.40000E+01   3.20000E+01   1.12540E-03   2.39392E-03   0.00000E+00   1.77869E-04   6.61069E-03   3.58465E-01
 6.40000E+01   3.20000E+01  -4.82293E-03  -5.54445E-03   0.00000E+00   1.73360E-04   1.86051E-02   1.12748E+00
 6.40000E+01   3.20000E+01  -5.22388E-03   1.65157E-03   0.00000E+00   1.79247E-04   1.00854E-02   5.88339E-01
 6.40000E+01   3.20000E+01  -3.74205E-04   6.60446E-03   0.00000E+00   9.17669E-04   5.91994E-02   1.98648E+00
 6.40000E+01   3.20000E+01  -2.49617E-04   3.81001E-03   0.00000E+00   1.67140E-04   1.54106E-02   8.93438E-01
 6.40000E+01   3.20000E+01  -5.31987E-03   7.86243E-05   0.00000E+00   7.64788E-04   2.92670E-02   2.49555E+00
 6.40000E+01   3.20000E+01  -5.21949E-03   1.45641E-03   0.00000E+00   1.68845E-04   2.25315E-02   1.35624E+00
 6.40000E+01   3.20000E+01   2.46390E-05  -1.01360E-03   0.00000E+00   4.20320E-04   3.41473E-02   2.44946E+00
 6.40000E+01   3.20000E+01   2.11486E-03  -7.42757E-04   0.00000E+00   3.00119E-04   2.88033E-02   1.76970E+00
 6.40000E+01   3.20000E+01   5.35941E-03  -2.62947E-03   0.00000E+00   1.96365E-04   2.04669E-02   1.34113E+00
 6.40000E+01   3.20000E+01   4.92147E-03  -3.08203E-03   0.00000E+00   1.93549E-04   2.13443E-02   1.30161E+00
 6.40000E+01   3.20000E+01   7.69292E-03   7.78036E-03   0.00000E+00   2.12402E-04   3.51106E-02   2.32097E+00
 6.40000E+01   3.20000E+01   4.47178E-03  -6.52119E-03   0.00000E+00   1.77460E-04   9.19316E-03   5.37819E-01
 6.40000E+01   3.20000E+01  -2.20293E-03  -4.86979E-03   0.00000E+00   1.83123E-04   1.36871E-02   8.13840E-01
 6.40000E+01   3.20000E+01  -4.42750E-03  -5.31598E-04   0.00000E+00   5.32223E-04   3.57202E-02   2.75548E+00
 6.40000E+01   3.20000E+01   7.79840E-03   7.56170E-04   0.00000E+00   1.73735E-04   5.86589E-03   3.51513E-01
 6.40000E+01   3.20000E+01   1.46049E-04   1.60600E-03   0.00000E+00   1.72849E-04   4.56784E-03   2.57905E-01
 6.40000E+01   3.20000E+01  -1.02766E-04  -7.10241E-03   0.00000E+00   1.75172E-04   3.04558E-02   1.83448E+00
 6.40000E+01   3.20000E+01  -9.85637E-04  -5.58915E-04   0.00000E+00   3.00522E-04   3.03353E-02   1.71689E+00
 6.40000E+01   3.20000E+01   3.17794E-03  -6.34193E-03   0.00000E+00   1.71229E-04   5.21730E-02   2.73441E+00
 6.40000E+01   3.20000E+01  -4.34179E-03   2.74154E-03   0.00000E+00   1.86240E-04   1.55976E-02   9.27093E-01
 6.40000E+01   3.20000E+01  -2.91628E-03   4.42121E-03   0.00000E+00   1.65021E-04   9.30717E-04   6.31619E-02
 6.40000E+01   3.20000E+01  -1.18460E-03   4.20115E-03   0.00000E+00   2.31967E-04   3.28783E-02   2.05657E+00
 6.40000E+01   3.20000E+01   3.80074E-03   5.58002E-03   0.00000E+00   1.86245E-04   1.52767E-02   1.04300E+00
 6.40000E+01   3.20000E+01  -1.77081E-03   3.18470E-03   0.00000E+00   1.77784E-04   8.61847E-03   6.22280E-01
 6.40000E+01   3.20000E+01   3.80518E-03   2.44371E-03   0.00000E+00   1.78610E-04   6.61489E-03   3.58516E-01
 6.40000E+01   3.20000E+01  -4.83550E-03  -5.40112E-03   0.00000E+00   1.77602E-04   6.38984E-03   3.47343E-01
 6.40000E+01   3.20000E+01  -4.41866E-03  -1.99832E-03   0.00000E+00   1.84968E-04   6.37033E-03   3.50487E-01
 6.40000E+01   3.20000E+01   6.83687E-03  -3.40714E-03   0.00000E+00   1.77738E-04   6.45291E-03   3.56208E-01
 6.40000E+01   3.20000E+01  -5.41893E-04   5.07107E-03   0.00000E+00   4.74721E-04   3.71291E-02   1.59762E+00
 6.40000E+01   3.20000E+01  -1.24165E-03  -6.46319E-03   0.00000E+00   1.71650E-04   1.39958E-02   7.86090E-01
 6.40000E+01   3.20000E+01   2.02510E-03  -2.22405E-03   0.00000E+00   1.73417E-04   4.60156E-03   2.49913E-01
 6.40000E+01   3.20000E+01  -2.73734E-03  -6.30710E-03   0.00000E+00   1.87182E-04   1.65869E-02   1.00079E+00
 6.40000E+01   3.20000E+01  -7.34743E-03  -6.06016E-03   0.00000E+00   1.70948E-04   6.90540E-03   4.01833E-01
 6.40000E+01   3.20000E+01  -4.49315E-03   5.94023E-03   0.00000E+00   2.00180E-04   2.29324E-02   1.39191E+00
 6.40000E+01   3.20000E+01   1.94461E-03   4.65500E-03   0.00000E+00   1.73181E-04   5.53908E-03   3.11549E-01
 6.40000E+01   3.20000E+01  -2.30869E-03  -3.46421E-03   0.00000E+00   2.25281E-04   3.23631E-02   2.04377E+00
 6.40000E+01   3.20000E+01  -6.15466E-03   3.34315E-03   0.00000E+00   1.67992E-04   1.08151E-02   6.25876E-01
 6.40000E+01   3.20000E+01  -4.84653E-03  -6.11041E-03   0.00000E+00   1.67897E-04   1.35837E-02   8.06620E-01
 6.40000E+01   3.20000E+01   1.15706E-03  -3.82767E-03   0.00000E+00   2.01737E-04   3.78211E-02   2.31548E+00
 6.40000E+01   3.20000E+01   1.21485E-03   6.51036E-03   0.00000E+00   1.73203E-04   7.66676E-03   4.70053E-01
 6.40000E+01   3.20000E+01   4.38004E-03   5.98608E-03   0.00000E+00   2.04738E-04   2.46633E-02   1.56518E+00
 6.40000E+01   3.20000E+01  -2.06436E-03  -2.89310E-04   0.00000E+00   2.03457E-04   1.36624E-02   7.04896E-01
 6.40000E+01   3.20000E+01   6.98590E-03  -1.76706E-03   0.00000E+00   1.94045E-04   2.21252E-02   1.34693E+00
 1.28000E+02   6.40000E+01  -3.54040E-04   7.84840E-04   0.00000E+00   5.89052E-05   2.56144E-02   3.38347E+00
 1.28000E+02   6.40000E+01  -1.55214E-03   2.99318E-03   0.00000E+00   4.23145E-05   8.51139E-03   1.01043E+00
 1.28000E+02   6.40000E+01  -2.75644E-03   1.04929E-03   0.00000E+00   4.65718E-05   9.29796E-03   1.11480E+00
 1.28000E+02   6.40000E+01  -1.10903E-03  -2.55837E-03   0.00000E+00   6.17750E-05   2.47109E-02   3.03535E+00
 1.28000E+02   6.40000E+01   1.55315E-03  -2.68805E-03   0.00000E+00   4.29576E-05   2.29127E-03   2.49195E-01
 1.28000E+02   6.40000E+01   3.35106E-03  -2.04716E-04   0.00000E+00   9.08523E-05   1.63616E-02   1.54914E+00
 1.28000E+02   6.40000E+01   1.94943E-03   2.80217E-03   0.00000E+00   4.68270E-05   1.78455E-02   2.15618E+00
 1.28000E+02   6.40000E+01  -7.37762E-04   2.45173E-04   0.00000E+00   4.28549E-05   2.28157E-03   2.50255E-01
 1.28000E+02   6.40000E+01   1.36035E-04  -2.77099E-03   0.00000E+00   4.21233E-05   1.64436E-03   1.80765E-01
 1.28000E+02   6.40000E+01  -2.86457E-04  -3.38829E-03   0.00000E+00   6.83842E-05   3.20266E-02   3.57207E+00
 1.28000E+02   6.40000E+01   4.38133E-04   1.17325E-03   0.00000E+00   6.45440E-05   2.84260E-02   3.48686E+00
 1.28000E+02   6.40000E+01   2.34515E-03  -2.53477E-03   0.00000E+00   4.19125E-05   1.30334E-02   1.56364E+00
 1.28000E+02   6.40000E+01  -3.21852E-03   3.54426E-03   0.00000E+00   4.29002E-05   2.29177E-03   2.49210E-01
 1.28000E+02   6.40000E+01  -6.44792E-04  -3.74069E-03   0.00000E+00   5.33873E-05   2.26501E-02   2.77585E+00
 1.28000E+02   6.40000E+01  -1.77577E-03   1.93225E-03   0.00000E+00   4.17928E-05   1.70314E-03   1.87766E-01
 1.28000E+02   6.40000E+01   1.61670E-04  -2.84907E-03   0.00000E+00   4.93584E-05   2.00151E-02   2.44434E+00
 1.28000E+02   6.40000E+01   3.76976E-03  -1.70154E-03   0.00000E+00   4.20468E-05   8.58176E-03   1.01942E+00
 1.28000E+02   6.40000E+01   1.76966E-03  -3.73298E-03   0.00000E+00   4.58235E-05   1.38017E-02   1.65297E+00
 1.28000E+02   6.40000E+01  -1.44328E-03  -2.03480E-03   0.00000E+00   5.30827E-05   1.64527E-02   2.00475E+00
 1.28000E+02   6.40000E+01   1.85274E-03  -3.30249E-03   0.00000E+00   4.31296E-05   2.29133E-03   2.49196E-01
 1.28000E+02   6.40000E+01  -3.86218E-03   1.77279E-03   0.00000E+00   4.30722E-05   2.29138E-03   2.49195E-01
 1.28000E+02   6.40000E+01   3.09390E-03   3.69378E-04   0.00000E+00   5.09867E-05   1.48646E-02   1.80535E+00
 1.28000E+02   6.40000E+01   1.68619E-03   1.03839E-04   0.00000E+00   4.17137E-05   8.85183E-03   1.05031E+00
 1.28000E+02   6.40000E+01  -2.21148E-03   3.45875E-03   0.00000E+00   5.14863E-05   1.55480E-02   1.88078E+00
 1.28000E+02   6.40000E+01  -3.15013E-04  -3.01399E-03   0.00000E+00   4.37823E-05   8.59757E-03   1.00008E+00
 1.28000E+02   6.40000E+01   1.74144E-03   9.31560E-05   0.00000E+00   4.40125E-05   1.14919E-02   1.37021E+00
 1.28000E+02   6.40000E+01   2.65299E-03  -1.19213E-03   0.00000E+00   5.27157E-05   1.62181E-02   1.97674E+00
 1.28000E+02   6.40000E+01  -2.65726E-03   1.93485E-03   0.00000E+00   4.22906E-05   1.11400E-02   1.32820E+00
 1.28000E+02   6.40000E+01  -2.27626E-03  -8.55592E-04   0.00000E+00   4.48588E-05   6.91782E-03   8.22320E-01
 1.28000E+02   6.40000E+01  -2.90463E-03  -4.19594E-04   0.00000E+00   4.63263E-05   1.00289E-02   1.23479E+00
 1.28000E+02   6.40000E+01   1.96576E-03  -8.58042E-04   0.00000E+00   4.37119E-05   1.33700E-02   1.60996E+00
 1.28000E+02   6.40000E+01   1.96672E-03  -3.74163E-03   0.00000E+00   5.79582E-05   2.54732E-02   3.10399E+00
 1.28000E+02   6.40000E+01   3.05315E-03  -3.38856E-03   0.00000E+00   5.87469E-05   2.03353E-02   2.49741E+00
 1.28000E+02   6.40000E+01   3.75103E-03  -9.00687E-04   0.00000E+00   4.73638E-05   1.11290E-02   1.34112E+00
 1.28000E+02   6.40000E+01  -2.66570E-03  -3.02117E-03   0.00000E+00   4.17630E-05   7.65488E-03   9.12619E-01
 1.28000E+02   6.40000E+01   4.88487E-04  -1.16089E-03   0.00000E+00   4.26395E-05   5.62261E-03   6.71340E-01
 1.28000E+02   6.40000E+01   1.99302E-03  -9.99021E-04   0.00000E+00   4.27998E-05   1.90140E-03   2.11330E-01
 1.28000E+02   6.40000E+01   2.49965E-04  -2.89426E-03   0.00000E+00   4.16645E-05   3.58923E-03   4.19988E-01
 1.28000E+02   6.40000E+01  -3.41120E-03   2.64261E-03   0.00000E+00   4.24656E-05   1.07555E-02   1.28058E+00
 1.28000E+02   6.40000E+01   5.17127E-04  -2.46495E-03   0.00000E+00   4.82199E-05   1.22636E-02   1.48938E+00
 1.28000E+02   6.40000E+01  -3.28799E-03   2.37339E-03   0.00000E+00   4.28180E-05   2.29143E-03   2.49199E-01
 1.28000E+02   6.40000E+01  -1.25526E-03  -1.56289E-03   0.00000E+00   4.27777E-05   2.27292E-03   2.47335E-01
 1.28000E+02   6.40000E+01   3.23959E-03  -1.62858E-03   0.00000E+00   6.87416E-05   2.69165E-02   3.32768E+00
 1.28000E+02   6.40000E+01   3.16904E-03   2.13774E-03   0.00000E+00   5.50879E-05   1.88058E-02   2.33147E+00
 1.28000E+02   6.40000E+01   1.46607E-03  -1.71110E-03   0.00000E+00   4.21653E-05   1.72674E-03   1.90879E-01
 1.28000E+02   6.40000E+01  -1.62073E-03  -1.21849E-04   0.00000E+00   1.04348E-04   1.29416E-02   2.00218E+00
 1.28000E+02   6.40000E+01   3.52033E-03   1.35772E-03   0.00000E+00   4.29588E-05   2.31090E-03   2.51211E-01
 1.28000E+02   6.40000E+01   1.65161E-03   8.08213E-04   0.00000E+00   4.88128E-05   1.94097E-02   2.34437E+00
 1.28000E+02   6.40000E+01  -3.28868E-03  -3.81819E-03   0.00000E+00   5.46614E-05   2.31372E-02   2.84395E+00
 1.28000E+02   6.40000E+01  -3.46588E-04  -1.56649E-03   0.00000E+00   8.76053E-05   2.78776E-02   3.87702E+00
 1.28000E+02   6.40000E+01  -3.30492E-03  -2.78839E-03   0.00000E+00   4.29346E-05   2.27254E-03   2.47247E-01
 1.28000E+02   6.40000E+01  -1.99407E-03  -2.67471E-04   0.00000E+00   1.34839E-04   2.22388E-02   3.96951E+00
 1.28000E+02   6.40000E+01   2.12607E-03  -2.62485E-04   0.00000E+00   6.72630E-05   8.90283E-03   1.37014E+00
 1.28000E+02   6.40000E+01  -3.67591E-03   3.04575E-03   0.00000E+00   4.28557E-05   2.29152E-03   2.49202E-01
 1.28000E+02   6.40000E+01   1.09808E-03  -2.01535E-03   0.00000E+00   4.87480E-05   1.19337E-02   1.45061E+00
 1.28000E+02   6.40000E+01  -2.80180E-03  -3.76556E-03   0.00000E+00   5.72792E-05   2.45769E-02   3.02809E+00
 1.28000E+02   6.40000E+01   2.75533E-03   2.50501E-03   0.00000E+00   4.80230E-05   1.44329E-02   1.98288E+00
 1.28000E+02   6.40000E+01   1.25177E-03  -2.90058E-03   0.00000E+00   4.33152E-05   2.29202E-03   2.49240E-01
 1.28000E+02   6.40000E+01  -2.84116E-03  -3.12354E-03   0.00000E+00   4.44339E-05   6.87547E-03   8.19715E-01
 1.28000E+02   6.40000E+01  -3.56459E-03  -8.64394E-04   0.00000E+00   6.18139E-05   2.24563E-02   2.78546E+00
 1.28000E+02   6.40000E+01   8.14043E-04   1.09238E-03   0.00000E+00   4.30659E-05   3.05037E-03   3.59352E-01
 1.28000E+02   6.40000E+01   1.08875E-03  -3.71443E-03   0.00000E+00   4.38084E-05   4.95582E-03   5.78397E-01
 1.28000E+02   6.40000E+01   1.84933E-03   4.52129E-05   0.00000E+00   4.49702E-05   1.30470E-02   1.56052E+00
 1.28000E+02   6.40000E+01  -3.11753E-03  -3.42459E-03   0.00000E+00   4.14863E-05   1.32379E-02   1.59725E+00
 1.28000E+02   6.40000E+01  -1.88194E-03   7.01176E-04   0.00000E+00   4.63396E-05   9.66386E-03   1.15835E+00
 1.28000E+02   6.40000E+01   2.12560E-03  -1.30673E-03   0.00000E+00   4.30666E-05   2.29153E-03   2.49424E-01
 1.28000E+02   6.40000E+01  -1.11786E-03   3.74154E-04   0.00000E+00   4.17778E-05   6.40789E-03   7.60538E-01
 1.28000E+02   6.40000E+01   3.20595E-04   2.21302E-03   0.00000E+00   4.08105E-05   1.10425E-02   1.31996E+00
 1.28000E+02   6.40000E+01   8.08425E-04  -3.39072E-03   0.00000E+00   4.16581E-05   6.16352E-03   7.36996E-01
 1.28000E+02   6.40000E+01  -2.36026E-03   3.71326E-03   0.00000E+00   4.28630E-05   2.29200E-03   2.49223E-01
 1.28000E+02   6.40000E+01  -7.37301E-04   1.83284E-03   0.00000E+00   4.23013E-05   6.95898E-03   8.52763E-01
 1.28000E+02   6.40000E+01   2.38870E-03   7.33639E-04   0.00000E+00   4.27929E-05   2.31035E-03   2.51199E-01
 1.28000E+02   6.40000E+01  -3.42277E-03  -2.21328E-04   0.00000E+00   6.56185E-05   2.32658E-02   3.18720E+00
 1.28000E+02   6.40000E+01  -2.76119E-03   2.68369E-04   0.00000E+00   4.14790E-05   5.59854E-03   6.69886E-01
 1.28000E+02   6.40000E+01   1.01292E-04   1.06994E-06   0.00000E+00   4.26787E-05   2.15899E-03   2.43484E-01
 1.28000E+02   6.40000E+01   3.33940E-03   2.26262E-03   0.00000E+00   4.35723E-05   6.52716E-03   7.85525E-01
 1.28000E+02   6.40000E+01  -1.27118E-03  -3.24708E-03   0.00000E+00   4.61671E-05   9.58320E-03   1.14739E+00
 1.28000E+02   6.40000E+01   2.24690E-03   2.14109E-03   0.00000E+00   5.08887E-05   1.86747E-02   2.25964E+00
 1.28000E+02   6.40000E+01  -1.74200E-03   3.11876E-03   0.00000E+00   4.28876E-05   2.29183E-03   2.49280E-01
 1.28000E+02   6.40000E+01   2.06095E-03   2.12408E-03   0.00000E+00   4.55971E-05   1.80043E-02   2.29203E+00
 1.28000E+02   6.40000E+01  -2.26341E-03  -1.54790E-03   0.00000E+00   4.09628E-05   1.28811E-02   1.58977E+00
 1.28000E+02   6.40000E+01   2.15177E-03   6.22289E-04   0.00000E+00   6.13148E-05   2.73053E-02   3.33734E+00
 1.28000E+02   6.40000E+01  -6.07621E-04   2.00117E-03   0.00000E+00   4.22944E-05   1.62156E-03   1.76379E-01
 1.28000E+02   6.40000E+01   1.17685E-03  -3.76455E-03   0.00000E+00   5.31888E-05   2.56161E-02   3.13021E+00
 1.28000E+02   6.40000E+01   3.21514E-03   3.42090E-03   0.00000E+00   4.94420E-05   1.33565E-02   1.63318E+00
 1.28000E+02   6.40000E+01   3.32131E-04   2.50925E-03   0.00000E+00   7.34345E-05   3.20208E-02   3.94077E+00
 1.28000E+02   6.40000E+01   1.34488E-03   2.82819E-03   0.00000E+00   4.46069E-05   7.32956E-03   8.81628E-01
 1.28000E+02   6.40000E+01  -2.81927E-03   9.59678E-04   0.00000E+00   4.36552E-05   2.29342E-03   2.49309E-01
 1.28000E+02   6.40000E+01   2.04929E-03  -1.71294E-03   0.00000E+00   4.35818E-05   1.29948E-02   1.55887E+00
 1.28000E+02   6.40000E+01   1.71930E-03   3.35592E-03   0.00000E+00   4.29400E-05   2.31093E-03   2.51213E-01
 1.28000E+02   6.40000E+01   2.46337E-03   2.46162E-03   0.00000E+00   5.45434E-05   1.75090E-02   2.16087E+00
 1.28000E+02   6.40000E+01  -1.50822E-03  -2.14493E-03   0.00000E+00   6.12208E-05   2.28039E-02   2.79508E+00
 1.28000E+02   6.40000E+01  -3.66507E-03   2.10730E-03   0.00000E+00   5.44935E-05   1.84743E-02   2.25818E+00
 1.28000E+02   6.40000E+01   2.63020E-03  -5.56477E-04   0.00000E+00   5.27266E-05   1.65784E-02   2.03659E+00
 1.28000E+02   6.40000E+01   3.82638E-04  -2.48511E-03   0.00000E+00   4.31702E-05   2.03794E-03   2.28627E-01
 1.28000E+02   6.40000E+01  -2.66803E-03   1.03710E-03   0.00000E+00   5.08872E-05   2.09936E-02   2.58169E+00
 1.28000E+02   6.40000E+01   3.12134E-03   2.00298E-03   0.00000E+00   4.51775E-05   8.05313E-03   9.62733E-01
 1.28000E+02   6.40000E+01   3.78646E-03  -3.51863E-03   0.00000E+00   6.38065E-05   2.87506E-02   3.50407E+00
 1.28000E+02   6.40000E+01  -2.77908E-03  -8.41486E-04   0.00000E+00   7.08058E-05   2.58282E-02   3.22441E+00
 1.28000E+02   6.40000E+01   7.55202E-04   3.46110E-03   0.00000E+00   4.67474E-05   1.09258E-02   1.31934E+00
 1.28000E+02   6.40000E+01   3.76946E-03   3.47971E-03   0.00000E+00   4.30743E-05   2.31167E-03   2.51235E-01
 2.56000E+02   1.28000E+02  -1.02015E-03   7.82933E-04   0.00000E+00   1.55939E-05   1.31750E-02   3.31014E+00
 2.56000E+02   1.28000E+02   1.06594E-03  -1.25584E-04   0.00000E+00   1.04110E-05   5.72691E-04   1.24637E-01
 2.56000E+02   1.28000E+02   1.58569E-03  -8.43782E-05   0.00000E+00   1.82637E-05   1.55320E-02   3.85454E+00
 2.56000E+02   1.28000E+02  -6.12981E-04  -5.78976E-04   0.00000E+00   2.34796E-05   2.18239E-02   5.39811E+00
 2.56000E+02   1.28000E+02  -1.25496E-03   3.17781E-04   0.00000E+00   1.05260E-05   8.09518E-04   1.76173E-01
 2.56000E+02   1.28000E+02  -8.39565E-04   7.24146E-04   0.00000E+00   1.09673E-05   3.58448E-03   8.52086E-01
 2.56000E+02   1.28000E+02  -1.80222E-04   1.91251E-03   0.00000E+00   2.47217E-04   8.38234E-02   7.98753E+00
 2.56000E+02   1.28000E+02  -1.41255E-03  -2.47949E-04   0.00000E+00   1.07957E-05   5.97393E-03   1.43026E+00
 2.56000E+02   1.28000E+02   4.44986E-04  -1.87274E-03   0.00000E+00   1.05073E-05   8.09477E-04   1.76167E-01
 2.56000E+02   1.28000E+02   1.02557E-03  -1.12449E-03   0.00000E+00   1.05268E-05   8.09505E-04   1.76167E-01
 2.56000E+02   1.28000E+02  -1.00959E-03  -5.33397E-05   0.00000E+00   3.60392E-05   1.01763E-02   3.64667E+00
 2.56000E+02   1.28000E+02   6.24283E-04   5.41691E-04   0.00000E+00   1.09224E-05   7.38071E-03   1.76827E+00
 2.56000E+02   1.28000E+02  -1.88806E-03   8.24223E-05   0.00000E+00   4.96857E-05   1.83761E-02   4.97085E+00
 2.56000E+02   1.28000E+02  -1.43905E-03  -1.38695E-04   0.00000E+00   1.04168E-05   5.66577E-04   1.24866E-01
 2.56000E+02   1.28000E+02   1.24827E-03   8.16214E-04   0.00000E+00   1.25538E-05   8.21059E-03   1.99193E+00
 2.56000E+02   1.28000E+02  -1.76485E-04  -9.94588E-04   0.00000E+00   2.59096E-05   1.69839E-02   4.34566E+00
 2.56000E+02   1.28000E+02  -1.11323E-03  -4.90911E-04   0.00000E+00   1.04975E-05   1.13141E-03   2.63870E-01
 2.56000E+02   1.28000E+02  -2.84708E-04   1.73725E-03   0.00000E+00   1.32665E-05   9.46456E-03   2.29339E+00
 2.56000E+02   1.28000E+02   1.22208E-03   1.64444E-04   0.00000E+00   1.11530E-05   7.12633E-03   1.70452E+00
 2.56000E+02   1.28000E+02  -1.31722E-03   7.23831E-05   0.00000E+00   1.05290E-05   8.09472E-04   1.76167E-01
 2.56000E+02   1.28000E+02  -6.64832E-05   1.85439E-03   0.00000E+00   5.80731E-05   2.51651E-02   6.45107E+00
 2.56000E+02   1.28000E+02   1.37318E-03   7.08017E-04   0.00000E+00   1.05336E-05   1.56565E-03   3.72881E-01
 2.56000E+02   1.28000E+02   1.81923E-03  -4.54813E-04   0.00000E+00   1.05149E-05   8.09557E-04   1.76216E-01
 2.56000E+02   1.28000E+02  -1.55747E-03   7.47606E-04   0.00000E+00   1.14028E-05   8.04128E-03   1.92978E+00
 2.56000E+02   1.28000E+02  -1.87701E-04  -1.38178E-03   0.00000E+00   1.42383E-05   1.10521E-02   2.69985E+00
 2.56000E+02   1.28000E+02   3.21014E-04   1.44629E-03   0.00000E+00   1.77780E-05   1.71411E-02   4.21781E+00
 2.56000E+02   1.28000E+02  -1.34957E-03   6.99283E-04   0.00000E+00   1.05831E-05   8.11782E-04   1.76404E-01
 2.56000E+02   1.28000E+02   1.69863E-04  -9.00241E-04   0.00000E+00   1.05151E-05   8.09476E-04   1.76165E-01
 2.56000E+02   1.28000E+02  -5.17791E-04   1.89698E-03   0.00000E+00   1.35180E-05   9.89977E-03   2.41235E+00
 2.56000E+02   1.28000E+02   1.68832E-03   5.06169E-04   0.00000E+00   1.89451E-05   1.99815E-02   4.97218E+00
 2.56000E+02   1.28000E+02  -1.89566E-03  -9.17444E-04   0.00000E+00   1.16866E-05   8.13982E-03   1.94871E+00
 2.56000E+02   1.28000E+02  -1.32092E-03   1.62642E-03   0.00000E+00   2.01735E-05   1.80894E-02   4.50311E+00
 2.56000E+02   1.28000E+02   1.21106E-03  -1.17256E-03   0.00000E+00   1.22741E-05   7.43313E-03   1.78448E+00
 2.56000E+02   1.28000E+02  -7.95131E-04   3.86721E-04   0.00000E+00   1.04985E-05   8.09572E-04   1.76176E-01
 2.56000E+02   1.28000E+02  -9.01579E-04  -1.69549E-03   0.00000E+00   1.10696E-05   6.96109E-03   1.67471E+00
 2.56000E+02   1.28000E+02   1.80454E-03   9.23683E-04   0.00000E+00   1.14271E-05   8.13887E-03   1.95103E+00
 2.56000E+02   1.28000E+02  -1.41922E-03   6.03325E-04   0.00000E+00   1.05163E-05   8.09474E-04   1.76167E-01
 2.56000E+02   1.28000E+02   8.85891E-04   3.50569E-05   0.00000E+00   1.05327E-05   8.12757E-04   1.76864E-01
 2.56000E+02   1.28000E+02  -1.34509E-03   8.75853E-04   0.00000E+00   1.33073E-05   9.77111E-03   2.35870E+00
 2.56000E+02   1.28000E+02  -7.05660E-04  -1.57803E-03   0.00000E+00   1.04687E-05   8.06776E-04   1.82549E-01
 2.56000E+02   1.28000E+02  -8.96563E-04   4.56794E-04   0.00000E+00   1.05779E-05   8.09790E-04   1.76195E-01
 2.56000E+02   1.28000E+02  -9.42797E-04  -7.72138E-04   0.00000E+00   1.19807E-05   1.25122E-02   3.03259E+00
 2.56000E+02   1.28000E+02  -4.33369E-04   1.83247E-03   0.00000E+00   1.29797E-05   9.13051E-03   2.20750E+00
 2.56000E+02   1.28000E+02   1.31851E-03  -1.80642E-04   0.00000E+00   1.05009E-05   8.00469E-04   1.78619E-01
 2.56000E+02   1.28000E+02   9.37760E-04   7.55619E-04   0.00000E+00   1.05204E-05   8.12750E-04   1.76865E-01
 2.56000E+02   1.28000E+02  -1.76063E-03  -7.72847E-04   0.00000E+00   1.03521E-05   1.37934E-03   3.26823E-01
 2.56000E+02   1.28000E+02  -8.41177E-04   1.96302E-05   0.00000E+00   1.05340E-05   8.10066E-04   1.76227E-01
 2.56000E+02   1.28000E+02  -1.26101E-03   3.34463E-05   0.00000E+00   1.05189E-05   8.14658E-04   1.76276E-01
 2.56000E+02   1.28000E+02   4.14603E-04  -3.56440E-04   0.00000E+00   1.05201E-05   8.09469E-04   1.76215E-01
 2.56000E+02   1.28000E+02   1.15137E-04   1.62434E-03   0.00000E+00   1.04175E-05   6.12484E-04   1.37168E-01
 2.56000E+02   1.28000E+02   8.82188E-04  -1.13835E-03   0.00000E+00   1.41298E-05   2.15299E-02   4.72548E+00
 2.56000E+02   1.28000E+02  -7.69459E-04   3.42368E-04   0.00000E+00   1.53679E-05   1.34679E-02   3.28858E+00
 2.56000E+02   1.28000E+02   4.21620E-04  -5.68267E-04   0.00000E+00   1.03600E-05   2.08935E-03   4.95774E-01
 2.56000E+02   1.28000E+02  -1.09579E-03   8.77053E-04   0.00000E+00   1.05642E-05   3.96522E-03   9.46584E-01
 2.56000E+02   1.28000E+02   4.37637E-04   1.13991E-03   0.00000E+00   1.84757E-05   1.92025E-02   4.69756E+00
 2.56000E+02   1.28000E+02  -7.27166E-04   1.51291E-03   0.00000E+00   1.17342E-05   6.38804E-03   1.54292E+00
 2.56000E+02   1.28000E+02   1.43937E-03  -6.80532E-04   0.00000E+00   1.66171E-05   1.39323E-02   3.42502E+00
 2.56000E+02   1.28000E+02   1.64442E-03   7.37084E-04   0.00000E+00   1.89763E-05   1.74028E-02   4.29026E+00
 2.56000E+02   1.28000E+02   7.87298E-04   8.32901E-04   0.00000E+00   1.05083E-05   8.12766E-04   1.76865E-01
 2.56000E+02   1.28000E+02  -5.74855E-04  -2.29279E-04   0.00000E+00   2.21511E-05   1.96036E-02   4.85890E+00
 2.56000E+02   1.28000E+02   1.30371E-03   6.50230E-05   0.00000E+00   1.17590E-05   9.98722E-03   2.39437E+00
 2.56000E+02   1.28000E+02  -1.62734E-03   1.52286E-03   0.00000E+00   1.05025E-05   8.09627E-04   1.76182E-01
 2.56000E+02   1.28000E+02   6.71256E-04   4.06201E-04   0.00000E+00   1.11841E-05   4.55616E-03   1.09214E+00
 2.56000E+02   1.28000E+02  -1.72790E-03  -4.60083E-04   0.00000E+00   1.84423E-05   1.85775E-02   4.53634E+00
 2.56000E+02   1.28000E+02   1.88851E-03  -9.49845E-04   0.00000E+00   1.05038E-05   8.09563E-04   1.76170E-01
 2.56000E+02   1.28000E+02   5.75117E-04   1.78527E-03   0.00000E+00   1.05270E-05   8.12807E-04   1.76867E-01
 2.56000E+02   1.28000E+02   7.76148E-04  -1.92586E-03   0.00000E+00   1.05172E-05   8.09462E-04   1.76166E-01
 2.56000E+02   1.28000E+02  -1.70120E-03  -7.33677E-04   0.00000E+00   1.70086E-05   1.43566E-02   3.52727E+00
 2.56000E+02   1.28000E+02  -3.76832E-04  -1.62297E-03   0.00000E+00   1.05425E-05   8.06332E-04   1.75490E-01
 2.56000E+02   1.28000E+02  -1.60396E-03  -1.35837E-03   0.00000E+00   1.11361E-05   7.14899E-03   1.72195E+00
 2.56000E+02   1.28000E+02  -7.26728E-04  -1.78303E-03   0.00000E+00   1.05489E-05   4.51798E-03   1.08087E+00
 2.56000E+02   1.28000E+02  -4.71415E-04  -6.09234E-04   0.00000E+00   1.88180E-05   1.59667E-02   3.96651E+00
 2.56000E+02   1.28000E+02  -1.08902E-03  -3.41922E-04   0.00000E+00   2.64173E-04   8.13254E-02   6.85861E+00
 2.56000E+02   1.28000E+02   2.09301E-04  -8.47970E-04   0.00000E+00   1.82441E-05   1.70646E-02   4.22064E+00
 2.56000E+02   1.28000E+02  -6.97961E-04  -1.31839E-03   0.00000E+00   1.05169E-05   8.06281E-04   1.75479E-01
 2.56000E+02   1.28000E+02   2.63350E-04   1.30994E-03   0.00000E+00   1.07866E-05   5.98254E-03   1.43387E+00
 2.56000E+02   1.28000E+02  -7.47903E-04   6.23264E-04   0.00000E+00   1.04299E-05   6.22408E-04   1.38510E-01
 2.56000E+02   1.28000E+02  -1.72617E-03  -7.21798E-04   0.00000E+00   1.04977E-05   8.06278E-04   1.75479E-01
 2.56000E+02   1.28000E+02   5.26893E-04   8.82930E-04   0.00000E+00   1.05200E-05   8.12746E-04   1.76863E-01
 2.56000E+02   1.28000E+02  -1.76265E-03   1.39334E-03   0.00000E+00   1.05171E-05   8.09505E-04   1.76167E-01
 2.56000E+02   1.28000E+02   1.51152E-04   7.58280E-04   0.00000E+00   1.41469E-05   1.32260E-02   3.22157E+00
 2.56000E+02   1.28000E+02   1.04207E-03   7.12047E-04   0.00000E+00   1.05220E-05   8.12757E-04   1.76865E-01
 2.56000E+02   1.28000E+02  -2.81919E-04  -9.31262E-04   0.00000E+00   1.13525E-05   5.00178E-03   1.19670E+00
 2.56000E+02   1.28000E+02  -7.94750E-04  -5.11672E-04   0.00000E+00   1.04742E-05   8.54809E-04   1.94538E-01
 2.56000E+02   1.28000E+02   3.37335E-04  -7.70769E-04   0.00000E+00   1.62205E-05   1.67662E-02   4.09660E+00
 2.56000E+02   1.28000E+02   2.78745E-04   1.88173E-03   0.00000E+00   1.03973E-05   2.88663E-03   6.81295E-01
 2.56000E+02   1.28000E+02   1.84263E-03   1.47767E-03   0.00000E+00   1.04424E-05   5.75555E-04   1.25178E-01
 2.56000E+02   1.28000E+02   4.59069E-05   9.79186E-04   0.00000E+00   1.25427E-05   8.07485E-03   1.94920E+00
 2.56000E+02   1.28000E+02  -1.72833E-03  -1.17161E-03   0.00000E+00   1.05077E-05   8.06266E-04   1.75478E-01
 2.56000E+02   1.28000E+02   1.49804E-03   1.77719E-03   0.00000E+00   1.05229E-05   8.12849E-04   1.76870E-01
 2.56000E+02   1.28000E+02   6.04017E-04  -7.97098E-04   0.00000E+00   1.29294E-05   8.76925E-03   2.12457E+00
 2.56000E+02   1.28000E+02  -1.57027E-03  -1.02452E-03   0.00000E+00   1.05138E-05   8.06282E-04   1.75478E-01
 2.56000E+02   1.28000E+02  -2.98806E-04   7.08304E-05   0.00000E+00   1.13014E-05   5.44994E-03   1.31084E+00
 2.56000E+02   1.28000E+02  -1.11688E-03  -9.27600E-04   0.00000E+00   1.05631E-05   8.06471E-04   1.75506E-01
 2.56000E+02   1.28000E+02   1.80338E-03  -7.83702E-04   0.00000E+00   1.04983E-05   8.09593E-04   1.76176E-01
 2.56000E+02   1.28000E+02   1.65875E-03  -1.66216E-03   0.00000E+00   1.05622E-05   3.91203E-03   9.27960E-01
 2.56000E+02   1.28000E+02  -1.79000E-03   3.05590E-04   0.00000E+00   1.12256E-05   7.61603E-03   1.83063E+00
 2.56000E+02   1.28000E+02   1.13155E-03   1.50961E-03   0.00000E+00   1.08119E-05   5.92260E-03   1.41334E+00
 2.56000E+02   1.28000E+02  -4.42792E-04  -1.49950E-03   0.00000E+00   1.05941E-05   1.82889E-03   4.35163E-01
 2.56000E+02   1.28000E+02  -1.21799E-03   1.31660E-03   0.00000E+00   1.19999E-05   6.66195E-03   1.59574E+00
 2.56000E+02   1.28000E+02   3.36004E-04   1.93810E-03   0.00000E+00   2.00234E-05   1.91817E-02   4.72272E+00
