        Grid    Cell/Diam.        Center        Center        Center        Radius       Tangent     Curvature
        Size                           X             Y             Z         Error         Error         Error
 1.60000E+01   8.00000E+00  -1.84721E-02  -1.46400E-03  -1.20547E-02   1.42196E-02   4.99602E-02   9.13975E-01
 1.60000E+01   8.00000E+00  -3.01507E-02  -2.82303E-02  -1.15837E-02   1.01938E-02   6.21856E-02   3.81094E+00
 1.60000E+01   8.00000E+00  -1.02481E-02   9.22952E-03  -2.07120E-02   1.06691E-02   6.99577E-02   1.69528E+00
 1.60000E+01   8.00000E+00  -2.54002E-02  -1.48104E-02  -1.07211E-02   9.05232E-03   5.58885E-02   3.07756E+00
 1.60000E+01   8.00000E+00   3.00356E-02  -1.67341E-02   1.48035E-02   1.68098E-02   4.58167E-02   1.04134E+00
 1.60000E+01   8.00000E+00   3.28344E-03   1.28246E-02  -1.15546E-02   1.15114E-02   4.46703E-02   9.42580E-01
 1.60000E+01   8.00000E+00   1.08747E-02  -1.08134E-02  -1.37413E-03   1.07859E-02   5.97032E-02   8.98110E-01
 1.60000E+01   8.00000E+00   1.58598E-02  -2.41911E-02   7.77052E-03   1.29244E-02   3.79315E-02   7.42137E-01
 1.60000E+01   8.00000E+00   4.79956E-03   2.85981E-02   1.34062E-02   1.54736E-02   6.38986E-02   8.18571E-01
 1.60000E+01   8.00000E+00   2.70002E-02   1.51035E-02   1.47431E-02   1.68083E-02   4.06243E-02   7.83125E-01
 1.60000E+01   8.00000E+00   2.51385E-02   1.61942E-02   2.43513E-02   1.57530E-02   4.28018E-02   9.97581E-01
 1.60000E+01   8.00000E+00   2.05888E-02   2.48015E-02   2.13896E-02   1.70164E-02   4.77562E-02   9.99087E-01
 1.60000E+01   8.00000E+00   2.39271E-02  -2.80083E-03  -1.84945E-03   1.65361E-02   5.66080E-02   1.10126E+00
 1.60000E+01   8.00000E+00   2.14804E-02  -2.83777E-02   1.58470E-02   1.43785E-02   5.53460E-02   1.01741E+00
 1.60000E+01   8.00000E+00   2.23783E-02  -2.47225E-03  -5.38434E-03   1.40309E-02   4.60346E-02   1.22720E+00
 1.60000E+01   8.00000E+00  -7.72130E-03  -1.77989E-02   1.16190E-02   1.21243E-02   4.84569E-02   8.49662E-01
 1.60000E+01   8.00000E+00   2.15340E-02  -3.00361E-02  -1.11831E-02   1.19702E-02   5.85038E-02   8.05400E-01
 1.60000E+01   8.00000E+00  -4.26724E-03  -2.86295E-02  -1.30192E-02   1.01755E-02   4.82679E-02   9.09756E-01
 1.60000E+01   8.00000E+00  -3.11308E-02   2.57454E-02  -3.09488E-02   1.07019E-02   5.09492E-02   8.52743E-01
 1.60000E+01   8.00000E+00   2.31565E-02  -2.13281E-02  -1.39806E-02   1.03590E-02   4.27852E-02   8.55666E-01
 1.60000E+01   8.00000E+00   2.63121E-02   3.61820E-03  -1.95821E-03   1.52878E-02   5.88033E-02   1.85358E+00
 1.60000E+01   8.00000E+00   2.95359E-02  -5.02194E-03  -2.62752E-03   1.68748E-02   7.14531E-02   1.05213E+00
 1.60000E+01   8.00000E+00  -1.57222E-02  -3.01796E-02  -1.29085E-02   1.06253E-02   6.03687E-02   7.28455E+00
 1.60000E+01   8.00000E+00   2.27802E-02   9.79543E-03  -1.09397E-03   1.63119E-02   5.90477E-02   9.78239E-01
 1.60000E+01   8.00000E+00  -2.25186E-02  -1.42346E-02   1.05781E-02   1.34084E-02   3.90159E-02   1.32633E+00
 1.60000E+01   8.00000E+00  -2.44004E-02   3.07369E-02  -1.43512E-02   1.22122E-02   4.46107E-02   6.50251E-01
 1.60000E+01   8.00000E+00   1.02924E-02  -1.74891E-02   6.93142E-03   1.20301E-02   5.95317E-02   9.76083E-01
 1.60000E+01   8.00000E+00   2.52889E-02  -1.87200E-02   9.59480E-03   1.07862E-02   3.98149E-02   6.92579E-01
 1.60000E+01   8.00000E+00  -2.46997E-02   1.03595E-02  -1.06540E-02   1.25127E-02   5.42192E-02   9.05344E-01
 1.60000E+01   8.00000E+00   3.05712E-02   1.60551E-03  -9.09991E-03   1.34912E-02   4.50144E-02   7.11485E-01
 1.60000E+01   8.00000E+00   1.38342E-02   4.45959E-03  -1.93420E-02   1.25127E-02   7.37328E-02   8.21731E-01
 1.60000E+01   8.00000E+00   2.10778E-02  -6.77030E-04  -1.14845E-02   1.37764E-02   5.18205E-02   9.74538E-01
 1.60000E+01   8.00000E+00  -2.82367E-02  -3.01119E-02  -1.21877E-02   1.08731E-02   4.61244E-02   9.67968E-01
 1.60000E+01   8.00000E+00  -2.40809E-02   3.06644E-02   3.56800E-04   1.43573E-02   5.89082E-02   1.04794E+00
 1.60000E+01   8.00000E+00   7.05340E-03  -2.28807E-02   9.51982E-03   1.47629E-02   5.47111E-02   1.02638E+00
 1.60000E+01   8.00000E+00  -1.78656E-02   3.72315E-03   1.85548E-03   1.03763E-02   6.21798E-02   2.09266E+00
 1.60000E+01   8.00000E+00  -1.83935E-03   1.86674E-02  -1.36878E-02   1.24079E-02   5.45245E-02   7.05786E-01
 1.60000E+01   8.00000E+00  -1.65108E-02  -7.28911E-03   1.71660E-02   1.22654E-02   5.86757E-02   5.85404E-01
 1.60000E+01   8.00000E+00  -2.57470E-02  -1.28031E-02   6.80620E-03   1.14336E-02   4.82618E-02   8.21618E-01
 1.60000E+01   8.00000E+00  -1.10789E-02  -2.25946E-02   2.93654E-02   1.28397E-02   5.26622E-02   1.13783E+00
 1.60000E+01   8.00000E+00  -1.57660E-02  -2.92278E-02   7.32320E-03   1.11553E-02   5.28390E-02   7.11157E-01
 1.60000E+01   8.00000E+00   6.27192E-03   2.76928E-02   1.12952E-02   1.62143E-02   4.81583E-02   1.11813E+00
 1.60000E+01   8.00000E+00   1.89298E-02   2.14639E-02  -9.61801E-03   1.54225E-02   7.67307E-02   1.09714E+00
 1.60000E+01   8.00000E+00   2.82211E-02  -2.04573E-02   1.06514E-02   1.13784E-02   5.41810E-02   8.82571E-01
 1.60000E+01   8.00000E+00  -8.16278E-03   2.48336E-02   1.77062E-02   1.69412E-02   5.07737E-02   1.19879E+00
 1.60000E+01   8.00000E+00   1.33675E-02   1.60165E-02   2.44759E-02   1.72123E-02   4.65034E-02   1.07392E+00
 1.60000E+01   8.00000E+00  -3.09766E-02   2.45115E-02  -1.23977E-02   1.35178E-02   5.15932E-02   9.12504E-01
 1.60000E+01   8.00000E+00   1.77565E-02   1.25192E-02   7.88512E-03   1.30825E-02   7.84830E-02   1.20160E+00
 1.60000E+01   8.00000E+00   2.56265E-02  -8.28827E-04  -1.82071E-02   1.15932E-02   5.79465E-02   7.02763E-01
 1.60000E+01   8.00000E+00   6.62113E-03  -1.21674E-02   2.78886E-03   1.28805E-02   5.93412E-02   9.96150E-01
 1.60000E+01   8.00000E+00   1.47796E-02  -1.65035E-02   2.97469E-02   1.71961E-02   4.95419E-02   1.24566E+00
 1.60000E+01   8.00000E+00  -1.80796E-02  -2.81890E-02  -1.91044E-02   9.17214E-03   5.88244E-02   8.93951E-01
 1.60000E+01   8.00000E+00   2.63398E-02  -3.00484E-02  -1.27272E-03   1.44882E-02   6.43816E-02   1.00935E+00
 1.60000E+01   8.00000E+00   3.73014E-03   3.47527E-03  -5.87098E-03   1.39456E-02   4.23765E-02   8.45379E-01
 1.60000E+01   8.00000E+00   1.19045E-02  -2.59888E-02   1.70351E-02   1.49413E-02   4.57412E-02   9.26291E-01
 1.60000E+01   8.00000E+00  -2.67354E-02   5.91884E-03  -2.87060E-02   1.08838E-02   4.80047E-02   6.91414E-01
 1.60000E+01   8.00000E+00   2.38605E-03  -2.76298E-02   3.59493E-03   1.47675E-02   5.12294E-02   1.24696E+00
 1.60000E+01   8.00000E+00  -2.25372E-02  -2.79793E-02  -9.51759E-03   9.81545E-03   6.08493E-02   3.02295E+00
 1.60000E+01   8.00000E+00   3.48017E-03  -6.05524E-03  -1.30651E-02   1.08218E-02   5.83066E-02   1.25181E+00
 1.60000E+01   8.00000E+00  -1.68661E-02   1.09768E-02  -9.44693E-03   1.39146E-02   4.75732E-02   9.54139E-01
 1.60000E+01   8.00000E+00   2.46105E-03   7.72465E-03  -1.43923E-02   1.08261E-02   4.36382E-02   7.64881E-01
 1.60000E+01   8.00000E+00   4.42866E-03  -4.17889E-03   9.99422E-03   1.21411E-02   4.04509E-02   7.14078E-01
 1.60000E+01   8.00000E+00  -1.08126E-02  -1.44629E-02  -1.05930E-02   1.31735E-02   5.82742E-02   5.58435E+00
 1.60000E+01   8.00000E+00   2.17083E-02  -4.44613E-03   2.78919E-02   1.65670E-02   5.83429E-02   8.51060E-01
 1.60000E+01   8.00000E+00  -3.06893E-02   1.27064E-02  -3.07214E-02   1.12779E-02   5.87094E-02   1.81716E+00
 1.60000E+01   8.00000E+00   2.03726E-02  -1.41602E-02  -7.48134E-03   1.69952E-02   5.21067E-02   8.71478E-01
 1.60000E+01   8.00000E+00   8.25462E-03   2.90219E-03   1.53270E-02   1.42933E-02   4.57039E-02   7.08758E-01
 1.60000E+01   8.00000E+00  -2.98853E-02   2.25160E-02  -9.13976E-03   1.29928E-02   5.66001E-02   9.10046E-01
 1.60000E+01   8.00000E+00  -1.93518E-02   1.04387E-02   7.79775E-03   1.39581E-02   4.82229E-02   1.01237E+00
 1.60000E+01   8.00000E+00   3.09530E-02  -2.67670E-02  -6.18627E-03   1.42453E-02   3.68910E-02   9.39982E-01
 1.60000E+01   8.00000E+00  -2.16054E-02   7.29491E-03   5.46607E-03   1.43507E-02   3.91462E-02   9.18060E-01
 1.60000E+01   8.00000E+00   1.95748E-02   1.09746E-02   2.32616E-02   1.51422E-02   4.43877E-02   1.06060E+00
 1.60000E+01   8.00000E+00   4.98152E-03   2.71053E-03  -2.71138E-02   1.13269E-02   7.67377E-02   2.58721E+00
 1.60000E+01   8.00000E+00   7.55983E-03  -2.21612E-02  -2.38678E-03   1.34746E-02   5.24384E-02   1.27485E+00
 1.60000E+01   8.00000E+00   1.56489E-03  -5.00372E-03  -1.79124E-02   1.46864E-02   5.66225E-02   9.22532E-01
 1.60000E+01   8.00000E+00   5.38930E-03   3.08246E-02  -1.75502E-02   1.31684E-02   6.41179E-02   9.64059E-01
 1.60000E+01   8.00000E+00  -1.42003E-02   2.16114E-02  -1.69616E-02   1.24141E-02   5.24419E-02   8.45337E-01
 1.60000E+01   8.00000E+00   1.04519E-02   1.95031E-02  -2.51303E-02   1.19934E-02   7.03643E-02   6.46086E-01
 1.60000E+01   8.00000E+00  -2.78701E-02  -2.91142E-02   4.94673E-03   1.09533E-02   4.69242E-02   8.99096E-01
 1.60000E+01   8.00000E+00  -1.63173E-02  -5.41091E-03  -1.15127E-02   1.13290E-02   7.37812E-02   4.90133E+00
 1.60000E+01   8.00000E+00  -8.87887E-03  -1.83409E-02   3.98355E-03   1.28618E-02   4.88157E-02   6.65892E-01
 1.60000E+01   8.00000E+00   1.34310E-02   9.23614E-04  -8.14266E-03   1.44613E-02   6.42491E-02   7.07800E-01
 1.60000E+01   8.00000E+00   8.04965E-03  -2.94313E-02   2.84058E-02   1.40343E-02   4.98374E-02   1.35953E+00
 1.60000E+01   8.00000E+00   1.25652E-02   1.69457E-02   2.76693E-02   1.61043E-02   4.34445E-02   9.08013E-01
 1.60000E+01   8.00000E+00   2.12517E-02  -3.61751E-03  -1.28921E-02   1.28206E-02   5.25493E-02   6.76731E-01
 1.60000E+01   8.00000E+00   1.20263E-03   1.16055E-02   2.26413E-02   1.65027E-02   7.18083E-02   1.35299E+00
 1.60000E+01   8.00000E+00   2.71587E-02   2.10569E-02  -1.65118E-02   1.49055E-02   6.24513E-02   1.00222E+00
 1.60000E+01   8.00000E+00   2.26585E-02   1.87125E-02  -2.42422E-02   1.57424E-02   6.16304E-02   6.96059E-01
 1.60000E+01   8.00000E+00   9.37848E-03  -6.32605E-03  -1.86065E-02   1.26872E-02   5.89890E-02   9.98245E-01
 1.60000E+01   8.00000E+00  -2.05797E-02  -1.52690E-02  -1.68471E-02   9.25090E-03   5.24320E-02   1.37047E+00
 1.60000E+01   8.00000E+00  -2.60574E-02   1.66533E-02  -1.16572E-02   1.23762E-02   5.01394E-02   6.46747E-01
 1.60000E+01   8.00000E+00   2.12093E-02   2.34914E-02   2.37739E-02   1.70755E-02   5.52929E-02   1.00870E+00
 1.60000E+01   8.00000E+00   4.78952E-03   2.19985E-02  -1.31263E-02   1.44187E-02   7.65742E-02   9.29333E-01
 1.60000E+01   8.00000E+00   1.33009E-02   2.32221E-02  -2.81429E-02   1.44960E-02   6.99547E-02   9.34041E-01
 1.60000E+01   8.00000E+00   2.00210E-02  -1.46630E-02   1.90083E-02   1.44458E-02   4.01094E-02   1.00387E+00
 1.60000E+01   8.00000E+00   2.61388E-04   1.65158E-02   5.37569E-03   1.00291E-02   3.91484E-02   6.43283E-01
 1.60000E+01   8.00000E+00   1.71976E-02  -7.45870E-03  -1.85221E-02   1.24030E-02   6.57704E-02   8.92253E-01
 1.60000E+01   8.00000E+00  -1.47262E-02  -1.47507E-02   5.00627E-03   1.07619E-02   5.93518E-02   1.18493E+00
 1.60000E+01   8.00000E+00  -8.32449E-03   1.68441E-02   1.06615E-02   1.46505E-02   5.88742E-02   7.74808E-01
 1.60000E+01   8.00000E+00   1.39444E-02  -3.10693E-02   1.35262E-02   1.17207E-02   4.81312E-02   5.38858E-01
 1.60000E+01   8.00000E+00  -1.81301E-02   1.90580E-02   3.45064E-03   1.19640E-02   3.87750E-02   6.51929E-01
 3.20000E+01   1.60000E+01  -1.53849E-03   4.52792E-04   1.28617E-02   4.36936E-03   3.03711E-02   1.25300E+00
 3.20000E+01   1.60000E+01   2.09778E-03   1.13275E-02   3.53963E-03   4.00016E-03   2.93348E-02   1.11340E+00
 3.20000E+01   1.60000E+01   8.54232E-03  -1.33673E-02   6.97245E-03   3.11481E-03   2.53039E-02   9.59223E-01
 3.20000E+01   1.60000E+01  -1.09956E-02   3.67765E-03  -1.08521E-02   3.68625E-03   3.41428E-02   1.06405E+00
 3.20000E+01   1.60000E+01   9.52915E-03  -5.97436E-03   6.99862E-03   3.14854E-03   3.43839E-02   1.62550E+00
 3.20000E+01   1.60000E+01   2.67832E-03   1.49753E-02  -1.08911E-02   3.65482E-03   3.75996E-02   1.06487E+00
 3.20000E+01   1.60000E+01  -1.52985E-02   2.05245E-03  -1.29048E-02   3.43857E-03   4.77352E-02   1.28243E+00
 3.20000E+01   1.60000E+01   4.57833E-03   8.17260E-03   2.21132E-04   4.38951E-03   4.90158E-02   1.53065E+00
 3.20000E+01   1.60000E+01   1.03412E-03   8.09416E-04   4.93645E-03   3.77338E-03   4.03237E-02   1.58027E+00
 3.20000E+01   1.60000E+01   3.18486E-03  -5.40203E-03   1.32295E-02   3.49996E-03   3.23828E-02   1.30985E+00
 3.20000E+01   1.60000E+01  -1.31839E-02   4.84262E-03   2.96004E-03   3.11019E-03   3.06532E-02   7.96851E-01
 3.20000E+01   1.60000E+01   3.49112E-04   5.41553E-03  -1.21693E-02   2.92462E-03   3.80197E-02   8.26599E-01
 3.20000E+01   1.60000E+01  -7.93283E-04  -1.98845E-04  -3.20317E-03   3.28069E-03   3.67262E-02   8.03056E-01
 3.20000E+01   1.60000E+01  -1.40093E-02   1.44841E-02   5.09042E-04   3.50871E-03   3.50985E-02   3.26463E+00
 3.20000E+01   1.60000E+01  -9.59970E-03  -3.64825E-03  -3.06662E-04   3.58390E-03   3.59841E-02   1.56360E+00
 3.20000E+01   1.60000E+01   3.17464E-04  -9.79423E-03  -3.39218E-03   3.00398E-03   3.85651E-02   1.18118E+00
 3.20000E+01   1.60000E+01   3.37775E-03  -1.49947E-03  -2.92950E-04   3.30412E-03   1.93785E-02   1.28624E+00
 3.20000E+01   1.60000E+01   1.24728E-02   1.53878E-02   8.06810E-03   4.34492E-03   2.71045E-02   1.15244E+00
 3.20000E+01   1.60000E+01  -1.41156E-02  -3.36422E-03   2.59970E-03   2.99550E-03   3.72835E-02   1.52294E+00
 3.20000E+01   1.60000E+01  -1.12503E-03  -1.28348E-02  -2.24595E-03   3.44121E-03   2.86884E-02   1.10364E+00
 3.20000E+01   1.60000E+01   1.53517E-02  -3.50552E-03   3.40283E-03   3.88129E-03   3.66354E-02   4.86426E+00
 3.20000E+01   1.60000E+01   9.27561E-03   1.11267E-02  -2.39142E-03   3.91034E-03   4.00485E-02   1.76383E+00
 3.20000E+01   1.60000E+01   1.10215E-02   1.17644E-02   9.90375E-03   4.16998E-03   3.17494E-02   1.30553E+00
 3.20000E+01   1.60000E+01   1.05917E-02  -1.10521E-02   1.39619E-03   3.65068E-03   3.24974E-02   1.83597E+00
 3.20000E+01   1.60000E+01   9.69848E-03  -7.37697E-03  -6.54159E-03   3.51825E-03   3.82298E-02   1.28248E+00
 3.20000E+01   1.60000E+01   4.21919E-03   9.05907E-03   2.98197E-03   3.35185E-03   2.55978E-02   1.73586E+00
 3.20000E+01   1.60000E+01  -7.05576E-03   1.23422E-04   6.10366E-03   3.94834E-03   3.80823E-02   1.33094E+00
 3.20000E+01   1.60000E+01  -1.03488E-02   1.37761E-02   9.68122E-04   3.04592E-03   2.85590E-02   9.04038E-01
 3.20000E+01   1.60000E+01   6.92220E-03  -1.06554E-02   4.56784E-03   3.40673E-03   3.84687E-02   1.72075E+00
 3.20000E+01   1.60000E+01  -9.56271E-04  -1.41419E-02   1.14526E-02   3.89197E-03   3.22622E-02   1.15755E+00
 3.20000E+01   1.60000E+01   1.13555E-02  -1.04879E-02  -1.32365E-02   3.21580E-03   2.96922E-02   9.57221E-01
 3.20000E+01   1.60000E+01   5.62657E-03  -3.62565E-03  -1.14624E-02   3.24982E-03   3.19912E-02   1.22104E+00
 3.20000E+01   1.60000E+01  -6.80665E-03   1.96171E-04  -2.04146E-03   3.46008E-03   3.42128E-02   7.17543E-01
 3.20000E+01   1.60000E+01   5.48636E-03  -1.53409E-02   9.32483E-03   3.38905E-03   3.06784E-02   1.18884E+00
 3.20000E+01   1.60000E+01  -1.18785E-02   1.30299E-02  -1.19059E-02   3.68243E-03   3.94157E-02   2.73040E+00
 3.20000E+01   1.60000E+01   1.48917E-02  -4.86738E-03   1.05437E-02   4.18883E-03   4.11096E-02   1.56055E+00
 3.20000E+01   1.60000E+01  -1.03282E-03  -7.06369E-03  -5.95022E-03   3.09638E-03   2.59404E-02   1.76475E+00
 3.20000E+01   1.60000E+01   3.95010E-03   1.25611E-02   1.29304E-02   3.62588E-03   2.69902E-02   1.07532E+00
 3.20000E+01   1.60000E+01   8.21286E-03   1.00339E-02   1.06346E-02   4.51453E-03   3.35165E-02   1.39534E+00
 3.20000E+01   1.60000E+01   1.30300E-02   1.34906E-02   7.39144E-03   4.18443E-03   3.10113E-02   1.02453E+00
 3.20000E+01   1.60000E+01  -1.04752E-02   1.08500E-02  -2.83239E-03   3.38847E-03   2.95583E-02   1.23642E+00
 3.20000E+01   1.60000E+01   3.50382E-03   8.16925E-03  -2.97154E-03   3.70367E-03   3.84203E-02   2.53677E+00
 3.20000E+01   1.60000E+01  -1.99158E-03   3.68028E-03  -8.97996E-05   3.95654E-03   3.82617E-02   1.26286E+00
 3.20000E+01   1.60000E+01   8.49135E-03  -8.98912E-03   1.28882E-02   3.30803E-03   2.75053E-02   1.02890E+00
 3.20000E+01   1.60000E+01   2.06375E-03   9.40866E-03   8.56193E-03   4.29437E-03   3.12501E-02   1.15170E+00
 3.20000E+01   1.60000E+01   1.22063E-02  -9.28851E-03  -3.37402E-03   4.00688E-03   4.46092E-02   1.44188E+00
 3.20000E+01   1.60000E+01   1.51152E-02  -4.22265E-03   3.45287E-03   3.95835E-03   4.08983E-02   1.36674E+00
 3.20000E+01   1.60000E+01  -2.88741E-03   6.55739E-03  -4.03751E-03   3.15901E-03   2.03498E-02   1.09514E+00
 3.20000E+01   1.60000E+01  -1.25698E-02  -6.78394E-03   9.49576E-03   3.73352E-03   2.91430E-02   1.38323E+00
 3.20000E+01   1.60000E+01  -3.00725E-03  -4.65718E-04  -1.13829E-02   3.15857E-03   3.42489E-02   1.05499E+00
 3.20000E+01   1.60000E+01   7.05331E-04  -1.25126E-02  -1.71257E-04   3.41361E-03   3.59348E-02   1.94972E+00
 3.20000E+01   1.60000E+01  -3.56580E-04  -8.07087E-03  -1.36033E-02   3.44010E-03   4.11221E-02   1.03930E+00
 3.20000E+01   1.60000E+01  -8.18094E-03   2.59979E-03   5.85463E-03   4.24790E-03   3.82323E-02   1.41959E+00
 3.20000E+01   1.60000E+01  -9.66451E-03  -8.83898E-03  -1.46627E-02   3.08261E-03   4.26039E-02   1.16035E+00
 3.20000E+01   1.60000E+01  -1.25039E-02  -8.28015E-03   2.09559E-03   3.27816E-03   2.90292E-02   1.09482E+00
 3.20000E+01   1.60000E+01  -1.27254E-02   1.33176E-02  -9.42028E-03   3.44820E-03   3.26429E-02   9.42734E-01
 3.20000E+01   1.60000E+01   5.46808E-03  -8.33756E-03   4.69581E-03   3.19384E-03   3.27681E-02   1.17288E+00
 3.20000E+01   1.60000E+01  -1.84547E-03   1.47174E-02  -5.11485E-03   3.70597E-03   3.62529E-02   1.02023E+00
 3.20000E+01   1.60000E+01  -8.02445E-03  -3.65041E-03   2.00908E-04   3.36684E-03   3.33344E-02   1.21474E+00
 3.20000E+01   1.60000E+01   1.13658E-02  -9.94530E-03  -1.15411E-02   3.76021E-03   3.81818E-02   1.23452E+00
 3.20000E+01   1.60000E+01   9.42089E-03  -3.42882E-03  -3.42475E-04   4.38577E-03   3.56481E-02   1.37252E+00
 3.20000E+01   1.60000E+01  -6.79076E-03  -8.15105E-03   1.00414E-02   3.05530E-03   3.74288E-02   7.29087E-01
 3.20000E+01   1.60000E+01  -1.17077E-02  -9.31803E-03  -1.40835E-02   3.12820E-03   2.34895E-02   1.11902E+00
 3.20000E+01   1.60000E+01  -5.22787E-03  -3.24790E-03  -8.32115E-03   2.84448E-03   2.51027E-02   1.21769E+00
 3.20000E+01   1.60000E+01   1.47135E-02  -4.94814E-03  -4.16717E-03   3.26943E-03   3.14268E-02   1.58305E+00
 3.20000E+01   1.60000E+01   8.11350E-04  -1.28183E-03  -4.24135E-03   3.83074E-03   3.83923E-02   1.28600E+00
 3.20000E+01   1.60000E+01  -7.29971E-03   1.38100E-02   2.91514E-03   3.42381E-03   2.54924E-02   8.36871E-01
 3.20000E+01   1.60000E+01  -2.70507E-03   9.80395E-03   1.54855E-02   4.54989E-03   3.75759E-02   1.37720E+00
 3.20000E+01   1.60000E+01   1.01459E-02   1.23225E-02   9.65941E-03   4.16479E-03   3.04659E-02   1.27026E+00
 3.20000E+01   1.60000E+01   8.46923E-03  -1.26295E-02   1.44294E-02   3.74572E-03   3.25596E-02   1.14486E+00
 3.20000E+01   1.60000E+01   6.77593E-04   2.30515E-03   4.46600E-03   4.08714E-03   3.83776E-02   1.25246E+00
 3.20000E+01   1.60000E+01   2.53021E-03  -6.37458E-04  -5.02687E-03   3.36198E-03   3.26566E-02   1.34918E+00
 3.20000E+01   1.60000E+01   8.72716E-03   1.12102E-03   8.29477E-03   4.38583E-03   4.33154E-02   1.84886E+00
 3.20000E+01   1.60000E+01  -5.65928E-03   1.35117E-02  -5.15591E-03   3.66284E-03   3.24773E-02   1.14162E+00
 3.20000E+01   1.60000E+01  -4.74587E-03   1.51020E-02   1.36320E-02   4.57010E-03   4.21614E-02   1.23828E+00
 3.20000E+01   1.60000E+01  -1.51842E-02   5.97594E-03  -1.56097E-02   3.09351E-03   3.44308E-02   8.72154E-01
 3.20000E+01   1.60000E+01   1.37763E-02  -1.15018E-02  -1.06921E-02   3.78990E-03   4.10697E-02   1.38652E+00
 3.20000E+01   1.60000E+01   6.45957E-03   3.42030E-03  -1.08098E-02   3.41865E-03   3.60072E-02   1.05557E+00
 3.20000E+01   1.60000E+01   2.93054E-03   1.55085E-02   1.83797E-03   3.64190E-03   2.86751E-02   7.95617E-01
 3.20000E+01   1.60000E+01  -5.70841E-03  -7.73687E-03   1.06853E-02   3.22474E-03   3.19405E-02   8.95583E-01
 3.20000E+01   1.60000E+01  -1.50264E-02  -1.25616E-02  -1.41391E-02   3.23822E-03   4.56623E-02   1.95297E+00
 3.20000E+01   1.60000E+01   1.52488E-02   2.00453E-03  -8.46376E-03   3.95240E-03   3.05470E-02   1.03359E+00
 3.20000E+01   1.60000E+01  -6.08264E-03   1.86105E-03  -4.94620E-03   3.20736E-03   3.14689E-02   2.04035E+00
 3.20000E+01   1.60000E+01   1.44412E-02   4.13312E-03   3.13547E-03   4.41773E-03   4.06511E-02   1.36478E+00
 3.20000E+01   1.60000E+01  -1.28631E-02  -1.25106E-02   5.02593E-03   3.10733E-03   3.74824E-02   9.01422E-01
 3.20000E+01   1.60000E+01   5.24898E-03  -9.45174E-03  -7.51942E-03   3.47357E-03   1.92742E-02   1.03640E+00
 3.20000E+01   1.60000E+01   6.77688E-03   2.14669E-03  -1.71724E-03   3.27846E-03   2.81804E-02   4.27509E+00
 3.20000E+01   1.60000E+01   9.51800E-03   1.26037E-02   9.47987E-04   3.60846E-03   2.57716E-02   1.80189E+00
 3.20000E+01   1.60000E+01  -3.68196E-03   9.46938E-03   1.23868E-02   4.67967E-03   2.92033E-02   1.36067E+00
 3.20000E+01   1.60000E+01   1.47965E-02  -7.32264E-03   7.76407E-03   3.92503E-03   4.44406E-02   1.31203E+00
 3.20000E+01   1.60000E+01  -5.18334E-03  -1.96071E-03   4.31299E-03   3.43823E-03   3.65662E-02   1.13388E+00
 3.20000E+01   1.60000E+01  -8.15685E-03  -3.32984E-03   1.25834E-02   3.35485E-03   3.20608E-02   9.75243E-01
 3.20000E+01   1.60000E+01  -4.12948E-03   4.56292E-03   1.05901E-02   3.77665E-03   3.37693E-02   1.39274E+00
 3.20000E+01   1.60000E+01   1.34724E-02   1.23145E-02  -1.34203E-02   4.50478E-03   5.14785E-02   1.37879E+00
 3.20000E+01   1.60000E+01  -2.91315E-03  -1.47326E-03  -1.46885E-02   2.91192E-03   3.48006E-02   1.52460E+00
 3.20000E+01   1.60000E+01  -1.25653E-02  -1.15813E-02   2.56031E-03   3.11832E-03   3.35850E-02   2.50764E+00
 3.20000E+01   1.60000E+01  -1.64073E-03   9.14704E-03   3.60407E-03   3.61132E-03   2.97062E-02   1.01883E+00
 3.20000E+01   1.60000E+01  -1.93347E-04  -8.50413E-03  -7.68000E-03   2.91548E-03   4.08658E-02   1.63330E+00
 3.20000E+01   1.60000E+01  -3.28653E-03  -6.08304E-03   5.22977E-03   3.26322E-03   2.35661E-02   1.26580E+00
 3.20000E+01   1.60000E+01  -1.14768E-03   9.11858E-03   1.47745E-03   3.87548E-03   4.29902E-02   1.87144E+00
 3.20000E+01   1.60000E+01  -1.50765E-02   3.69982E-03   1.50009E-03   3.40036E-03   4.10115E-02   1.29092E+00
 6.40000E+01   3.20000E+01   9.31465E-04   4.07966E-03  -2.26018E-03   9.87338E-04   2.09595E-02   1.50382E+00
 6.40000E+01   3.20000E+01  -1.55495E-03  -4.55499E-04  -4.60161E-03   1.02983E-03   2.80416E-02   1.69261E+00
 6.40000E+01   3.20000E+01   2.36572E-03   1.67291E-04  -6.32808E-03   9.10762E-04   2.37398E-02   1.66647E+00
 6.40000E+01   3.20000E+01   6.49544E-03  -2.56723E-03   1.79926E-03   1.08821E-03   2.83610E-02   1.39349E+00
 6.40000E+01   3.20000E+01   9.23294E-04   6.79338E-03  -1.07215E-03   1.13400E-03   2.49727E-02   1.72005E+00
 6.40000E+01   3.20000E+01   5.55689E-03   4.46642E-03   7.55445E-03   1.08099E-03   2.09437E-02   1.48530E+00
 6.40000E+01   3.20000E+01  -4.00180E-03   1.41570E-03   2.78883E-03   9.57715E-04   1.72602E-02   2.46991E+00
 6.40000E+01   3.20000E+01  -1.44605E-03  -5.92286E-03  -4.22424E-04   9.75220E-04   1.97148E-02   1.86163E+00
 6.40000E+01   3.20000E+01   2.96950E-03   6.82689E-03   3.87995E-03   1.24517E-03   2.87791E-02   1.97998E+00
 6.40000E+01   3.20000E+01   4.92640E-03  -4.30467E-03  -2.84736E-03   9.26311E-04   1.79993E-02   1.73858E+00
 6.40000E+01   3.20000E+01  -4.12724E-03  -1.06466E-03  -2.77512E-03   1.05273E-03   2.25394E-02   1.74888E+00
 6.40000E+01   3.20000E+01  -7.45980E-03  -3.94031E-03  -3.77552E-03   8.56583E-04   2.29985E-02   1.38336E+00
 6.40000E+01   3.20000E+01   6.09623E-03  -4.88609E-04   3.16289E-03   1.10972E-03   2.74493E-02   2.45160E+00
 6.40000E+01   3.20000E+01  -5.05997E-03  -9.86052E-04   5.09361E-03   1.03361E-03   2.13913E-02   1.43320E+00
 6.40000E+01   3.20000E+01   1.14601E-03  -2.95095E-03   6.21405E-03   1.02014E-03   2.31195E-02   1.25426E+00
 6.40000E+01   3.20000E+01  -5.02806E-03  -1.01499E-03  -3.41315E-03   8.50151E-04   2.18093E-02   1.76583E+00
 6.40000E+01   3.20000E+01  -6.58400E-03  -4.57274E-03   6.18489E-03   9.28926E-04   2.50078E-02   1.67854E+00
 6.40000E+01   3.20000E+01  -1.36755E-03  -2.74916E-04   4.09663E-03   9.14962E-04   1.85364E-02   1.79414E+00
 6.40000E+01   3.20000E+01   6.18785E-03   1.64309E-03  -7.28272E-03   9.79923E-04   2.85015E-02   1.79566E+00
 6.40000E+01   3.20000E+01   2.69169E-03  -4.68631E-03  -5.21667E-03   8.82258E-04   1.66280E-02   1.53664E+00
 6.40000E+01   3.20000E+01   6.98928E-03   4.69885E-03   6.42274E-03   1.09643E-03   1.51920E-02   1.11602E+00
 6.40000E+01   3.20000E+01   2.25332E-03   1.69573E-03   2.00220E-03   1.07600E-03   1.37960E-02   1.69623E+00
 6.40000E+01   3.20000E+01  -6.55831E-03  -6.27231E-03   7.34383E-03   9.17531E-04   1.71785E-02   1.22238E+00
 6.40000E+01   3.20000E+01  -2.94081E-03  -1.01006E-03  -1.98604E-04   8.89086E-04   2.26340E-02   1.11511E+00
 6.40000E+01   3.20000E+01  -4.52604E-03  -5.15925E-04  -2.86415E-04   1.00391E-03   2.57251E-02   1.95823E+00
 6.40000E+01   3.20000E+01  -4.35756E-03   7.68589E-03  -4.03218E-04   1.07759E-03   3.01411E-02   1.74426E+00
 6.40000E+01   3.20000E+01   6.03503E-03   2.35669E-03  -2.30818E-03   8.45825E-04   2.44147E-02   2.49613E+00
 6.40000E+01   3.20000E+01  -9.81981E-04  -9.00613E-04  -5.28616E-03   9.80434E-04   1.94866E-02   1.52933E+00
 6.40000E+01   3.20000E+01  -2.99257E-03  -2.79913E-03   7.21823E-03   1.05271E-03   2.45302E-02   1.99048E+00
 6.40000E+01   3.20000E+01   2.45118E-03  -2.89043E-03   4.92387E-03   9.46631E-04   2.35997E-02   1.92742E+00
 6.40000E+01   3.20000E+01  -6.74417E-03  -5.44140E-03  -8.30579E-04   1.03529E-03   2.60198E-02   2.03869E+00
 6.40000E+01   3.20000E+01   1.55709E-03  -2.11762E-03  -6.46942E-03   1.04026E-03   1.86589E-02   1.17572E+00
 6.40000E+01   3.20000E+01   2.96418E-03   5.98111E-03   6.79392E-04   1.19479E-03   2.69062E-02   2.08281E+00
 6.40000E+01   3.20000E+01  -6.37649E-03  -5.31788E-03   2.94522E-03   8.87279E-04   2.21104E-02   1.81881E+00
 6.40000E+01   3.20000E+01   2.45949E-03  -3.27366E-03   7.77915E-03   9.78591E-04   1.97133E-02   1.92950E+00
 6.40000E+01   3.20000E+01  -3.81806E-03   4.15904E-03  -7.41701E-03   9.62100E-04   1.61466E-02   1.17610E+00
 6.40000E+01   3.20000E+01   9.29999E-04  -4.38212E-03   4.30658E-03   1.07100E-03   2.16292E-02   1.69288E+00
 6.40000E+01   3.20000E+01   6.21667E-03   1.12318E-03   6.54533E-03   1.04346E-03   2.03006E-02   1.39758E+00
 6.40000E+01   3.20000E+01  -4.46453E-03  -3.37897E-03  -5.36632E-04   9.33866E-04   1.86332E-02   1.97490E+00
 6.40000E+01   3.20000E+01   7.09450E-03   5.11795E-03   3.53041E-03   1.09493E-03   2.75221E-02   1.55903E+00
 6.40000E+01   3.20000E+01   2.83614E-03   6.11832E-03  -2.48964E-03   9.34028E-04   2.16768E-02   1.67355E+00
 6.40000E+01   3.20000E+01  -7.29567E-03   7.56360E-03   4.88263E-03   1.06584E-03   2.26915E-02   1.69569E+00
 6.40000E+01   3.20000E+01   5.04583E-03  -5.97503E-03  -5.07990E-03   9.03972E-04   2.60333E-02   1.69265E+00
 6.40000E+01   3.20000E+01   7.52260E-03   5.20121E-03  -7.16538E-03   1.12325E-03   2.69588E-02   1.47429E+00
 6.40000E+01   3.20000E+01   2.03864E-03  -2.98051E-04  -4.80447E-03   1.02615E-03   2.09479E-02   1.68660E+00
 6.40000E+01   3.20000E+01   6.39469E-03   5.07270E-04   4.03647E-03   1.14126E-03   2.91484E-02   1.84208E+00
 6.40000E+01   3.20000E+01  -3.00177E-03   7.47148E-03   4.52375E-03   1.02492E-03   2.12640E-02   2.05339E+00
 6.40000E+01   3.20000E+01   2.47782E-03   8.82460E-04  -8.86228E-04   1.17360E-03   2.45193E-02   2.01466E+00
 6.40000E+01   3.20000E+01   3.46431E-03   7.39033E-03   8.98174E-04   1.17936E-03   2.49306E-02   1.42739E+00
 6.40000E+01   3.20000E+01  -4.41847E-03   2.02527E-03   4.83526E-03   1.04576E-03   2.20596E-02   1.72974E+00
 6.40000E+01   3.20000E+01  -3.95847E-03   5.42727E-03  -1.61063E-03   9.87324E-04   2.60870E-02   1.91273E+00
 6.40000E+01   3.20000E+01  -2.56966E-03   6.17815E-03   1.87857E-03   1.10266E-03   2.65424E-02   1.51945E+00
 6.40000E+01   3.20000E+01  -2.52332E-03   3.87928E-03   4.38516E-03   1.21501E-03   2.49060E-02   1.69246E+00
 6.40000E+01   3.20000E+01   6.97342E-03  -1.64097E-03  -2.59359E-03   1.04356E-03   2.14428E-02   1.40401E+00
 6.40000E+01   3.20000E+01  -6.31516E-03   3.25042E-03  -4.97466E-03   9.47347E-04   2.70747E-02   1.79014E+00
 6.40000E+01   3.20000E+01   2.55122E-03   6.69498E-03   1.79761E-03   1.10719E-03   2.73979E-02   1.91923E+00
 6.40000E+01   3.20000E+01  -4.81984E-03  -7.30316E-03  -3.60715E-03   9.58851E-04   2.21281E-02   1.77492E+00
 6.40000E+01   3.20000E+01  -2.65993E-03   3.15934E-03  -7.67083E-03   9.45223E-04   2.16853E-02   1.77249E+00
 6.40000E+01   3.20000E+01   4.67986E-03   5.57408E-03   2.39815E-04   1.17461E-03   2.96206E-02   1.94807E+00
 6.40000E+01   3.20000E+01   5.56838E-03   2.25063E-03   4.52229E-03   1.12908E-03   1.82479E-02   1.27769E+00
 6.40000E+01   3.20000E+01   1.81893E-04   4.48491E-03  -6.93678E-03   9.23021E-04   2.06377E-02   1.45198E+00
 6.40000E+01   3.20000E+01  -4.09173E-03   6.00360E-03   5.73276E-03   1.10600E-03   2.79652E-02   1.75127E+00
 6.40000E+01   3.20000E+01  -7.59663E-03  -6.91203E-03   4.36491E-03   9.81606E-04   2.56565E-02   1.17121E+00
 6.40000E+01   3.20000E+01   4.92495E-03  -3.19059E-03   5.81027E-03   1.18223E-03   2.64262E-02   1.94641E+00
 6.40000E+01   3.20000E+01   4.65061E-03   6.46118E-04  -4.00737E-03   1.04808E-03   2.34428E-02   1.68696E+00
 6.40000E+01   3.20000E+01   3.61252E-03  -1.64444E-03  -5.93131E-03   8.83736E-04   1.96419E-02   1.59215E+00
 6.40000E+01   3.20000E+01   1.24021E-03  -7.71095E-03  -2.64746E-03   9.63717E-04   2.50828E-02   1.88514E+00
 6.40000E+01   3.20000E+01   4.31930E-04   6.59282E-03  -1.96599E-03   1.11093E-03   2.15637E-02   1.66319E+00
 6.40000E+01   3.20000E+01  -3.77829E-03   1.89181E-03  -6.59672E-03   9.93779E-04   2.66682E-02   1.80796E+00
 6.40000E+01   3.20000E+01  -6.25099E-03   4.87953E-03  -2.72137E-04   1.01889E-03   2.46534E-02   1.99986E+00
 6.40000E+01   3.20000E+01   1.44945E-04  -1.26341E-03   6.59190E-03   9.93627E-04   2.30912E-02   9.57591E-01
 6.40000E+01   3.20000E+01  -5.05057E-03  -5.91017E-03  -1.52274E-03   9.54077E-04   1.91294E-02   1.78535E+00
 6.40000E+01   3.20000E+01   7.15607E-03  -5.78865E-03   5.88470E-03   1.14863E-03   2.46644E-02   1.49936E+00
 6.40000E+01   3.20000E+01  -5.43567E-03  -7.69028E-04  -1.31801E-04   9.20508E-04   1.74712E-02   1.42626E+00
 6.40000E+01   3.20000E+01  -3.12835E-03  -1.09310E-03   2.58297E-04   9.05238E-04   1.91494E-02   1.38801E+00
 6.40000E+01   3.20000E+01  -1.00163E-03   1.90052E-03   4.99767E-04   1.04372E-03   2.41010E-02   1.48646E+00
 6.40000E+01   3.20000E+01  -7.15736E-03  -7.76959E-03   3.33592E-03   9.15808E-04   1.51680E-02   1.26867E+00
 6.40000E+01   3.20000E+01  -7.19618E-03  -9.70133E-05   5.72408E-03   1.06211E-03   2.23131E-02   1.67780E+00
 6.40000E+01   3.20000E+01  -6.71946E-03   3.08078E-03   4.16248E-03   1.05153E-03   1.88193E-02   2.10948E+00
 6.40000E+01   3.20000E+01  -5.58717E-03   5.29966E-03  -7.48709E-03   9.04013E-04   2.07331E-02   1.20838E+00
 6.40000E+01   3.20000E+01   4.81674E-03   3.77790E-03   7.17472E-03   1.04562E-03   2.05597E-02   1.61655E+00
 6.40000E+01   3.20000E+01   6.10373E-03  -1.99227E-03   3.81737E-03   1.08651E-03   2.26582E-02   1.76081E+00
 6.40000E+01   3.20000E+01  -6.63293E-03  -6.02226E-03  -7.72272E-03   8.70109E-04   2.56650E-02   1.39355E+00
 6.40000E+01   3.20000E+01  -5.51151E-03   4.77089E-05  -5.16009E-03   8.90021E-04   2.52558E-02   1.65779E+00
 6.40000E+01   3.20000E+01  -3.10640E-03  -4.19794E-03  -1.46243E-03   9.24050E-04   2.79897E-02   1.73397E+00
 6.40000E+01   3.20000E+01  -3.67433E-03   4.19415E-03  -5.67172E-03   9.76736E-04   2.91496E-02   1.85291E+00
 6.40000E+01   3.20000E+01   5.44315E-03  -5.64714E-03  -1.26737E-03   1.07745E-03   2.09581E-02   2.14618E+00
 6.40000E+01   3.20000E+01   1.81963E-03   3.28443E-03  -4.43067E-03   1.06178E-03   1.92081E-02   1.74774E+00
 6.40000E+01   3.20000E+01  -2.85965E-03   1.87685E-03   2.73072E-03   9.91076E-04   1.92691E-02   1.87250E+00
 6.40000E+01   3.20000E+01  -6.61247E-03  -1.93800E-03  -5.97757E-03   8.62022E-04   2.38319E-02   1.38197E+00
 6.40000E+01   3.20000E+01  -6.14959E-03  -6.44567E-03  -1.93774E-04   9.26190E-04   1.83322E-02   1.34024E+00
 6.40000E+01   3.20000E+01  -4.01742E-03  -1.49294E-03   3.86319E-04   9.72191E-04   1.81767E-02   1.62957E+00
 6.40000E+01   3.20000E+01   3.14239E-03  -2.39090E-03   6.00359E-04   9.27607E-04   1.36455E-02   1.57036E+00
 6.40000E+01   3.20000E+01   1.27758E-03   1.48889E-04   1.45266E-03   1.02307E-03   2.28905E-02   1.44893E+00
 6.40000E+01   3.20000E+01   4.89405E-03  -6.32405E-03  -3.00597E-03   8.40727E-04   1.90985E-02   1.80470E+00
 6.40000E+01   3.20000E+01   4.97168E-03   4.28070E-03  -6.54697E-03   1.02097E-03   2.49715E-02   1.63092E+00
 6.40000E+01   3.20000E+01   5.85358E-03   6.94811E-03   1.26756E-03   1.06114E-03   2.14270E-02   1.93227E+00
 6.40000E+01   3.20000E+01   7.33995E-03   2.77484E-03   3.79262E-03   1.16074E-03   2.21450E-02   1.47561E+00
 6.40000E+01   3.20000E+01   5.87294E-03  -3.64845E-03   4.04359E-03   1.14768E-03   2.23086E-02   1.83884E+00
 6.40000E+01   3.20000E+01  -4.40279E-04   8.32733E-05   3.55527E-03   1.08374E-03   2.52956E-02   1.72433E+00
 6.40000E+01   3.20000E+01   2.31898E-03  -4.64791E-03  -5.63293E-05   1.01042E-03   2.46863E-02   1.64484E+00
